wc / wrf: 0.935595
 t  x  y  z vpar vper vx vy vz re(e1)  im(e1)  re(e2)  im(e2)  re(e3)  im(e3)  re(b1)  im(b1)  re(b2)  im(b2)  re(b3)  im(b3)
-0.000000000000    1.300115704536    -0.000029250354    -0.000450908381    131308.375000000000    131308.406250000000    127182.914062500000    131308.375000000000    32655.960937500000    -0.406053245068    0.128202214837    0.000090480411    -0.000425120263    0.118176087737    0.035916391760    0.000000000000    0.000000000000    0.000000000000    0.000000000000    0.000000000000    0.000000000000
-0.000000001114    1.299970865250    -0.000175501933    -0.000464618934    131308.171875000000    131308.578125000000    131049.859375000000    131308.171875000000    -8239.416015625000    -0.410195708275    0.138749286532    0.000083969222    -0.000426756829    0.119954124093    0.036534365267    0.000000000000    0.000000000000    0.000000000000    0.000000000000    0.000000000000    0.000000000000
-0.000000002228    1.299828767776    -0.000321754138    -0.000432854693    131310.000000000000    131306.765625000000    122089.640625000000    131310.000000000000    -48327.976562500000    -0.414338201284    0.149296373129    0.000077458033    -0.000428393425    0.121732160449    0.037152338773    0.000000000000    0.000000000000    0.000000000000    0.000000000000    0.000000000000    0.000000000000
-0.000000003341    1.299703359604    -0.000468010752    -0.000358726043    131316.453125000000    131300.296875000000    101177.054687500000    131316.453125000000    -83683.820312500000    -0.418078780174    0.158820226789    0.000071578521    -0.000429871230    0.123337708414    0.037710361183    0.000000000000    0.000000000000    0.000000000000    0.000000000000    0.000000000000    0.000000000000
-0.000000004455    1.299607157707    -0.000614277960    -0.000249493401    131329.375000000000    131287.406250000000    70358.640625000000    131329.375000000000    -110842.453125000000    -0.420197784901    0.166557848454    0.000066669876    -0.000430347631    0.124601289630    0.038136418909    0.000000000000    0.000000000000    0.000000000000    0.000000000000    0.000000000000    0.000000000000
-0.000000005569    1.299549460411    -0.000760563591    -0.000115857794    131349.343750000000    131267.406250000000    32653.076171875000    131349.359375000000    -127141.312500000000    -0.421227365732    0.171599417925    0.000063421248    -0.000430381624    0.125409021974    0.038403604180    0.000000000000    0.000000000000    0.000000000000    0.000000000000    0.000000000000    0.000000000000
-0.000000006683    1.299535751343    -0.000906875124    0.000029086859    131375.578125000000    131241.156250000000    -8244.480468750000    131375.593750000000    -130981.953125000000    -0.421582311392    0.173337578773    0.000062301231    -0.000430393324    0.125687494874    0.038495719433    0.000000000000    0.000000000000    0.000000000000    0.000000000000    0.000000000000    0.000000000000
-0.000000007797    1.299567461014    -0.001053218381    0.000171137523    131405.781250000000    131210.921875000000    -48325.187500000000    131405.796875000000    -121987.632812500000    -0.421227365732    0.171599417925    0.000063421248    -0.000430381624    0.125409021974    0.038403604180    0.000000000000    0.000000000000    0.000000000000    0.000000000000    0.000000000000    0.000000000000
-0.000000008910    1.299641489983    -0.001199595863    0.000296375016    131436.343750000000    131180.312500000000    -83660.484375000000    131436.375000000000    -101040.570312500000    -0.420197784901    0.166557848454    0.000066669876    -0.000430347631    0.124601289630    0.038136418909    0.000000000000    0.000000000000    0.000000000000    0.000000000000    0.000000000000    0.000000000000
-0.000000010024    1.299750685692    -0.001346005476    0.000392528978    131462.828125000000    131153.781250000000    -110788.085937500000    131462.859375000000    -70194.812500000000    -0.418078780174    0.158820226789    0.000071578521    -0.000429871230    0.123337708414    0.037710361183    0.000000000000    0.000000000000    0.000000000000    0.000000000000    0.000000000000    0.000000000000
-0.000000011138    1.299884200096    -0.001492440118    0.000450180494    131480.484375000000    131136.093750000000    -127051.640625000000    131480.515625000000    -32473.853515625000    -0.414341628551    0.149305120111    0.000077452634    -0.000428394793    0.121733635664    0.037152852863    0.000000000000    0.000000000000    0.000000000000    0.000000000000    0.000000000000    0.000000000000
-0.000000012252    1.300029039383    -0.001638887450    0.000463683537    131484.953125000000    131131.625000000000    -130860.562500000000    131484.984375000000    8426.918945312500    -0.410202592611    0.138766780496    0.000083958425    -0.000426759565    0.119957074523    0.036535389721    0.000000000000    0.000000000000    0.000000000000    0.000000000000    0.000000000000    0.000000000000
-0.000000013366    1.300170898438    -0.001785330824    0.000431715831    131472.968750000000    131143.656250000000    -121844.593750000000    131473.000000000000    48503.093750000000    -0.406063556671    0.128228455782    0.000090464215    -0.000425124337    0.118180513382    0.035917930305    0.000000000000    0.000000000000    0.000000000000    0.000000000000    0.000000000000    0.000000000000
-0.000000014479    1.300295948982    -0.001931750798    0.000357405515    131442.906250000000    131173.765625000000    -100888.554687500000    131442.937500000000    83833.507812500000    -0.402333259583    0.118730828166    0.000096327523    -0.000423650577    0.116579391062    0.035361446440    0.000000000000    0.000000000000    0.000000000000    0.000000000000    0.000000000000    0.000000000000
-0.000000015593    1.300391912460    -0.002078127582    0.000248022348    131395.281250000000    131221.500000000000    -70044.320312500000    131395.312500000000    110963.390625000000    -0.399375826120    0.111200951040    0.000100976060    -0.000422482175    0.115309998393    0.034920256585    0.000000000000    0.000000000000    0.000000000000    0.000000000000    0.000000000000    0.000000000000
-0.000000016707    1.300449371338    -0.002224442549    0.000114264978    131332.843750000000    131283.984375000000    -32329.164062500000    131332.859375000000    127241.148437500000    -0.397483199835    0.106382176280    0.000103950908    -0.000421734469    0.114497646689    0.034637916833    0.000000000000    0.000000000000    0.000000000000    0.000000000000    0.000000000000    0.000000000000
-0.000000017821    1.300462722778    -0.002370682079    -0.000030786221    131260.562500000000    131356.218750000000    8569.360351562500    131260.578125000000    131076.421875000000    -0.396837443113    0.104738026857    0.000104965919    -0.000421479344    0.114220470190    0.034541580826    0.000000000000    0.000000000000    0.000000000000    0.000000000000    0.000000000000    0.000000000000
-0.000000018935    1.300430536270    -0.002516838489    -0.000172947504    131185.265625000000    131431.421875000000    48653.320312500000    131185.281250000000    122094.546875000000    -0.397503823042    0.106434650719    0.000103918515    -0.000421742589    0.114506490529    0.034640990198    0.000000000000    0.000000000000    0.000000000000    0.000000000000    0.000000000000    0.000000000000
-0.000000020048    1.300356149673    -0.002662912942    -0.000298317464    131114.937500000000    131501.593750000000    84004.195312500000    131114.937500000000    101172.968750000000    -0.399417042732    0.111305899918    0.000100911275    -0.000422498473    0.115327693522    0.034926407039    0.000000000000    0.000000000000    0.000000000000    0.000000000000    0.000000000000    0.000000000000
-0.000000021162    1.300246596336    -0.002808915684    -0.000394635194    131057.890625000000    131558.453125000000    111165.023437500000    131057.882812500000    70356.039062500000    -0.402395099401    0.118888251483    0.000096230346    -0.000423675025    0.116605930030    0.035370670259    0.000000000000    0.000000000000    0.000000000000    0.000000000000    0.000000000000    0.000000000000
-0.000000022276    1.300112605095    -0.002954866039    -0.000452479231    131021.843750000000    131594.343750000000    127478.046875000000    131021.835937500000    32656.226562500000    -0.406142562628    0.128429591656    0.000090340036    -0.000425155537    0.118214420974    0.035929717124    0.000000000000    0.000000000000    0.000000000000    0.000000000000    0.000000000000    0.000000000000
-0.000000023390    1.299967169762    -0.003100790782    -0.000466190075    131012.968750000000    131603.171875000000    131345.046875000000    131012.953125000000    -8239.148437500000    -0.410298764706    0.139011651278    0.000083807252    -0.000426797546    0.119998358190    0.036549739540    0.000000000000    0.000000000000    0.000000000000    0.000000000000    0.000000000000    0.000000000000
-0.000000024504    1.299824714661    -0.003246722510    -0.000434426125    131034.953125000000    131581.281250000000    122384.937500000000    131034.945312500000    -48327.734375000000    -0.414454996586    0.149593710899    0.000077274468    -0.000428439555    0.121782287955    0.037169761956    0.000000000000    0.000000000000    0.000000000000    0.000000000000    0.000000000000    0.000000000000
-0.000000025617    1.299699068069    -0.003392697079    -0.000360297738    131088.468750000000    131527.968750000000    101472.492187500000    131088.468750000000    -83683.625000000000    -0.418202459812    0.159135058522    0.000071384158    -0.000429920095    0.123390778899    0.037728805095    0.000000000000    0.000000000000    0.000000000000    0.000000000000    0.000000000000    0.000000000000
-0.000000026731    1.299602389336    -0.003538747318    -0.000251065241    131170.718750000000    131445.953125000000    70654.234375000000    131170.718750000000    -110842.335937500000    -0.420272141695    0.166921854019    0.000066435321    -0.000430350075    0.124659612775    0.038155708462    0.000000000000    0.000000000000    0.000000000000    0.000000000000    0.000000000000    0.000000000000
-0.000000027845    1.299544215202    -0.003684902564    -0.000117429750    131275.562500000000    131341.250000000000    32948.832031250000    131275.578125000000    -127141.273437500000    -0.421307265759    0.171990737319    0.000063169100    -0.000430384243    0.125471711159    0.038424342871    0.000000000000    0.000000000000    0.000000000000    0.000000000000    0.000000000000    0.000000000000
-0.000000028959    1.299530148506    -0.003831182839    0.000027514920    131393.843750000000    131222.937500000000    -7948.568359375000    131393.859375000000    -130981.984375000000    -0.421667784452    0.173756197095    0.000062031490    -0.000430396147    0.125754565001    0.038517907262    0.000000000000    0.000000000000    0.000000000000    0.000000000000    0.000000000000    0.000000000000
-0.000000030073    1.299561738968    -0.003977597225    0.000169565683    131514.218750000000    131102.281250000000    -48029.132812500000    131514.234375000000    -121987.742187500000    -0.421316564083    0.172036230564    0.000063139778    -0.000430384564    0.125478997827    0.038426753134    0.000000000000    0.000000000000    0.000000000000    0.000000000000    0.000000000000    0.000000000000
-0.000000031187    1.299635529518    -0.004124141298    0.000294803322    131624.296875000000    130991.765625000000    -83364.328125000000    131624.328125000000    -101040.742187500000    -0.420290708542    0.167012870312    0.000066376684    -0.000430350687    0.124674186110    0.038160532713    0.000000000000    0.000000000000    0.000000000000    0.000000000000    0.000000000000    0.000000000000
-0.000000032300    1.299744367599    -0.004270796664    0.000390957517    131711.828125000000    130903.757812500000    -110491.859375000000    131711.859375000000    -70195.023437500000    -0.418257415295    0.159274995327    0.000071297778    -0.000429941807    0.123414367437    0.037737004459    0.000000000000    0.000000000000    0.000000000000    0.000000000000    0.000000000000    0.000000000000
-0.000000033414    1.299877524376    -0.004417531658    0.000448609295    131766.046875000000    130849.164062500000    -126755.406250000000    131766.078125000000    -32474.089843750000    -0.414533972740    0.149794861674    0.000077150289    -0.000428470783    0.121816202998    0.037181545049    0.000000000000    0.000000000000    0.000000000000    0.000000000000    0.000000000000    0.000000000000
-0.000000034528    1.300021886826    -0.004564304370    0.000462112599    131779.078125000000    130836.039062500000    -130564.375000000000    131779.109375000000    8426.683593750000    -0.410405248404    0.139282763004    0.000083639883    -0.000426839630    0.120044060051    0.036565624177    0.000000000000    0.000000000000    0.000000000000    0.000000000000    0.000000000000    0.000000000000
-0.000000035642    1.300163388252    -0.004711066373    0.000430145126    131746.812500000000    130868.546875000000    -121548.523437500000    131746.843750000000    48502.886718750000    -0.406279951334    0.128779411316    0.000090124078    -0.000425209815    0.118273392320    0.035950213671    0.000000000000    0.000000000000    0.000000000000    0.000000000000    0.000000000000    0.000000000000
-0.000000036756    1.300288200378    -0.004857767373    0.000355834985    131669.593750000000    130946.226562500000    -100592.671875000000    131669.625000000000    83833.335937500000    -0.402556538582    0.119299292564    0.000095976589    -0.000423738791    0.116675227880    0.035394754261    0.000000000000    0.000000000000    0.000000000000    0.000000000000    0.000000000000    0.000000000000
-0.000000037869    1.300383806229    -0.005004359875    0.000246452022    131552.531250000000    131063.812500000000    -69748.671875000000    131552.562500000000    110963.257812500000    -0.399609386921    0.111795648932    0.000100608930    -0.000422574463    0.115410253406    0.034955102950    0.000000000000    0.000000000000    0.000000000000    0.000000000000    0.000000000000    0.000000000000
-0.000000038983    1.300440907478    -0.005150804296    0.000112694754    131405.234375000000    131211.500000000000    -32033.783203125000    131405.250000000000    127241.093750000000    -0.397723644972    0.106994360685    0.000103572980    -0.000421829463    0.114600852132    0.034673783928    0.000000000000    0.000000000000    0.000000000000    0.000000000000    0.000000000000    0.000000000000
-0.000000040097    1.300453901291    -0.005297072697    -0.000032356427    131240.937500000000    131375.828125000000    8864.477539062500    131240.953125000000    131076.453125000000    -0.397088199854    0.105376444757    0.000104571795    -0.000421578385    0.114328101277    0.034578990191    0.000000000000    0.000000000000    0.000000000000    0.000000000000    0.000000000000    0.000000000000
-0.000000041211    1.300421357155    -0.005443156231    -0.000174517787    131075.453125000000    131540.953125000000    48948.191406250000    131075.468750000000    122094.648437500000    -0.397768288851    0.107108056545    0.000103502796    -0.000421847100    0.114620015025    0.034680448472    0.000000000000    0.000000000000    0.000000000000    0.000000000000    0.000000000000    0.000000000000
-0.000000042325    1.300346493721    -0.005589063279    -0.000299887877    130925.585937500000    131690.140625000000    84298.859375000000    130925.578125000000    101173.132812500000    -0.399695277214    0.112014286220    0.000100473961    -0.000422608398    0.115447111428    0.034967910498    0.000000000000    0.000000000000    0.000000000000    0.000000000000    0.000000000000    0.000000000000
-0.000000043438    1.300236582756    -0.005734819453    -0.000396205782    130807.406250000000    131807.515625000000    111459.554687500000    130807.398437500000    70356.226562500000    -0.402680188417    0.119614124298    0.000095782227    -0.000423787656    0.116728298366    0.035413201898    0.000000000000    0.000000000000    0.000000000000    0.000000000000    0.000000000000    0.000000000000
-0.000000044552    1.300102233887    -0.005880468059    -0.000454050052    130734.648437500000    131879.687500000000    127772.523437500000    130734.640625000000    32656.425781250000    -0.406437963247    0.129181712866    0.000089875728    -0.000425272243    0.118341214955    0.035973783582    0.000000000000    0.000000000000    0.000000000000    0.000000000000    0.000000000000    0.000000000000
-0.000000045666    1.299956679344    -0.006026065443    -0.000467761100    130717.062500000000    131897.125000000000    131639.578125000000    130717.046875000000    -8238.961914062500    -0.410601049662    0.139781266451    0.000083332139    -0.000426916959    0.120128095150    0.036594830453    0.000000000000    0.000000000000    0.000000000000    0.000000000000    0.000000000000    0.000000000000
-0.000000046780    1.299813866615    -0.006171676796    -0.000435997325    130759.218750000000    131855.328125000000    122679.585937500000    130759.210937500000    -48327.578125000000    -0.414764136076    0.150380805135    0.000076788558    -0.000428561703    0.121914982796    0.037215877324    0.000000000000    0.000000000000    0.000000000000    0.000000000000    0.000000000000    0.000000000000
-0.000000047894    1.299687862396    -0.006317368243    -0.000361869083    130859.789062500000    131755.515625000000    101767.351562500000    130859.781250000000    -83683.507812500000    -0.418521881104    0.159948393703    0.000070882052    -0.000430046290    0.123527891934    0.037776462734    0.000000000000    0.000000000000    0.000000000000    0.000000000000    0.000000000000    0.000000000000
-0.000000049007    1.299590945244    -0.006463200785    -0.000252636732    131011.398437500000    131604.765625000000    70949.367187500000    131011.398437500000    -110842.265625000000    -0.420448690653    0.167786389589    0.000065878245    -0.000430355896    0.124798119068    0.038201525807    0.000000000000    0.000000000000    0.000000000000    0.000000000000    0.000000000000    0.000000000000
-0.000000050121    1.299532413483    -0.006609224714    -0.000119001292    131201.078125000000    131415.656250000000    33244.300781250000    131201.093750000000    -127141.242187500000    -0.421489387751    0.172882571816    0.000062594430    -0.000430390268    0.125614598393    0.038471605629    0.000000000000    0.000000000000    0.000000000000    0.000000000000    0.000000000000    0.000000000000
-0.000000051235    1.299518108368    -0.006755473092    0.000025943367    131411.375000000000    131205.375000000000    -7652.734375000000    131411.390625000000    -130982.007812500000    -0.421855509281    0.174675330520    0.000061439234    -0.000430402346    0.125901818275    0.038566619158    0.000000000000    0.000000000000    0.000000000000    0.000000000000    0.000000000000    0.000000000000
-0.000000052349    1.299549102783    -0.006901958026    0.000167994163    131621.953125000000    130994.117187500000    -47732.945312500000    131621.968750000000    -121987.804687500000    -0.421511679888    0.172991782427    0.000062524065    -0.000430390995    0.125632092357    0.038477394730    0.000000000000    0.000000000000    0.000000000000    0.000000000000    0.000000000000    0.000000000000
-0.000000053463    1.299622535706    -0.007048667409    0.000293231860    131811.515625000000    130803.343750000000    -83067.835937500000    131811.546875000000    -101040.820312500000    -0.420491427183    0.167995691299    0.000065743377    -0.000430357322    0.124831654131    0.038212619722    0.000000000000    0.000000000000    0.000000000000    0.000000000000    0.000000000000    0.000000000000
-0.000000054576    1.299731135368    -0.007195566781    0.000389386172    131960.078125000000    130653.453125000000    -110195.140625000000    131960.109375000000    -70195.117187500000    -0.418638676405    0.160245746374    0.000070698487    -0.000430092419    0.123578019440    0.037793882191    0.000000000000    0.000000000000    0.000000000000    0.000000000000    0.000000000000    0.000000000000
-0.000000055690    1.299864053726    -0.007342601195    0.000447038037    132050.906250000000    130561.656250000000    -126458.562500000000    132050.937500000000    -32474.193359375000    -0.414918690920    0.150774359703    0.000076545599    -0.000428622763    0.121981322765    0.037238936871    0.000000000000    0.000000000000    0.000000000000    0.000000000000    0.000000000000    0.000000000000
-0.000000056804    1.300008296967    -0.007489698939    0.000460541429    132072.515625000000    130539.796875000000    -130267.523437500000    132072.546875000000    8426.585937500000    -0.410796821117    0.140279754996    0.000083024395    -0.000426994317    0.120212137699    0.036624036729    0.000000000000    0.000000000000    0.000000000000    0.000000000000    0.000000000000    0.000000000000
-0.000000057918    1.300149559975    -0.007636778988    0.000428574072    132019.953125000000    130592.968750000000    -121251.796875000000    132019.984375000000    48502.796875000000    -0.406674951315    0.129785150290    0.000089503192    -0.000425365870    0.118442945182    0.036009140313    0.000000000000    0.000000000000    0.000000000000    0.000000000000    0.000000000000    0.000000000000
-0.000000059032    1.300274014473    -0.007783760782    0.000354264048    131895.593750000000    130718.570312500000    -100296.195312500000    131895.625000000000    83833.265625000000    -0.402961850166    0.120331257582    0.000095339507    -0.000423898920    0.116849198937    0.035455219448    0.000000000000    0.000000000000    0.000000000000    0.000000000000    0.000000000000    0.000000000000
-0.000000060145    1.300369381905    -0.007930567488    0.000244881143    131709.125000000000    130906.437500000000    -69452.554687500000    131709.156250000000    110963.226562500000    -0.400021582842    0.112845107913    0.000099961049    -0.000422737299    0.115587174892    0.035016592592    0.000000000000    0.000000000000    0.000000000000    0.000000000000    0.000000000000    0.000000000000
-0.000000061259    1.300426244736    -0.008077139035    0.000111123911    131476.953125000000    131139.609375000000    -31738.093750000000    131476.968750000000    127241.085937500000    -0.398146122694    0.108070060611    0.000102908904    -0.000421996374    0.114782191813    0.034736812115    0.000000000000    0.000000000000    0.000000000000    0.000000000000    0.000000000000    0.000000000000
-0.000000062373    1.300439000130    -0.008223437704    -0.000033927281    131220.625000000000    131396.093750000000    9159.685546875000    131220.640625000000    131076.453125000000    -0.397517561913    0.106469631195    0.000103896920    -0.000421748031    0.114512391388    0.034643039107    0.000000000000    0.000000000000    0.000000000000    0.000000000000    0.000000000000    0.000000000000
-0.000000063487    1.300406217575    -0.008369447663    -0.000176088666    130964.945312500000    131650.953125000000    49242.921875000000    130964.945312500000    122094.679687500000    -0.398201107979    0.108209989965    0.000102822523    -0.000422018085    0.114805780351    0.034745011479    0.000000000000    0.000000000000    0.000000000000    0.000000000000    0.000000000000    0.000000000000
-0.000000064601    1.300330996513    -0.008515185677    -0.000301458786    130735.515625000000    131878.781250000000    84593.164062500000    130735.507812500000    101173.203125000000    -0.400138378143    0.113142453134    0.000099777484    -0.000422783458    0.115637302399    0.035034012049    0.000000000000    0.000000000000    0.000000000000    0.000000000000    0.000000000000    0.000000000000
-0.000000065714    1.300220608711    -0.008660693653    -0.000397776836    130556.218750000000    132056.281250000000    111753.546875000000    130556.210937500000    70356.335937500000    -0.403137028217    0.120777279139    0.000095064162    -0.000423968129    0.116924390197    0.035481352359    0.000000000000    0.000000000000    0.000000000000    0.000000000000    0.000000000000    0.000000000000
-0.000000066828    1.300086021423    -0.008806039579    -0.000455621222    130446.757812500000    132164.421875000000    128066.351562500000    130446.750000000000    32656.554687500000    -0.406905114651    0.130371093750    0.000089141460    -0.000425456790    0.118541724980    0.036043472588    0.000000000000    0.000000000000    0.000000000000    0.000000000000    0.000000000000    0.000000000000
-0.000000067942    1.299939990044    -0.008951310068    -0.000469332444    130420.476562500000    132190.359375000000    131933.390625000000    130420.460937500000    -8238.817382812500    -0.411078482866    0.140996888280    0.000082581682    -0.000427105610    0.120333030820    0.036666058004    0.000000000000    0.000000000000    0.000000000000    0.000000000000    0.000000000000    0.000000000000
-0.000000069056    1.299796938896    -0.009096599184    -0.000437568873    130482.789062500000    132128.843750000000    122973.570312500000    130482.781250000000    -48327.437500000000    -0.415251880884    0.151622667909    0.000076021897    -0.000428754400    0.122124336660    0.037288639694    0.000000000000    0.000000000000    0.000000000000    0.000000000000    0.000000000000    0.000000000000
-0.000000070170    1.299670457840    -0.009242006578    -0.000363440777    130630.421875000000    131982.890625000000    102061.656250000000    130630.414062500000    -83683.390625000000    -0.419019937515    0.161216497421    0.000070099195    -0.000430243061    0.123741671443    0.037850759923    0.000000000000    0.000000000000    0.000000000000    0.000000000000    0.000000000000    0.000000000000
-0.000000071283    1.299573063850    -0.009387620725    -0.000254208571    130851.375000000000    131763.843750000000    71244.140625000000    130851.375000000000    -110842.187500000000    -0.420725584030    0.169142335653    0.000065004519    -0.000430365035    0.125015363097    0.038273386657    0.000000000000    0.000000000000    0.000000000000    0.000000000000    0.000000000000    0.000000000000
-0.000000072397    1.299514174461    -0.009533513337    -0.000120573197    131125.906250000000    131490.671875000000    33539.609375000000    131125.921875000000    -127141.234375000000    -0.421773731709    0.174274921417    0.000061697247    -0.000430399668    0.125837668777    0.038545396179    0.000000000000    0.000000000000    0.000000000000    0.000000000000    0.000000000000    0.000000000000
-0.000000073511    1.299499511719    -0.009679729119    0.000024371468    131428.250000000000    131188.468750000000    -7356.853515625000    131428.265625000000    -130982.031250000000    -0.422143548727    0.176085889339    0.000060530318    -0.000430411863    0.126127809286    0.038641370833    0.000000000000    0.000000000000    0.000000000000    0.000000000000    0.000000000000    0.000000000000
-0.000000074625    1.299530267715    -0.009826282971    0.000166422324    131729.046875000000    130886.453125000000    -47436.507812500000    131729.062500000000    -121987.875000000000    -0.421803474426    0.174420520663    0.000061603423    -0.000430400629    0.125860989094    0.038553114980    0.000000000000    0.000000000000    0.000000000000    0.000000000000    0.000000000000    0.000000000000
-0.000000075739    1.299603462219    -0.009973156266    0.000291660137    131998.125000000000    130615.054687500000    -82770.898437500000    131998.156250000000    -101040.929687500000    -0.420788764954    0.169451743364    0.000064805143    -0.000430367130    0.125064939260    0.038289785385    0.000000000000    0.000000000000    0.000000000000    0.000000000000    0.000000000000    0.000000000000
-0.000000076852    1.299711585045    -0.010120299645    0.000387814594    132207.750000000000    130402.882812500000    -109897.843750000000    132207.781250000000    -70195.257812500000    -0.419198572636    0.161671251059    0.000069818452    -0.000430313637    0.123818337917    0.037877406925    0.000000000000    0.000000000000    0.000000000000    0.000000000000    0.000000000000    0.000000000000
-0.000000077966    1.299844145775    -0.010267632082    0.000445466634    132335.187500000000    130273.570312500000    -126161.070312500000    132335.218750000000    -32474.341796875000    -0.415492326021    0.152234852314    0.000075643969    -0.000428849395    0.122227534652    0.037324510515    0.000000000000    0.000000000000    0.000000000000    0.000000000000    0.000000000000    0.000000000000
-0.000000079080    1.299987912178    -0.010415054858    0.000458970229    132365.343750000000    130242.898437500000    -129970.007812500000    132365.375000000000    8426.440429687500    -0.411380767822    0.141766488552    0.000082106570    -0.000427225023    0.120462767780    0.036711148918    0.000000000000    0.000000000000    0.000000000000    0.000000000000    0.000000000000    0.000000000000
-0.000000080194    1.300128698349    -0.010562451556    0.000427003048    132292.500000000000    130316.890625000000    -120954.453125000000    132292.531250000000    48502.667968750000    -0.407276064157    0.131315618753    0.000088558372    -0.000425603357    0.118700951338    0.036098811775    0.000000000000    0.000000000000    0.000000000000    0.000000000000    0.000000000000    0.000000000000
-0.000000081308    1.300252795219    -0.010709713213    0.000352693169    132120.984375000000    130490.781250000000    -99999.210937500000    132121.015625000000    83833.171875000000    -0.403573244810    0.121887959540    0.000094378491    -0.000424140482    0.117111623287    0.035546429455    0.000000000000    0.000000000000    0.000000000000    0.000000000000    0.000000000000    0.000000000000
-0.000000082421    1.300347805023    -0.010856733657    0.000243310380    131865.125000000000    130749.328125000000    -69156.078125000000    131865.156250000000    110963.164062500000    -0.400643289089    0.114428043365    0.000098983830    -0.000422982936    0.115854024887    0.035109337419    0.000000000000    0.000000000000    0.000000000000    0.000000000000    0.000000000000    0.000000000000
-0.000000083535    1.300404310226    -0.011003433727    0.000109553177    131548.078125000000    131068.304687500000    -31442.240234375000    131548.093750000000    127241.062500000000    -0.398774713278    0.109670490026    0.000101920887    -0.000422244688    0.115051992238    0.034830585122    0.000000000000    0.000000000000    0.000000000000    0.000000000000    0.000000000000    0.000000000000
-0.000000084649    1.300416588783    -0.011149760336    -0.000035497993    131199.687500000000    131417.015625000000    9454.874023437500    131199.703125000000    131076.468750000000    -0.398159861565    0.108105048537    0.000102887308    -0.000422001787    0.114788085222    0.034738861024    0.000000000000    0.000000000000    0.000000000000    0.000000000000    0.000000000000    0.000000000000
-0.000000085763    1.300383448601    -0.011295696720    -0.000177659385    130853.804687500000    131761.421875000000    49537.464843750000    130853.804687500000    122094.710937500000    -0.398857146502    0.109880380332    0.000101791316    -0.000422277284    0.115087375045    0.034842882305    0.000000000000    0.000000000000    0.000000000000    0.000000000000    0.000000000000    0.000000000000
-0.000000086877    1.300307869911    -0.011441264302    -0.000303029548    130544.820312500000    132067.562500000000    84887.140625000000    130544.812500000000    101173.218750000000    -0.400801301003    0.114830337465    0.000098735480    -0.000423045363    0.115921847522    0.035132911056    0.000000000000    0.000000000000    0.000000000000    0.000000000000    0.000000000000    0.000000000000
-0.000000087990    1.300197362900    -0.011586522684    -0.000399347598    130304.414062500000    132304.765625000000    112047.062500000000    130304.406250000000    70356.335937500000    -0.403806835413    0.122482657433    0.000094011353    -0.000424232770    0.117211878300    0.035581272095    0.000000000000    0.000000000000    0.000000000000    0.000000000000    0.000000000000    0.000000000000
-0.000000089104    1.300062417984    -0.011731565930    -0.000457191956    130158.242187500000    132448.562500000000    128359.570312500000    130158.234375000000    32656.541015625000    -0.407581776381    0.132093966007    0.000088077861    -0.000425724138    0.118832163513    0.036144416779    0.000000000000    0.000000000000    0.000000000000    0.000000000000    0.000000000000    0.000000000000
-0.000000090218    1.299916148186    -0.011876505800    -0.000470903149    130123.257812500000    132482.937500000000    132226.546875000000    130123.242187500000    -8238.850585937500    -0.411765456200    0.142745986581    0.000081501879    -0.000427377003    0.120627894998    0.036768540740    0.000000000000    0.000000000000    0.000000000000    0.000000000000    0.000000000000    0.000000000000
-0.000000091332    1.299772620201    -0.012021472678    -0.000439139520    130205.734375000000    132401.875000000000    123266.859375000000    130205.726562500000    -48327.480468750000    -0.415949165821    0.153398007154    0.000074925898    -0.000429029868    0.122423626482    0.037392660975    0.000000000000    0.000000000000    0.000000000000    0.000000000000    0.000000000000    0.000000000000
-0.000000092446    1.299646019936    -0.012166595086    -0.000365011394    130400.421875000000    132210.140625000000    102355.312500000000    130400.414062500000    -83683.437500000000    -0.419484168291    0.163063317537    0.000068921639    -0.000430324057    0.124041423202    0.037951219827    0.000000000000    0.000000000000    0.000000000000    0.000000000000    0.000000000000    0.000000000000
-0.000000093560    1.299548387527    -0.012311989442    -0.000255779101    130690.718750000000    131923.187500000000    71538.343750000000    130690.718750000000    -110842.218750000000    -0.421110272408    0.171026110649    0.000063790678    -0.000430377753    0.125317171216    0.038373220712    0.000000000000    0.000000000000    0.000000000000    0.000000000000    0.000000000000    0.000000000000
-0.000000094673    1.299489140511    -0.012457747944    -0.000122143698    131050.093750000000    131566.203125000000    33834.515625000000    131050.093750000000    -127141.234375000000    -0.422162145376    0.176176875830    0.000060471681    -0.000430412474    0.126142382622    0.038646195084    0.000000000000    0.000000000000    0.000000000000    0.000000000000    0.000000000000    0.000000000000
-0.000000095787    1.299474000931    -0.012603929266    0.000022800956    131444.453125000000    131172.203125000000    -7061.170898437500    131444.468750000000    -130982.007812500000    -0.422539383173    0.178024247289    0.000059281298    -0.000430424931    0.126438364387    0.038744099438    0.000000000000    0.000000000000    0.000000000000    0.000000000000    0.000000000000    0.000000000000
-0.000000096901    1.299504399300    -0.012750551105    0.000164851765    131835.437500000000    130779.250000000000    -47140.046875000000    131835.453125000000    -121987.820312500000    -0.422206729650    0.176395297050    0.000060330942    -0.000430413958    0.126177385449    0.038657769561    0.000000000000    0.000000000000    0.000000000000    0.000000000000    0.000000000000    0.000000000000
-0.000000098015    1.299577236176    -0.012897589244    0.000290089491    132184.046875000000    130426.890625000000    -82473.742187500000    132184.078125000000    -101040.851562500000    -0.421195745468    0.171444714069    0.000063520936    -0.000430380576    0.125384226441    0.038395404816    0.000000000000    0.000000000000    0.000000000000    0.000000000000    0.000000000000    0.000000000000
-0.000000099129    1.299685239792    -0.013044974767    0.000386243832    132454.687500000000    130152.023437500000    -109600.132812500000    132454.718750000000    -70195.140625000000    -0.419610530138    0.163682147861    0.000068522888    -0.000430328218    0.124140560627    0.037984017283    0.000000000000    0.000000000000    0.000000000000    0.000000000000    0.000000000000    0.000000000000
-0.000000100242    1.299817442894    -0.013192606159    0.000443895726    132618.718750000000    129984.875000000000    -125862.984375000000    132618.750000000000    -32474.197265625000    -0.416258305311    0.154185101390    0.000074439988    -0.000429152016    0.122556313872    0.037438780069    0.000000000000    0.000000000000    0.000000000000    0.000000000000    0.000000000000    0.000000000000
-0.000000101356    1.299961090088    -0.013340350240    0.000457399117    132657.453125000000    129945.328125000000    -129671.804687500000    132657.484375000000    8426.595703125000    -0.412153601646    0.143734231591    0.000080891790    -0.000427530351    0.120794489980    0.036826442927    0.000000000000    0.000000000000    0.000000000000    0.000000000000    0.000000000000    0.000000000000
-0.000000102470    1.300101757050    -0.013488065451    0.000425431732    132564.312500000000    130040.343750000000    -120656.390625000000    132564.343750000000    48502.808593750000    -0.408048927784    0.133283346891    0.000087343593    -0.000425908685    0.119032673538    0.036214105785    0.000000000000    0.000000000000    0.000000000000    0.000000000000    0.000000000000    0.000000000000
-0.000000103584    1.300225377083    -0.013635605574    0.000351121707    132345.625000000000    130262.890625000000    -99701.562500000000    132345.656250000000    83833.281250000000    -0.404359847307    0.123890683055    0.000093142116    -0.000424451253    0.117449246347    0.035663772374    0.000000000000    0.000000000000    0.000000000000    0.000000000000    0.000000000000    0.000000000000
-0.000000104698    1.300320029259    -0.013782839291    0.000241738773    132020.343750000000    130592.531250000000    -68859.046875000000    132020.375000000000    110963.242187500000    -0.401440203190    0.116457000375    0.000097731267    -0.000423297752    0.116196066141    0.035228218883    0.000000000000    0.000000000000    0.000000000000    0.000000000000    0.000000000000    0.000000000000
-0.000000105811    1.300376296043    -0.013929666020    0.000107981534    131618.453125000000    130997.585937500000    -31146.000000000000    131618.468750000000    127241.093750000000    -0.399581909180    0.111725687981    0.000100652120    -0.000422563608    0.115398459136    0.034951001406    0.000000000000    0.000000000000    0.000000000000    0.000000000000    0.000000000000    0.000000000000
-0.000000106925    1.300388336182    -0.014076018706    -0.000037069647    131178.062500000000    131438.578125000000    9750.222656250000    131178.078125000000    131076.453125000000    -0.398970514536    0.110168978572    0.000101613143    -0.000422322046    0.115136027336    0.034859791398    0.000000000000    0.000000000000    0.000000000000    0.000000000000    0.000000000000    0.000000000000
-0.000000108039    1.300354957581    -0.014221879654    -0.000179231007    130741.976562500000    131872.375000000000    49831.914062500000    130741.976562500000    122094.656250000000    -0.399674654007    0.111961811781    0.000100506353    -0.000422600249    0.115438267589    0.034964837134    0.000000000000    0.000000000000    0.000000000000    0.000000000000    0.000000000000    0.000000000000
-0.000000109153    1.300279140472    -0.014367276803    -0.000304601097    130353.460937500000    132256.437500000000    85180.773437500000    130353.453125000000    101173.148437500000    -0.401629120111    0.116938002408    0.000097434320    -0.000423372403    0.116277158260    0.035256400704    0.000000000000    0.000000000000    0.000000000000    0.000000000000    0.000000000000    0.000000000000
-0.000000110267    1.300168156624    -0.014512288384    -0.000400919031    130051.929687500000    132552.953125000000    112340.054687500000    130051.921875000000    70356.257812500000    -0.404644936323    0.124616555870    0.000092693997    -0.000424563885    0.117571614683    0.035706304014    0.000000000000    0.000000000000    0.000000000000    0.000000000000    0.000000000000    0.000000000000
-0.000000111380    1.300032854080    -0.014657026157    -0.000458763330    129869.046875000000    132732.125000000000    128652.171875000000    129869.039062500000    32656.457031250000    -0.408433616161    0.134262844920    0.000086738910    -0.000426060695    0.119197800756    0.036271497607    0.000000000000    0.000000000000    0.000000000000    0.000000000000    0.000000000000    0.000000000000
-0.000000112494    1.299886226654    -0.014801637270    -0.000472474436    129825.359375000000    132774.859375000000    132519.015625000000    129825.343750000000    -8238.933593750000    -0.412624180317    0.144932359457    0.000080152131    -0.000427716266    0.120996475220    0.036896642298    0.000000000000    0.000000000000    0.000000000000    0.000000000000    0.000000000000    0.000000000000
-0.000000113608    1.299742460251    -0.014946280979    -0.000440710719    129927.992187500000    132674.406250000000    123559.515625000000    129927.984375000000    -48327.550781250000    -0.416814744473    0.155601873994    0.000073565352    -0.000429371838    0.122795149684    0.037521790713    0.000000000000    0.000000000000    0.000000000000    0.000000000000    0.000000000000    0.000000000000
-0.000000114722    1.299615383148    -0.015091117471    -0.000366582506    130169.734375000000    132437.234375000000    102648.445312500000    130169.726562500000    -83683.484375000000    -0.419959902763    0.165392994881    0.000067420464    -0.000430339773    0.124414667487    0.038074687123    0.000000000000    0.000000000000    0.000000000000    0.000000000000    0.000000000000    0.000000000000
-0.000000115836    1.299517393112    -0.015236291103    -0.000257350155    130529.382812500000    132082.781250000000    71832.195312500000    130529.382812500000    -110842.242187500000    -0.421591609716    0.173383086920    0.000062271916    -0.000430393644    0.125694781542    0.038498133421    0.000000000000    0.000000000000    0.000000000000    0.000000000000    0.000000000000    0.000000000000
-0.000000116949    1.299457907677    -0.015381916426    -0.000123714723    130973.601562500000    131642.312500000000    34129.265625000000    130973.601562500000    -127141.242187500000    -0.422649025917    0.178561165929    0.000058935319    -0.000430428569    0.126524388790    0.038772553205    0.000000000000    0.000000000000    0.000000000000    0.000000000000    0.000000000000    0.000000000000
-0.000000118063    1.299442648888    -0.015528065152    0.000021229929    131459.968750000000    131156.609375000000    -6765.424804687500    131459.984375000000    -130982.007812500000    -0.423028141260    0.180417627096    0.000057739078    -0.000430441083    0.126821815968    0.038870938122    0.000000000000    0.000000000000    0.000000000000    0.000000000000    0.000000000000    0.000000000000
-0.000000119177    1.299472808838    -0.015674756840    0.000163280725    131941.109375000000    130672.570312500000    -46843.312500000000    131941.125000000000    -121987.804687500000    -0.422697365284    0.178797781467    0.000058782858    -0.000430430169    0.126562297344    0.038785092533    0.000000000000    0.000000000000    0.000000000000    0.000000000000    0.000000000000    0.000000000000
-0.000000120291    1.299545407295    -0.015821959823    0.000288518437    132369.203125000000    130238.867187500000    -82176.109375000000    132369.234375000000    -101040.820312500000    -0.421691954136    0.173874497414    0.000061955259    -0.000430396962    0.125773519278    0.038524176925    0.000000000000    0.000000000000    0.000000000000    0.000000000000    0.000000000000    0.000000000000
-0.000000121405    1.299652934074    -0.015969589353    0.000384672749    132700.890625000000    129900.898437500000    -109301.804687500000    132700.921875000000    -70195.132812500000    -0.420112311840    0.166139230132    0.000066939618    -0.000430344808    0.124534219503    0.038114234805    0.000000000000    0.000000000000    0.000000000000    0.000000000000    0.000000000000    0.000000000000
-0.000000122518    1.299784898758    -0.016117516905    0.000442324643    132901.531250000000    129695.625000000000    -125564.242187500000    132901.562500000000    -32474.191406250000    -0.417196035385    0.156572625041    0.000072966068    -0.000429522479    0.122958801687    0.037578668445    0.000000000000    0.000000000000    0.000000000000    0.000000000000    0.000000000000    0.000000000000
-0.000000123632    1.299927949905    -0.016265584156    0.000455828034    132948.859375000000    129647.125000000000    -129372.968750000000    132948.890625000000    8426.592773437500    -0.413105070591    0.146156728268    0.000079396268    -0.000427906256    0.121202878654    0.036968380213    0.000000000000    0.000000000000    0.000000000000    0.000000000000    0.000000000000    0.000000000000
-0.000000124746    1.300068140030    -0.016413612291    0.000423860649    132835.437500000000    129763.335937500000    -120357.789062500000    132835.468750000000    48502.808593750000    -0.409017562866    0.135749578476    0.000085821077    -0.000426291372    0.119448430836    0.036358606070    0.000000000000    0.000000000000    0.000000000000    0.000000000000    0.000000000000    0.000000000000
-0.000000125860    1.300191640854    -0.016561431810    0.000349550624    132569.609375000000    130034.906250000000    -99403.500000000000    132569.640625000000    83833.281250000000    -0.405331909657    0.126365661621    0.000091614202    -0.000424835278    0.117866478860    0.035808786750    0.000000000000    0.000000000000    0.000000000000    0.000000000000    0.000000000000    0.000000000000
-0.000000126974    1.300286054611    -0.016708880663    0.000240167719    132174.953125000000    130436.046875000000    -68561.812500000000    132174.984375000000    110963.234375000000    -0.402419149876    0.118949472904    0.000096192554    -0.000423684512    0.116616249084    0.035374257714    0.000000000000    0.000000000000    0.000000000000    0.000000000000    0.000000000000    0.000000000000
-0.000000128087    1.300341963768    -0.016855832189    0.000106410480    131688.203125000000    130927.476562500000    -30849.777343750000    131688.218750000000    127241.093750000000    -0.400567740202    0.114235639572    0.000099102610    -0.000422953075    0.115821592510    0.035098064691    0.000000000000    0.000000000000    0.000000000000    0.000000000000    0.000000000000    0.000000000000
-0.000000129201    1.300353646278    -0.017002213746    -0.000038640708    131155.796875000000    131460.812500000000    10045.345703125000    131155.812500000000    131076.468750000000    -0.399970054626    0.112713925540    0.000100042038    -0.000422716956    0.115565061569    0.035008903593    0.000000000000    0.000000000000    0.000000000000    0.000000000000    0.000000000000    0.000000000000
-0.000000130315    1.300319910049    -0.017147999257    -0.000180802104    130629.523437500000    131983.781250000000    50125.949218750000    130629.523437500000    122094.679687500000    -0.400684505701    0.114532992244    0.000098919045    -0.000422999205    0.115871720016    0.035115487874    0.000000000000    0.000000000000    0.000000000000    0.000000000000    0.000000000000    0.000000000000
-0.000000131429    1.300243735313    -0.017293225974    -0.000306172209    130161.453125000000    132445.390625000000    85473.843750000000    130161.445312500000    101173.179687500000    -0.402645826340    0.119526669383    0.000095836222    -0.000423774065    0.116713561118    0.035408075899    0.000000000000    0.000000000000    0.000000000000    0.000000000000    0.000000000000    0.000000000000
-0.000000132543    1.300132513046    -0.017437988892    -0.000402490201    129798.804687500000    132800.796875000000    112632.382812500000    129798.796875000000    70356.296875000000    -0.405671983957    0.127231463790    0.000091079703    -0.000424969621    0.118012443185    0.035859514028    0.000000000000    0.000000000000    0.000000000000    0.000000000000    0.000000000000    0.000000000000
-0.000000133656    1.299996972084    -0.017582423985    -0.000460334530    129579.218750000000    133015.078125000000    128944.054687500000    129579.210937500000    32656.517578125000    -0.409464091063    0.136886492372    0.000085119209    -0.000426467799    0.119640097022    0.036425221711    0.000000000000    0.000000000000    0.000000000000    0.000000000000    0.000000000000    0.000000000000
-0.000000134770    1.299849987030    -0.017726702616    -0.000474045693    129526.828125000000    133066.078125000000    132810.812500000000    129526.812500000000    -8238.856445312500    -0.413668394089    0.147590994835    0.000078510835    -0.000428128813    0.121444672346    0.037052419037    0.000000000000    0.000000000000    0.000000000000    0.000000000000    0.000000000000    0.000000000000
-0.000000135884    1.299705743790    -0.017871022224    -0.000442282064    129649.625000000000    132946.453125000000    123851.609375000000    129649.617187500000    -48327.472656250000    -0.417872697115    0.158295497298    0.000071902461    -0.000429789827    0.123249247670    0.037679612637    0.000000000000    0.000000000000    0.000000000000    0.000000000000    0.000000000000    0.000000000000
-0.000000136998    1.299578547478    -0.018015574664    -0.000368153967    129938.429687500000    132664.187500000000    102941.156250000000    129938.421875000000    -83683.414062500000    -0.420534163713    0.168204993010    0.000065608503    -0.000430358719    0.124865189195    0.038223713636    0.000000000000    0.000000000000    0.000000000000    0.000000000000    0.000000000000    0.000000000000
-0.000000138112    1.299480199814    -0.018160527572    -0.000258921762    130367.414062500000    132242.640625000000    72125.820312500000    130367.414062500000    -110842.179687500000    -0.422171413898    0.176222383976    0.000060442359    -0.000430412794    0.126149684191    0.038648605347    0.000000000000    0.000000000000    0.000000000000    0.000000000000    0.000000000000    0.000000000000
-0.000000139225    1.299420356750    -0.018306020647    -0.000125286388    130896.468750000000    131718.984375000000    34424.015625000000    130896.468750000000    -127141.195312500000    -0.423232585192    0.181418657303    0.000057094043    -0.000430447835    0.126982197165    0.038923989981    0.000000000000    0.000000000000    0.000000000000    0.000000000000    0.000000000000    0.000000000000
-0.000000140339    1.299404621124    -0.018452135846    0.000019658240    131474.875000000000    131141.671875000000    -6469.455078125000    131474.890625000000    -130982.000000000000    -0.423619121313    0.183311536908    0.000055874338    -0.000430460583    0.127285450697    0.039024308324    0.000000000000    0.000000000000    0.000000000000    0.000000000000    0.000000000000    0.000000000000
-0.000000141453    1.299434423447    -0.018598893657    0.000161709060    132046.203125000000    130566.375000000000    -46546.156250000000    132046.218750000000    -121987.843750000000    -0.423295766115    0.181728079915    0.000056894667    -0.000430449931    0.127031758428    0.038940388709    0.000000000000    0.000000000000    0.000000000000    0.000000000000    0.000000000000    0.000000000000
-0.000000142567    1.299506664276    -0.018746258691    0.000286946830    132553.812500000000    130050.984375000000    -81877.921875000000    132553.843750000000    -101040.898437500000    -0.422294080257    0.176823005080    0.000060055336    -0.000430416840    0.126245900989    0.038680437952    0.000000000000    0.000000000000    0.000000000000    0.000000000000    0.000000000000    0.000000000000
-0.000000143681    1.299613833427    -0.018894128501    0.000383101287    132946.546875000000    129649.492187500000    -109002.820312500000    132946.578125000000    -70195.250000000000    -0.420720010996    0.169115036726    0.000065022105    -0.000430364860    0.125010982156    0.038271941245    0.000000000000    0.000000000000    0.000000000000    0.000000000000    0.000000000000    0.000000000000
-0.000000144794    1.299745440483    -0.019042352214    0.000440753327    133183.796875000000    129405.789062500000    -125264.804687500000    133183.828125000000    -32474.345703125000    -0.418329536915    0.159458652139    0.000071184397    -0.000429970300    0.123445332050    0.037747766823    0.000000000000    0.000000000000    0.000000000000    0.000000000000    0.000000000000    0.000000000000
-0.000000145908    1.299888491631    -0.019190741703    0.000454256922    133239.703125000000    129348.234375000000    -129073.460937500000    133239.734375000000    8426.419921875000    -0.414242029190    0.149051502347    0.000077609206    -0.000428355415    0.121690884233    0.037137992680    0.000000000000    0.000000000000    0.000000000000    0.000000000000    0.000000000000    0.000000000000
-0.000000147022    1.300028562546    -0.019339086488    0.000422289741    133105.968750000000    129485.835937500000    -120058.625000000000    133106.000000000000    48502.625000000000    -0.410154491663    0.138644337654    0.000084034007    -0.000426740560    0.119936436415    0.036528218538    0.000000000000    0.000000000000    0.000000000000    0.000000000000    0.000000000000    0.000000000000
-0.000000148136    1.300151586533    -0.019487183541    0.000347979891    132792.984375000000    129806.789062500000    -99105.046875000000    132793.015625000000    83833.109375000000    -0.406482607126    0.129295408726    0.000089805537    -0.000425289880    0.118360377848    0.035980444402    0.000000000000    0.000000000000    0.000000000000    0.000000000000    0.000000000000    0.000000000000
-0.000000149250    1.300245523453    -0.019634841010    0.000238597131    132328.921875000000    130279.843750000000    -68264.382812500000    132328.953125000000    110963.101562500000    -0.403583556414    0.121914193034    0.000094362287    -0.000424144557    0.117116048932    0.035547964275    0.000000000000    0.000000000000    0.000000000000    0.000000000000    0.000000000000    0.000000000000
-0.000000150363    1.300301074982    -0.019781919196    0.000104840001    131757.312500000000    130857.929687500000    -30553.582031250000    131757.328125000000    127241.015625000000    -0.401745885611    0.117235347629    0.000097250755    -0.000423418533    0.116327285767    0.035273823887    0.000000000000    0.000000000000    0.000000000000    0.000000000000    0.000000000000    0.000000000000
-0.000000151477    1.300312399864    -0.019928323105    -0.000040211140    131132.859375000000    131483.656250000000    10340.212890625000    131132.875000000000    131076.453125000000    -0.401155084372    0.115731120110    0.000098179386    -0.000423185120    0.116073697805    0.035185687244    0.000000000000    0.000000000000    0.000000000000    0.000000000000    0.000000000000    0.000000000000
-0.000000152591    1.300278425217    -0.020074032247    -0.000182372547    130516.398437500000    132095.625000000000    50419.527343750000    130516.398437500000    122094.750000000000    -0.401876419783    0.117567680776    0.000097045595    -0.000423470105    0.116383306682    0.035293295979    0.000000000000    0.000000000000    0.000000000000    0.000000000000    0.000000000000    0.000000000000
-0.000000153705    1.300202012062    -0.020219087601    -0.000307742797    129968.789062500000    132634.437500000000    85766.304687500000    129968.781250000000    101173.335937500000    -0.403848052025    0.122587598860    0.000093946568    -0.000424249039    0.117229573429    0.035587422550    0.000000000000    0.000000000000    0.000000000000    0.000000000000    0.000000000000    0.000000000000
-0.000000154819    1.300090432167    -0.020363597199    -0.000404060993    129545.031250000000    133048.359375000000    112924.015625000000    129545.023437500000    70356.531250000000    -0.406881064177    0.130309879780    0.000089179252    -0.000425447302    0.118531405926    0.036039885134    0.000000000000    0.000000000000    0.000000000000    0.000000000000    0.000000000000    0.000000000000
-0.000000155933    1.299954533577    -0.020507724956    -0.000461905584    129288.734375000000    133297.437500000000    129235.242187500000    129288.726562500000    32656.800781250000    -0.410686910152    0.139999896288    0.000083197163    -0.000426950894    0.120164953172    0.036607641727    0.000000000000    0.000000000000    0.000000000000    0.000000000000    0.000000000000    0.000000000000
-0.000000157046    1.299807310104    -0.020651670173    -0.000475617097    129227.648437500000    133356.671875000000    133101.984375000000    129227.632812500000    -8238.549804687500    -0.414894640446    0.150713145733    0.000076583390    -0.000428613275    0.121971003711    0.037235349417    0.000000000000    0.000000000000    0.000000000000    0.000000000000    0.000000000000    0.000000000000
-0.000000158160    1.299662947655    -0.020795661956    -0.000443853816    129370.601562500000    133218.000000000000    124143.171875000000    129370.593750000000    -48327.171875000000    -0.419102400541    0.161426380277    0.000069969625    -0.000430275628    0.123777054250    0.037863060832    0.000000000000    0.000000000000    0.000000000000    0.000000000000    0.000000000000    0.000000000000
-0.000000159274    1.299535274506    -0.020939925686    -0.000369726011    129706.453125000000    132891.015625000000    103233.523437500000    129706.445312500000    -83683.156250000000    -0.421206921339    0.171499311924    0.000063485750    -0.000430380955    0.125392973423    0.038398299366    0.000000000000    0.000000000000    0.000000000000    0.000000000000    0.000000000000    0.000000000000
-0.000000160388    1.299436688423    -0.021084656939    -0.000260493980    130204.773437500000    132402.796875000000    72419.312500000000    130204.773437500000    -110842.007812500000    -0.422847896814    0.179534912109    0.000058307876    -0.000430435117    0.126680389047    0.038824159652    0.000000000000    0.000000000000    0.000000000000    0.000000000000    0.000000000000    0.000000000000
-0.000000161502    1.299376606941    -0.021230014041    -0.000126858766    130818.671875000000    131796.296875000000    34718.851562500000    130818.671875000000    -127141.132812500000    -0.423914611340    0.184758484364    0.000054941967    -0.000430470362    0.127517282963    0.039100989699    0.000000000000    0.000000000000    0.000000000000    0.000000000000    0.000000000000    0.000000000000
-0.000000162615    1.299360632896    -0.021376091987    0.000018085857    131489.078125000000    131127.437500000000    -6173.191406250000    131489.093750000000    -130982.054687500000    -0.424304872751    0.186669558287    0.000053710541    -0.000430483226    0.127823457122    0.039202269167    0.000000000000    0.000000000000    0.000000000000    0.000000000000    0.000000000000    0.000000000000
-0.000000163729    1.299390077591    -0.021522914991    0.000160136813    132150.593750000000    130460.734375000000    -46248.519531250000    132150.609375000000    -121988.023437500000    -0.423985242844    0.185104295611    0.000054719141    -0.000430472690    0.127572685480    0.039119318128    0.000000000000    0.000000000000    0.000000000000    0.000000000000    0.000000000000    0.000000000000
-0.000000164843    1.299461841583    -0.021670442075    0.000285374903    132737.718750000000    129863.312500000000    -81579.109375000000    132737.750000000000    -101041.218750000000    -0.422990977764    0.180235624313    0.000057856352    -0.000430439861    0.126792654395    0.038861293346    0.000000000000    0.000000000000    0.000000000000    0.000000000000    0.000000000000    0.000000000000
-0.000000165957    1.299568653107    -0.021818554029    0.000381529768    133191.484375000000    129397.882812500000    -108703.164062500000    133191.515625000000    -70195.656250000000    -0.421424329281    0.172564059496    0.000062799671    -0.000430388114    0.125563561916    0.038454726338    0.000000000000    0.000000000000    0.000000000000    0.000000000000    0.000000000000    0.000000000000
-0.000000167071    1.299699902534    -0.021967072040    0.000439182273    133465.296875000000    129115.437500000000    -124964.710937500000    133465.328125000000    -32474.816406250000    -0.419437706470    0.162835806608    0.000069068235    -0.000430322514    0.124004974961    0.037939164788    0.000000000000    0.000000000000    0.000000000000    0.000000000000    0.000000000000    0.000000000000
-0.000000168184    1.299842357635    -0.022115785629    0.000452686392    133529.765625000000    129048.765625000000    -128773.382812500000    133529.796875000000    8425.932617187500    -0.415567874908    0.152427256107    0.000075525189    -0.000428879255    0.122259974480    0.037335783243    0.000000000000    0.000000000000    0.000000000000    0.000000000000    0.000000000000    0.000000000000
-0.000000169298    1.299981832504    -0.022264445201    0.000420719705    133375.765625000000    129207.921875000000    -119759.015625000000    133375.796875000000    48502.175781250000    -0.411497533321    0.142063841224    0.000081923004    -0.000427271152    0.120512895286    0.036728572100    0.000000000000    0.000000000000    0.000000000000    0.000000000000    0.000000000000    0.000000000000
-0.000000170412    1.300104618073    -0.022412816063    0.000346410321    133015.625000000000    129578.632812500000    -98806.328125000000    133015.656250000000    83832.750000000000    -0.407832533121    0.132732391357    0.000087683729    -0.000425823207    0.118939787149    0.036181822419    0.000000000000    0.000000000000    0.000000000000    0.000000000000    0.000000000000    0.000000000000
-0.000000171526    1.300198316574    -0.022560685873    0.000237027911    132482.171875000000    130124.000000000000    -67966.890625000000    132482.203125000000    110962.859375000000    -0.404940336943    0.125368669629    0.000092229689    -0.000424680591    0.117698408663    0.035750370473    0.000000000000    0.000000000000    0.000000000000    0.000000000000    0.000000000000    0.000000000000
-0.000000172640    1.300253510475    -0.022707888857    0.000103270977    131825.687500000000    130789.023437500000    -30257.529296875000    131825.703125000000    127240.921875000000    -0.403112977743    0.120716065168    0.000095101954    -0.000423958641    0.116914063692    0.035477764904    0.000000000000    0.000000000000    0.000000000000    0.000000000000    0.000000000000    0.000000000000
-0.000000173753    1.300264596939    -0.022854320705    -0.000041780142    131109.218750000000    131507.203125000000    10634.744140625000    131109.234375000000    131076.515625000000    -0.402532488108    0.119238071144    0.000096014381    -0.000423729303    0.116664901376    0.035391166806    0.000000000000    0.000000000000    0.000000000000    0.000000000000    0.000000000000    0.000000000000
-0.000000174867    1.300230026245    -0.022999953479    -0.000183941738    130402.570312500000    132207.968750000000    50712.609375000000    130402.570312500000    122094.976562500000    -0.403267562389    0.121109604836    0.000094859002    -0.000424019701    0.116980411112    0.035500824451    0.000000000000    0.000000000000    0.000000000000    0.000000000000    0.000000000000    0.000000000000
-0.000000175981    1.300153255463    -0.023144833744    -0.000309312338    129775.421875000000    132823.640625000000    86058.164062500000    129775.414062500000    101173.703125000000    -0.405249476433    0.126155763865    0.000091743779    -0.000424802711    0.117831096053    0.035796485841    0.000000000000    0.000000000000    0.000000000000    0.000000000000    0.000000000000    0.000000000000
-0.000000177095    1.300041437149    -0.023289093748    -0.000405631057    129290.546875000000    133295.656250000000    113214.984375000000    129290.539062500000    70356.992187500000    -0.408292800188    0.133904278278    0.000086960266    -0.000426005048    0.119137346745    0.036250486970    0.000000000000    0.000000000000    0.000000000000    0.000000000000    0.000000000000    0.000000000000
-0.000000178209    1.299905061722    -0.023432916030    -0.000463476230    128997.554687500000    133579.234375000000    129525.742187500000    128997.539062500000    32657.316406250000    -0.412108957767    0.143620535731    0.000080961981    -0.000427512714    0.120775327086    0.036819782108    0.000000000000    0.000000000000    0.000000000000    0.000000000000    0.000000000000    0.000000000000
-0.000000179322    1.299757242203    -0.023576535285    -0.000477188325    128927.750000000000    133646.609375000000    133392.500000000000    128927.734375000000    -8238.031250000000    -0.416333884001    0.154377505183    0.000074321215    -0.000429181848    0.122588746250    0.037450052798    0.000000000000    0.000000000000    0.000000000000    0.000000000000    0.000000000000    0.000000000000
-0.000000180436    1.299612402916    -0.023720204830    -0.000445425627    129090.851562500000    133489.078125000000    124434.195312500000    129090.843750000000    -48326.714843750000    -0.419935762882    0.165274709463    0.000067496694    -0.000430338958    0.124395713210    0.038068417460    0.000000000000    0.000000000000    0.000000000000    0.000000000000    0.000000000000    0.000000000000
-0.000000181550    1.299484372139    -0.023864181712    -0.000371298287    129473.765625000000    133117.718750000000    103525.476562500000    129473.757812500000    -83682.796875000000    -0.422000437975    0.175385147333    0.000060981842    -0.000430407148    0.126015543938    0.038604237139    0.000000000000    0.000000000000    0.000000000000    0.000000000000    0.000000000000    0.000000000000
-0.000000182664    1.299385428429    -0.024008693174    -0.000262066606    130041.429687500000    132563.218750000000    72712.554687500000    130041.429687500000    -110841.773437500000    -0.423646986485    0.183448046446    0.000055786379    -0.000430461514    0.127307325602    0.039031542838    0.000000000000    0.000000000000    0.000000000000    0.000000000000    0.000000000000    0.000000000000
-0.000000183778    1.299324870110    -0.024153912440    -0.000128431551    130740.164062500000    131874.156250000000    35013.605468750000    130740.164062500000    -127141.046875000000    -0.424719303846    0.188698917627    0.000052402880    -0.000430496933    0.128148585558    0.039309822023    0.000000000000    0.000000000000    0.000000000000    0.000000000000    0.000000000000    0.000000000000
-0.000000184891    1.299308419228    -0.024299954996    0.000016513051    131502.593750000000    131113.890625000000    -5876.843750000000    131502.609375000000    -130982.117187500000    -0.425117015839    0.190646395087    0.000051147992    -0.000430510059    0.128460600972    0.039413027465    0.000000000000    0.000000000000    0.000000000000    0.000000000000    0.000000000000    0.000000000000
-0.000000186005    1.299337625504    -0.024446845055    0.000158564158    132254.281250000000    130355.617187500000    -45950.644531250000    132254.296875000000    -121988.218750000000    -0.424802929163    0.189108431339    0.000052138999    -0.000430499698    0.128214195371    0.039331521839    0.000000000000    0.000000000000    0.000000000000    0.000000000000    0.000000000000    0.000000000000
-0.000000187119    1.299409031868    -0.024594530463    0.000283802481    132920.906250000000    129675.789062500000    -81279.921875000000    132920.937500000000    -101041.492187500000    -0.423814266920    0.184267073870    0.000055258624    -0.000430467044    0.127438545227    0.039074946195    0.000000000000    0.000000000000    0.000000000000    0.000000000000    0.000000000000    0.000000000000
-0.000000188233    1.299515485764    -0.024742882699    0.000379957637    133435.703125000000    129146.000000000000    -108403.000000000000    133435.734375000000    -70195.984375000000    -0.422251343727    0.176613688469    0.000060190210    -0.000430415443    0.126212373376    0.038669344038    0.000000000000    0.000000000000    0.000000000000    0.000000000000    0.000000000000    0.000000000000
-0.000000189347    1.299646377563    -0.024891698733    0.000437610550    133746.093750000000    128824.515625000000    -124664.007812500000    133746.125000000000    -32475.158203125000    -0.420272141695    0.166921854019    0.000066435321    -0.000430350075    0.124659612775    0.038155708462    0.000000000000    0.000000000000    0.000000000000    0.000000000000    0.000000000000    0.000000000000
-0.000000190460    1.299788475037    -0.025040727109    0.000451115047    133819.140625000000    128748.632812500000    -128472.625000000000    133819.171875000000    8425.612304687500    -0.417117029428    0.156371489167    0.000073090239    -0.000429491280    0.122924894094    0.037566881627    0.000000000000    0.000000000000    0.000000000000    0.000000000000    0.000000000000    0.000000000000
-0.000000191574    1.299927711487    -0.025189699605    0.000419148768    133644.875000000000    128929.523437500000    -119458.710937500000    133644.906250000000    48501.910156250000    -0.413056999445    0.146034300327    0.000079471858    -0.000427887251    0.121182240546    0.036961209029    0.000000000000    0.000000000000    0.000000000000    0.000000000000    0.000000000000    0.000000000000
-0.000000192688    1.300050139427    -0.025338346139    0.000344839646    133237.578125000000    129350.367187500000    -98506.945312500000    133237.609375000000    83832.546875000000    -0.409402251244    0.136729076505    0.000085216394    -0.000426443352    0.119613558054    0.036415997893    0.000000000000    0.000000000000    0.000000000000    0.000000000000    0.000000000000    0.000000000000
-0.000000193802    1.300143361092    -0.025486426428    0.000235457410    132634.718750000000    129968.453125000000    -67668.812500000000    132634.750000000000    110962.742187500000    -0.406523823738    0.129400342703    0.000089740752    -0.000425306178    0.118378072977    0.035986594856    0.000000000000    0.000000000000    0.000000000000    0.000000000000    0.000000000000    0.000000000000
-0.000000194916    1.300198078156    -0.025633752346    0.000101700542    131893.375000000000    130720.710937500000    -29961.025390625000    131893.390625000000    127240.882812500000    -0.404706776142    0.124773979187    0.000092596820    -0.000424588303    0.117598153651    0.035715527833    0.000000000000    0.000000000000    0.000000000000    0.000000000000    0.000000000000    0.000000000000
-0.000000196029    1.300208687782    -0.025780208409    -0.000043350585    131084.906250000000    131531.421875000000    10929.569335937500    131084.921875000000    131076.562500000000    -0.404140025377    0.123330965638    0.000093487652    -0.000424364378    0.117354892194    0.035630978644    0.000000000000    0.000000000000    0.000000000000    0.000000000000    0.000000000000    0.000000000000
-0.000000197143    1.300173997879    -0.025925764814    -0.000185512239    130288.070312500000    132320.781250000000    51005.800781250000    130288.070312500000    122095.054687500000    -0.404881954193    0.125220000744    0.000092321468    -0.000424657512    0.117673344910    0.035741660744    0.000000000000    0.000000000000    0.000000000000    0.000000000000    0.000000000000    0.000000000000
-0.000000198257    1.300096988678    -0.026070475578    -0.000310882955    129581.390625000000    133012.906250000000    86349.898437500000    129581.382812500000    101173.796875000000    -0.406870752573    0.130283638835    0.000089195455    -0.000425443228    0.118526980281    0.036038346589    0.000000000000    0.000000000000    0.000000000000    0.000000000000    0.000000000000    0.000000000000
-0.000000199371    1.299984812737    -0.026214482263    -0.000407201733    129035.406250000000    133542.625000000000    113505.593750000000    129035.398437500000    70357.085937500000    -0.409920930862    0.138049647212    0.000084401137    -0.000426648272    0.119836181402    0.036493372172    0.000000000000    0.000000000000    0.000000000000    0.000000000000    0.000000000000    0.000000000000
-0.000000200485    1.299848079681    -0.026357997209    -0.000465047051    128705.710937500000    133860.421875000000    129815.687500000000    128705.695312500000    32657.398437500000    -0.413747400045    0.147792145610    0.000078386656    -0.000428160012    0.121478579938    0.037064202130    0.000000000000    0.000000000000    0.000000000000    0.000000000000    0.000000000000    0.000000000000
-0.000000201598    1.299700260162    -0.026501283050    -0.000478759233    128627.203125000000    133935.859375000000    133682.296875000000    128627.187500000000    -8237.976562500000    -0.417975753546    0.158557862043    0.000071740491    -0.000429830514    0.123293474317    0.037694986910    0.000000000000    0.000000000000    0.000000000000    0.000000000000    0.000000000000    0.000000000000
-0.000000202712    1.299555182457    -0.026644624770    -0.000446996535    128810.484375000000    133759.593750000000    124724.367187500000    128810.476562500000    -48326.675781250000    -0.420825928450    0.169633746147    0.000064687862    -0.000430368353    0.125094085932    0.038299430162    0.000000000000    0.000000000000    0.000000000000    0.000000000000    0.000000000000    0.000000000000
-0.000000203826    1.299426794052    -0.026788311079    -0.000372869225    129240.445312500000    133344.218750000000    103816.562500000000    129240.437500000000    -83682.773437500000    -0.422896206379    0.179771512747    0.000058155416    -0.000430436718    0.126718297601    0.038836698979    0.000000000000    0.000000000000    0.000000000000    0.000000000000    0.000000000000    0.000000000000
-0.000000204940    1.299327611923    -0.026932597160    -0.000263637601    129877.445312500000    132723.843750000000    73004.992187500000    129877.445312500000    -110841.757812500000    -0.424546480179    0.187852591276    0.000052948228    -0.000430491229    0.128012999892    0.039264969528    0.000000000000    0.000000000000    0.000000000000    0.000000000000    0.000000000000    0.000000000000
-0.000000206054    1.299266934395    -0.027077680454    -0.000130002547    130661.015625000000    131952.546875000000    35307.695312500000    130661.015625000000    -127141.039062500000    -0.425622493029    0.193121671677    0.000049552997    -0.000430526736    0.128857165575    0.039544209838    0.000000000000    0.000000000000    0.000000000000    0.000000000000    0.000000000000    0.000000000000
-0.000000207167    1.299250364304    -0.027223682031    0.000014942050    131515.453125000000    131100.937500000000    -5580.941406250000    131515.468750000000    -130982.101562500000    -0.426022052765    0.195078253746    0.000048292248    -0.000430539949    0.129170641303    0.039647903293    0.000000000000    0.000000000000    0.000000000000    0.000000000000    0.000000000000    0.000000000000
-0.000000208281    1.299279093742    -0.027370639145    0.000156993119    132357.312500000000    130250.953125000000    -45652.945312500000    132357.328125000000    -121988.195312500000    -0.425713539124    0.193567603827    0.000049265665    -0.000430529763    0.128928616643    0.039567843080    0.000000000000    0.000000000000    0.000000000000    0.000000000000    0.000000000000    0.000000000000
-0.000000209395    1.299350142479    -0.027518486604    0.000282231427    133103.437500000000    129488.375000000000    -80980.625000000000    133103.468750000000    -101041.460937500000    -0.424730449915    0.188753515482    0.000052367694    -0.000430497283    0.128157332540    0.039312712848    0.000000000000    0.000000000000    0.000000000000    0.000000000000    0.000000000000    0.000000000000
-0.000000210509    1.299456357956    -0.027667075396    0.000378386583    133679.281250000000    128893.820312500000    -108102.468750000000    133679.312500000000    -70195.945312500000    -0.423173099756    0.181127458811    0.000057281690    -0.000430445856    0.126935541630    0.038908559829    0.000000000000    0.000000000000    0.000000000000    0.000000000000    0.000000000000    0.000000000000
-0.000000211623    1.299586892128    -0.027816185728    0.000436039438    134026.281250000000    128532.960937500000    -124362.718750000000    134026.312500000000    -32475.119140625000    -0.421197623014    0.171453818679    0.000063515072    -0.000430380634    0.125385686755    0.038395889103    0.000000000000    0.000000000000    0.000000000000    0.000000000000    0.000000000000    0.000000000000
-0.000000212736    1.299728751183    -0.027965536341    0.000449543906    134107.875000000000    128447.820312500000    -128171.156250000000    134107.906250000000    8425.654296875000    -0.418837904930    0.160752981901    0.000070385344    -0.000430171145    0.123663529754    0.037823602557    0.000000000000    0.000000000000    0.000000000000    0.000000000000    0.000000000000    0.000000000000
-0.000000213850    1.299867630005    -0.028114825487    0.000417577539    133913.296875000000    128650.640625000000    -119157.648437500000    133913.328125000000    48501.949218750000    -0.414784729481    0.150433287024    0.000076756158    -0.000428569852    0.121923826635    0.037218954414    0.000000000000    0.000000000000    0.000000000000    0.000000000000    0.000000000000    0.000000000000
-0.000000214964    1.299989700317    -0.028263749555    0.000343268388    133458.875000000000    129121.976562500000    -98206.835937500000    133458.906250000000    83832.578125000000    -0.411140322685    0.141154304147    0.000082484497    -0.000427130028    0.120359569788    0.036675281823    0.000000000000    0.000000000000    0.000000000000    0.000000000000    0.000000000000    0.000000000000
-0.000000216078    1.300082683563    -0.028412038460    0.000233886123    132786.625000000000    129813.203125000000    -67370.132812500000    132786.656250000000    110962.757812500000    -0.408268749714    0.133843064308    0.000086998058    -0.000425995531    0.119127027690    0.036246899515    0.000000000000    0.000000000000    0.000000000000    0.000000000000    0.000000000000    0.000000000000
-0.000000217192    1.300137281418    -0.028559487313    0.000100129255    131960.421875000000    130652.976562500000    -29664.105468750000    131960.437500000000    127240.882812500000    -0.406458556652    0.129234179854    0.000089843328    -0.000425280392    0.118350058794    0.035976856947    0.000000000000    0.000000000000    0.000000000000    0.000000000000    0.000000000000    0.000000000000
-0.000000218306    1.300147771835    -0.028705967590    -0.000044921857    131059.921875000000    131556.234375000000    11224.555664062500    131059.929687500000    131076.531250000000    -0.405895233154    0.127799928188    0.000090728769    -0.000425057835    0.118108272552    0.035892821848    0.000000000000    0.000000000000    0.000000000000    0.000000000000    0.000000000000    0.000000000000
-0.000000219419    1.300112605095    -0.028851442039    -0.000187083482    130172.898437500000    132434.000000000000    51298.875000000000    130172.898437500000    122095.023437500000    -0.406647473574    0.129715189338    0.000089546389    -0.000425355014    0.118431150913    0.036005042493    0.000000000000    0.000000000000    0.000000000000    0.000000000000    0.000000000000    0.000000000000
-0.000000220533    1.300035238266    -0.028995977715    -0.000312454125    129386.671875000000    133202.218750000000    86641.273437500000    129386.664062500000    101173.757812500000    -0.408646583557    0.134805068374    0.000086404165    -0.000426144805    0.119289204478    0.036303266883    0.000000000000    0.000000000000    0.000000000000    0.000000000000    0.000000000000    0.000000000000
-0.000000221647    1.299922704697    -0.029139729217    -0.000408772845    128779.578125000000    133789.250000000000    113795.671875000000    128779.570312500000    70357.054687500000    -0.411710500717    0.142606064677    0.000081588267    -0.000427355291    0.120604306459    0.036760341376    0.000000000000    0.000000000000    0.000000000000    0.000000000000    0.000000000000    0.000000000000
