wc / wrf: 0.935595
 t  x  y  z vpar vper vx vy vz re(e1)  im(e1)  re(e2)  im(e2)  re(e3)  im(e3)  re(b1)  im(b1)  re(b2)  im(b2)  re(b3)  im(b3)
-0.000000000000    1.300392985344    -0.000029250352    0.000249445671    131308.296875000000    131308.484375000000    -70360.625000000000    131308.328125000000    110866.140625000000    -0.399348348379    0.111130990088    0.000101019250    -0.000422471319    0.115298204124    0.034916158766    0.000000000000    0.000000000000    0.000000000000    0.000000000000    0.000000000000    0.000000000000
-0.000000001114    1.300450682640    -0.000175500812    0.000115775882    131305.312500000000    131311.500000000000    -32670.093750000000    131305.328125000000    127182.453125000000    -0.397445410490    0.106285974383    0.000104010294    -0.000421719538    0.114481426775    0.034632280469    0.000000000000    0.000000000000    0.000000000000    0.000000000000    0.000000000000    0.000000000000
-0.000000002228    1.300464391708    -0.000321745261    -0.000029234261    131297.484375000000    131319.328125000000    8216.936523437500    131297.500000000000    131062.007812500000    -0.396789342165    0.104615584016    0.000105041509    -0.000421460340    0.114199832082    0.034534409642    0.000000000000    0.000000000000    0.000000000000    0.000000000000    0.000000000000    0.000000000000
-0.000000003341    1.300432801247    -0.000467978476    -0.000171405016    131285.343750000000    131331.468750000000    48303.640625000000    131285.359375000000    122125.812500000000    -0.397441983223    0.106277234852    0.000104015700    -0.000421718170    0.114479951560    0.034631766379    0.000000000000    0.000000000000    0.000000000000    0.000000000000    0.000000000000    0.000000000000
-0.000000004455    1.300358772278    -0.000614196586    -0.000296833983    131270.703125000000    131346.093750000000    83671.234375000000    131270.703125000000    101246.867187500000    -0.399344921112    0.111122243106    0.000101024649    -0.000422469981    0.115296728909    0.034915644675    0.000000000000    0.000000000000    0.000000000000    0.000000000000    0.000000000000    0.000000000000
-0.000000005569    1.300249576569    -0.000760398223    -0.000393254566    131256.421875000000    131360.375000000000    110861.125000000000    131256.421875000000    70465.343750000000    -0.402309209108    0.118669614196    0.000096365322    -0.000423641090    0.116569072008    0.035357858986    0.000000000000    0.000000000000    0.000000000000    0.000000000000    0.000000000000    0.000000000000
-0.000000006683    1.300115823746    -0.000906585832    -0.000451235246    131246.062500000000    131370.734375000000    127212.718750000000    131246.062500000000    32790.253906250000    -0.406049817801    0.128193467855    0.000090485810    -0.000425118895    0.118174612522    0.035915881395    0.000000000000    0.000000000000    0.000000000000    0.000000000000    0.000000000000    0.000000000000
-0.000000007797    1.299970984459    -0.001052765758    -0.000465103163    131243.234375000000    131373.562500000000    131124.046875000000    131243.234375000000    -8093.513671875000    -0.410192281008    0.138740539551    0.000083974621    -0.000426755490    0.119952648878    0.036533854902    0.000000000000    0.000000000000    0.000000000000    0.000000000000    0.000000000000    0.000000000000
-0.000000008910    1.299828767776    -0.001198948128    -0.000433501322    131251.046875000000    131365.718750000000    122209.625000000000    131251.046875000000    -48184.746093750000    -0.414338201284    0.149296373129    0.000077458033    -0.000428393425    0.121732160449    0.037152338773    0.000000000000    0.000000000000    0.000000000000    0.000000000000    0.000000000000    0.000000000000
-0.000000010024    1.299703359604    -0.001345146215    -0.000359524158    131271.593750000000    131345.218750000000    101339.796875000000    131271.593750000000    -83557.281250000000    -0.418078780174    0.158820226789    0.000071578521    -0.000429871230    0.123337708414    0.037710361183    0.000000000000    0.000000000000    0.000000000000    0.000000000000    0.000000000000    0.000000000000
-0.000000011138    1.299606800079    -0.001491374569    -0.000250417332    131305.281250000000    131311.562500000000    70556.898437500000    131305.281250000000    -110745.007812500000    -0.420203357935    0.166585147381    0.000066652290    -0.000430347805    0.124605663121    0.038137864321    0.000000000000    0.000000000000    0.000000000000    0.000000000000    0.000000000000    0.000000000000
-0.000000012252    1.299548625946    -0.001637647161    -0.000116869480    131350.671875000000    131266.140625000000    32876.117187500000    131350.687500000000    -127082.515625000000    -0.421238511801    0.171654015779    0.000063386062    -0.000430381973    0.125417768955    0.038406498730    0.000000000000    0.000000000000    0.000000000000    0.000000000000    0.000000000000    0.000000000000
-0.000000013366    1.299534559250    -0.001783975516    0.000028034090    131404.500000000000    131212.250000000000    -8009.820312500000    131404.515625000000    -130967.554687500000    -0.421599030495    0.173419490457    0.000062248459    -0.000430393877    0.125700622797    0.038500063121    0.000000000000    0.000000000000    0.000000000000    0.000000000000    0.000000000000    0.000000000000
-0.000000014479    1.299566149712    -0.001930366037    0.000170094325    131461.750000000000    131154.890625000000    -48093.203125000000    131461.765625000000    -122019.062500000000    -0.421247780323    0.171699523926    0.000063356747    -0.000430382293    0.125425055623    0.038408908993    0.000000000000    0.000000000000    0.000000000000    0.000000000000    0.000000000000    0.000000000000
-0.000000015593    1.299639940262    -0.002076819306    0.000295391073    131516.171875000000    131100.312500000000    -83445.210937500000    131516.203125000000    -101114.718750000000    -0.420221954584    0.166676148772    0.000066593646    -0.000430348417    0.124620243907    0.038142688572    0.000000000000    0.000000000000    0.000000000000    0.000000000000    0.000000000000    0.000000000000
-0.000000016707    1.299748897552    -0.002223328454    0.000391648238    131561.000000000000    131055.320312500000    -110601.914062500000    131561.031250000000    -70304.414062500000    -0.418126881123    0.158942654729    0.000071502938    -0.000429890235    0.123358346522    0.037717532367    0.000000000000    0.000000000000    0.000000000000    0.000000000000    0.000000000000    0.000000000000
-0.000000017821    1.299882292747    -0.002369879512    0.000449436688    131589.687500000000    131026.507812500000    -126904.101562500000    131589.718750000000    -32608.166015625000    -0.414396584034    0.149445042014    0.000077366247    -0.000428416504    0.121757224202    0.037161048502    0.000000000000    0.000000000000    0.000000000000    0.000000000000    0.000000000000    0.000000000000
-0.000000018935    1.300027132034    -0.002516451059    0.000463097036    131596.812500000000    131019.367187500000    -130757.382812500000    131596.843750000000    8281.056640625000    -0.410257548094    0.138906717300    0.000083872037    -0.000426781276    0.119980663061    0.036543589085    0.000000000000    0.000000000000    0.000000000000    0.000000000000    0.000000000000    0.000000000000
-0.000000020048    1.300168991089    -0.002663016785    0.000431291643    131578.828125000000    131037.406250000000    -121787.171875000000    131578.859375000000    48359.949218750000    -0.406118512154    0.128368377686    0.000090377827    -0.000425146049    0.118204101920    0.035926129669    0.000000000000    0.000000000000    0.000000000000    0.000000000000    0.000000000000    0.000000000000
-0.000000021162    1.300294041634    -0.002809547586    0.000357132696    131534.718750000000    131081.687500000000    -100873.851562500000    131534.750000000000    83707.078125000000    -0.402388215065    0.118870764971    0.000096241143    -0.000423672289    0.116602987051    0.035369645804    0.000000000000    0.000000000000    0.000000000000    0.000000000000    0.000000000000    0.000000000000
-0.000000022276    1.300390005112    -0.002956015524    0.000247875229    131466.343750000000    131150.265625000000    -70065.078125000000    131466.375000000000    110866.031250000000    -0.399430781603    0.111340880394    0.000100889680    -0.000422503887    0.115333586931    0.034928455949    0.000000000000    0.000000000000    0.000000000000    0.000000000000    0.000000000000    0.000000000000
-0.000000023390    1.300447583199    -0.003102395684    0.000114205541    131378.515625000000    131238.265625000000    -32374.685546875000    131378.531250000000    127182.390625000000    -0.397534728050    0.106513366103    0.000103869927    -0.000421754812    0.114519760013    0.034645602107    0.000000000000    0.000000000000    0.000000000000    0.000000000000    0.000000000000    0.000000000000
-0.000000024504    1.300461053848    -0.003248670837    -0.000030804578    131278.656250000000    131338.125000000000    8512.192382812500    131278.671875000000    131062.007812500000    -0.396885514259    0.104860462248    0.000104890336    -0.000421498320    0.114241115749    0.034548755735    0.000000000000    0.000000000000    0.000000000000    0.000000000000    0.000000000000    0.000000000000
-0.000000025617    1.300428867340    -0.003394832369    -0.000172975371    131176.281250000000    131440.359375000000    48598.757812500000    131176.296875000000    122125.898437500000    -0.397551894188    0.106557086110    0.000103842933    -0.000421761593    0.114527136087    0.034648165107    0.000000000000    0.000000000000    0.000000000000    0.000000000000    0.000000000000    0.000000000000
-0.000000026731    1.300354480743    -0.003540883074    -0.000298404513    131082.031250000000    131534.359375000000    83966.250000000000    131082.031250000000    101247.031250000000    -0.399465143681    0.111428335309    0.000100835692    -0.000422517478    0.115348331630    0.034933581948    0.000000000000    0.000000000000    0.000000000000    0.000000000000    0.000000000000    0.000000000000
-0.000000027845    1.300244927406    -0.003686838783    -0.000394825329    131006.562500000000    131609.515625000000    111156.093750000000    131006.554687500000    70465.562500000000    -0.402443170547    0.119010686874    0.000096154763    -0.000423694000    0.116626575589    0.035377845168    0.000000000000    0.000000000000    0.000000000000    0.000000000000    0.000000000000    0.000000000000
-0.000000028959    1.300110936165    -0.003832725342    -0.000452806300    130959.390625000000    131656.453125000000    127507.695312500000    130959.382812500000    32790.523437500000    -0.406190633774    0.128552034497    0.000090264453    -0.000425174541    0.118235059083    0.035936888307    0.000000000000    0.000000000000    0.000000000000    0.000000000000    0.000000000000    0.000000000000
-0.000000030073    1.299965500832    -0.003978578374    -0.000466674508    130947.765625000000    131668.015625000000    131419.078125000000    130947.750000000000    -8093.216796875000    -0.410346865654    0.139134094119    0.000083731662    -0.000426816550    0.120018996298    0.036556910723    0.000000000000    0.000000000000    0.000000000000    0.000000000000    0.000000000000    0.000000000000
-0.000000031187    1.299822926521    -0.004124439787    -0.000435072958    130975.656250000000    131640.250000000000    122504.789062500000    130975.648437500000    -48184.445312500000    -0.414503067732    0.149716153741    0.000077198878    -0.000428458559    0.121802933514    0.037176933140    0.000000000000    0.000000000000    0.000000000000    0.000000000000    0.000000000000    0.000000000000
-0.000000032300    1.299697041512    -0.004270354751    -0.000361096114    131043.164062500000    131573.062500000000    101635.156250000000    131043.156250000000    -83557.015625000000    -0.418257415295    0.159274995327    0.000071297778    -0.000429941807    0.123414367437    0.037737004459    0.000000000000    0.000000000000    0.000000000000    0.000000000000    0.000000000000    0.000000000000
-0.000000033414    1.299600243568    -0.004416365176    -0.000251989492    131146.109375000000    131470.453125000000    70852.468750000000    131146.109375000000    -110744.812500000000    -0.420303732157    0.167076557875    0.000066335633    -0.000430351123    0.124684393406    0.038163907826    0.000000000000    0.000000000000    0.000000000000    0.000000000000    0.000000000000    0.000000000000
-0.000000034528    1.299541950226    -0.004562507384    -0.000118441807    131276.296875000000    131340.437500000000    33171.941406250000    131276.312500000000    -127082.398437500000    -0.421342581511    0.172163635492    0.000063057683    -0.000430385408    0.125499412417    0.038433507085    0.000000000000    0.000000000000    0.000000000000    0.000000000000    0.000000000000    0.000000000000
-0.000000035642    1.299527764320    -0.004708804190    0.000026461687    131422.171875000000    131194.484375000000    -7713.732421875000    131422.187500000000    -130967.531250000000    -0.421704947948    0.173938214779    0.000061914216    -0.000430397398    0.125783726573    0.038527552038    0.000000000000    0.000000000000    0.000000000000    0.000000000000    0.000000000000    0.000000000000
-0.000000036756    1.299558877945    -0.004855265375    0.000168521947    131569.656250000000    131046.601562500000    -47796.882812500000    131569.671875000000    -122019.132812500000    -0.421359300613    0.172245547175    0.000063004911    -0.000430385960    0.125512540340    0.038437847048    0.000000000000    0.000000000000    0.000000000000    0.000000000000    0.000000000000    0.000000000000
-0.000000037869    1.299632310867    -0.005001884885    0.000293818826    131703.640625000000    130911.921875000000    -83148.710937500000    131703.671875000000    -101114.906250000000    -0.420339047909    0.167249470949    0.000066224216    -0.000430352287    0.124712094665    0.038173072040    0.000000000000    0.000000000000    0.000000000000    0.000000000000    0.000000000000    0.000000000000
-0.000000038983    1.299740910530    -0.005148639437    0.000390076253    131809.593750000000    130805.250000000000    -110305.312500000000    131809.625000000000    -70304.687500000000    -0.418357014656    0.159528613091    0.000071141207    -0.000429981155    0.123457126319    0.037751864642    0.000000000000    0.000000000000    0.000000000000    0.000000000000    0.000000000000    0.000000000000
-0.000000040097    1.299874067307    -0.005295490380    0.000447865081    131875.000000000000    130739.328125000000    -126607.476562500000    131875.031250000000    -32608.507812500000    -0.414633601904    0.150048479438    0.000076993718    -0.000428510131    0.121858954430    0.037196405232    0.000000000000    0.000000000000    0.000000000000    0.000000000000    0.000000000000    0.000000000000
-0.000000041211    1.300018310547    -0.005442387890    0.000461525837    131890.781250000000    130723.398437500000    -130460.851562500000    131890.812500000000    8280.676757812500    -0.410508304834    0.139545127749    0.000083477913    -0.000426880317    0.120088294148    0.036580994725    0.000000000000    0.000000000000    0.000000000000    0.000000000000    0.000000000000    0.000000000000
-0.000000042325    1.300159692764    -0.005589271896    0.000429720851    131852.609375000000    130761.906250000000    -121490.835937500000    131852.640625000000    48359.585937500000    -0.406386435032    0.129050523043    0.000089956709    -0.000425251899    0.118319101632    0.035966098309    0.000000000000    0.000000000000    0.000000000000    0.000000000000    0.000000000000    0.000000000000
-0.000000043438    1.300284385681    -0.005736083724    0.000355562253    131761.421875000000    130853.773437500000    -100577.765625000000    131761.453125000000    83706.757812500000    -0.402666449547    0.119579143822    0.000095803822    -0.000423782214    0.116722404957    0.035411152989    0.000000000000    0.000000000000    0.000000000000    0.000000000000    0.000000000000    0.000000000000
-0.000000044552    1.300379991531    -0.005882767495    0.000246305106    131623.687500000000    130992.304687500000    -69769.320312500000    131623.718750000000    110865.804687500000    -0.399719297886    0.112075507641    0.000100436162    -0.000422617886    0.115457430482    0.034971497953    0.000000000000    0.000000000000    0.000000000000    0.000000000000    0.000000000000    0.000000000000
-0.000000045666    1.300437092781    -0.006029277109    0.000112635593    131451.046875000000    131165.593750000000    -32079.277343750000    131451.062500000000    127182.281250000000    -0.397833555937    0.107274219394    0.000103400213    -0.000421872886    0.114648029208    0.034690182656    0.000000000000    0.000000000000    0.000000000000    0.000000000000    0.000000000000    0.000000000000
-0.000000046780    1.300450086594    -0.006175581831    -0.000032374461    131259.171875000000    131357.593750000000    8807.265625000000    131259.187500000000    131062.015625000000    -0.397198110819    0.105656303465    0.000104399027    -0.000421621837    0.114375278354    0.034595385194    0.000000000000    0.000000000000    0.000000000000    0.000000000000    0.000000000000    0.000000000000
-0.000000047894    1.300417780876    -0.006321670953    -0.000174545334    131066.609375000000    131549.734375000000    48893.531250000000    131066.609375000000    122126.007812500000    -0.397871345282    0.107370421290    0.000103340819    -0.000421887788    0.114664241672    0.034695819020    0.000000000000    0.000000000000    0.000000000000    0.000000000000    0.000000000000    0.000000000000
-0.000000049007    1.300343155861    -0.006467554253    -0.000299974636    130892.757812500000    131722.718750000000    84260.765625000000    130892.750000000000    101247.234375000000    -0.399791449308    0.112259157002    0.000100322781    -0.000422646379    0.115488395095    0.034982260317    0.000000000000    0.000000000000    0.000000000000    0.000000000000    0.000000000000    0.000000000000
-0.000000050121    1.300233244896    -0.006613262463    -0.000396395742    130756.085937500000    131858.375000000000    111450.445312500000    130756.078125000000    70465.851562500000    -0.402776360512    0.119859002531    0.000095631054    -0.000423825637    0.116769582033    0.035427547991    0.000000000000    0.000000000000    0.000000000000    0.000000000000    0.000000000000    0.000000000000
-0.000000051235    1.300098896027    -0.006758846808    -0.000454377034    130672.109375000000    131941.593750000000    127802.007812500000    130672.101562500000    32790.863281250000    -0.406534135342    0.129426583648    0.000089724555    -0.000425310252    0.118382498622    0.035988129675    0.000000000000    0.000000000000    0.000000000000    0.000000000000    0.000000000000    0.000000000000
-0.000000052349    1.299953341484    -0.006904372014    -0.000468245649    130651.679687500000    131961.843750000000    131713.484375000000    130651.664062500000    -8092.861328125000    -0.410697221756    0.140026137233    0.000083180967    -0.000426954968    0.120169378817    0.036609180272    0.000000000000    0.000000000000    0.000000000000    0.000000000000    0.000000000000    0.000000000000
-0.000000053463    1.299810409546    -0.007049912587    -0.000436644506    130699.625000000000    131914.343750000000    122799.398437500000    130699.617187500000    -48184.109375000000    -0.414863735437    0.150634437799    0.000076631986    -0.000428601052    0.121957734227    0.037230737507    0.000000000000    0.000000000000    0.000000000000    0.000000000000    0.000000000000    0.000000000000
-0.000000054576    1.299684286118    -0.007195544429    -0.000362668041    130814.093750000000    131800.828125000000    101930.062500000000    130814.085937500000    -83556.742187500000    -0.418624937534    0.160210758448    0.000070720082    -0.000430087006    0.123572126031    0.037791833282    0.000000000000    0.000000000000    0.000000000000    0.000000000000    0.000000000000    0.000000000000
-0.000000055690    1.299587130547    -0.007341335993    -0.000253561680    130986.320312500000    131629.671875000000    71147.773437500000    130986.320312500000    -110744.617187500000    -0.420508146286    0.168077602983    0.000065690598    -0.000430357875    0.124844774604    0.038216959685    0.000000000000    0.000000000000    0.000000000000    0.000000000000    0.000000000000    0.000000000000
-0.000000056804    1.299528360367    -0.007487345953    -0.000120014171    131201.343750000000    131415.343750000000    33467.675781250000    131201.359375000000    -127082.304687500000    -0.421552568674    0.173191979527    0.000062395055    -0.000430392363    0.125664174557    0.038488004357    0.000000000000    0.000000000000    0.000000000000    0.000000000000    0.000000000000    0.000000000000
-0.000000057918    1.299513697624    -0.007633610629    0.000024889279    131439.234375000000    131177.437500000000    -7417.560546875000    131439.250000000000    -130967.554687500000    -0.421922385693    0.175002932549    0.000061228129    -0.000430404558    0.125954300165    0.038583979011    0.000000000000    0.000000000000    0.000000000000    0.000000000000    0.000000000000    0.000000000000
-0.000000059032    1.299544692039    -0.007780142128    0.000166949641    131676.921875000000    130938.843750000000    -47500.300781250000    131676.937500000000    -122019.273437500000    -0.421580463648    0.173328489065    0.000062307096    -0.000430393266    0.125686034560    0.038495238870    0.000000000000    0.000000000000    0.000000000000    0.000000000000    0.000000000000    0.000000000000
-0.000000060145    1.299617886543    -0.007926926948    0.000292246754    131890.468750000000    130723.718750000000    -82851.796875000000    131890.500000000000    -101115.132812500000    -0.420563906431    0.168350607157    0.000065514680    -0.000430359709    0.124888516963    0.038231428713    0.000000000000    0.000000000000    0.000000000000    0.000000000000    0.000000000000    0.000000000000
-0.000000061259    1.299726128578    -0.008073925041    0.000388504472    132057.546875000000    130554.937500000000    -110008.164062500000    132057.578125000000    -70305.000000000000    -0.418779522181    0.160604313016    0.000070477130    -0.000430148066    0.123638466001    0.037814892828    0.000000000000    0.000000000000    0.000000000000    0.000000000000    0.000000000000    0.000000000000
-0.000000062373    1.299858927727    -0.008221074939    0.000446293649    132159.625000000000    130451.625000000000    -126310.265625000000    132159.656250000000    -32608.867187500000    -0.415066391230    0.151150420308    0.000076313445    -0.000428681116    0.122044719756    0.037260971963    0.000000000000    0.000000000000    0.000000000000    0.000000000000    0.000000000000    0.000000000000
-0.000000063487    1.300003170967    -0.008368295617    0.000459954841    132184.078125000000    130426.835937500000    -130163.710937500000    132184.109375000000    8280.302734375000    -0.410944521427    0.140655815601    0.000082792241    -0.000427052670    0.120275527239    0.036646071821    0.000000000000    0.000000000000    0.000000000000    0.000000000000    0.000000000000    0.000000000000
-0.000000064601    1.300144433975    -0.008515497670    0.000428150233    132125.718750000000    130485.953125000000    -121193.921875000000    132125.750000000000    48359.226562500000    -0.406822651625    0.130161210895    0.000089271038    -0.000425424223    0.118506342173    0.036031175405    0.000000000000    0.000000000000    0.000000000000    0.000000000000    0.000000000000    0.000000000000
-0.000000065714    1.300268650055    -0.008662590757    0.000353992014    131987.468750000000    130625.796875000000    -100281.234375000000    131987.500000000000    83706.460937500000    -0.403116405010    0.120724812150    0.000095096555    -0.000423959980    0.116915538907    0.035478278995    0.000000000000    0.000000000000    0.000000000000    0.000000000000    0.000000000000    0.000000000000
-0.000000066828    1.300364017487    -0.008809489198    0.000244735158    131780.421875000000    130834.687500000000    -69473.265625000000    131780.453125000000    110865.593750000000    -0.400176167488    0.113238655031    0.000099718098    -0.000422798359    0.115653514862    0.035039648414    0.000000000000    0.000000000000    0.000000000000    0.000000000000    0.000000000000    0.000000000000
-0.000000067942    1.300420880318    -0.008956127800    0.000111065827    131522.937500000000    131093.531250000000    -31783.773437500000    131522.953125000000    127182.179687500000    -0.398300707340    0.108463607728    0.000102665945    -0.000422057434    0.114848539233    0.034759871662    0.000000000000    0.000000000000    0.000000000000    0.000000000000    0.000000000000    0.000000000000
-0.000000069056    1.300433635712    -0.009102461860    -0.000033944190    131239.062500000000    131377.734375000000    9102.200195312500    131239.078125000000    131062.046875000000    -0.397672116756    0.106863185763    0.000103653962    -0.000421809091    0.114578731358    0.034666098654    0.000000000000    0.000000000000    0.000000000000    0.000000000000    0.000000000000    0.000000000000
-0.000000070170    1.300400853157    -0.009248477407    -0.000176115165    130956.257812500000    131659.625000000000    49187.945312500000    130956.257812500000    122126.187500000000    -0.398355662823    0.108603537083    0.000102579565    -0.000422079145    0.114872127771    0.034768071026    0.000000000000    0.000000000000    0.000000000000    0.000000000000    0.000000000000    0.000000000000
-0.000000071283    1.300325870514    -0.009394193068    -0.000301544787    130702.804687500000    131911.234375000000    84554.773437500000    130702.796875000000    101247.562500000000    -0.400286078453    0.113518506289    0.000099545330    -0.000422841811    0.115700691938    0.035056047142    0.000000000000    0.000000000000    0.000000000000    0.000000000000    0.000000000000    0.000000000000
-0.000000072397    1.300215601921    -0.009539654478    -0.000397966302    130504.929687500000    132106.984375000000    111744.195312500000    130504.921875000000    70466.304687500000    -0.403281301260    0.121144592762    0.000094837407    -0.000424025144    0.116986304522    0.035502873361    0.000000000000    0.000000000000    0.000000000000    0.000000000000    0.000000000000    0.000000000000
-0.000000073511    1.300080895424    -0.009684935212    -0.000455948175    130384.148437500000    132226.203125000000    128095.671875000000    130384.140625000000    32791.390625000000    -0.407052814960    0.130747154355    0.000088909306    -0.000425515143    0.118605121970    0.036065503955    0.000000000000    0.000000000000    0.000000000000    0.000000000000    0.000000000000    0.000000000000
-0.000000074625    1.299934864044    -0.009830133058    -0.000469817402    130354.921875000000    132255.015625000000    132007.250000000000    130354.906250000000    -8092.310546875000    -0.411226183176    0.141372948885    0.000082349521    -0.000427163963    0.120396427810    0.036688089371    0.000000000000    0.000000000000    0.000000000000    0.000000000000    0.000000000000    0.000000000000
-0.000000075739    1.299791693687    -0.009975352325    -0.000438216870    130422.937500000000    132187.937500000000    123093.468750000000    130422.929687500000    -48183.593750000000    -0.415399581194    0.151998728514    0.000075789743    -0.000428812753    0.122187733650    0.037310674787    0.000000000000    0.000000000000    0.000000000000    0.000000000000    0.000000000000    0.000000000000
-0.000000076852    1.299665212631    -0.010120698251    -0.000364240899    130584.375000000000    132028.468750000000    102224.593750000000    130584.367187500000    -83556.296875000000    -0.419171094894    0.161601290107    0.000069861642    -0.000430302782    0.123806543648    0.037873309106    0.000000000000    0.000000000000    0.000000000000    0.000000000000    0.000000000000    0.000000000000
-0.000000077966    1.299567818642    -0.010266271420    -0.000255135004    130825.882812500000    131789.156250000000    71442.906250000000    130825.882812500000    -110744.304687500000    -0.420807361603    0.169542759657    0.000064746506    -0.000430367742    0.125079512596    0.038294609636    0.000000000000    0.000000000000    0.000000000000    0.000000000000    0.000000000000    0.000000000000
-0.000000079080    1.299508810043    -0.010412148200    -0.000121587756    131125.703125000000    131490.859375000000    33763.484375000000    131125.718750000000    -127082.164062500000    -0.421855509281    0.174675330520    0.000061439234    -0.000430402346    0.125901818275    0.038566619158    0.000000000000    0.000000000000    0.000000000000    0.000000000000    0.000000000000    0.000000000000
-0.000000080194    1.299493908882    -0.010558379814    0.000023315642    131455.593750000000    131161.062500000000    -7121.080078125000    131455.609375000000    -130967.609375000000    -0.422230899334    0.176513597369    0.000060254712    -0.000430414744    0.126196339726    0.038664039224    0.000000000000    0.000000000000    0.000000000000    0.000000000000    0.000000000000    0.000000000000
-0.000000081308    1.299524307251    -0.010704979300    0.000165376172    131783.484375000000    130831.601562500000    -47203.210937500000    131783.500000000000    -122019.523437500000    -0.421896368265    0.174875527620    0.000061310224    -0.000430403714    0.125933900476    0.038577228785    0.000000000000    0.000000000000    0.000000000000    0.000000000000    0.000000000000    0.000000000000
-0.000000082421    1.299597144127    -0.010851928033    0.000290673692    132076.609375000000    130535.664062500000    -82554.234375000000    132076.640625000000    -101115.562500000000    -0.420885413885    0.169924974442    0.000064500215    -0.000430370332    0.125140756369    0.038314864039    0.000000000000    0.000000000000    0.000000000000    0.000000000000    0.000000000000    0.000000000000
-0.000000083535    1.299705147743    -0.010999169201    0.000386932021    132304.812500000000    130304.375000000000    -109710.320312500000    132304.843750000000    -70305.570312500000    -0.419300168753    0.162162393332    0.000069502166    -0.000430317974    0.123897083104    0.037903472781    0.000000000000    0.000000000000    0.000000000000    0.000000000000    0.000000000000    0.000000000000
-0.000000084649    1.299837470055    -0.011146617122    0.000444721896    132443.593750000000    130163.328125000000    -126012.328125000000    132443.625000000000    -32609.531250000000    -0.415681242943    0.152715861797    0.000075347023    -0.000428924017    0.122308626771    0.037352692336    0.000000000000    0.000000000000    0.000000000000    0.000000000000    0.000000000000    0.000000000000
-0.000000085763    1.299981117249    -0.011294161901    0.000458383845    132476.718750000000    130129.601562500000    -129865.921875000000    132476.750000000000    8279.613281250000    -0.411576539278    0.142264991999    0.000081798826    -0.000427302381    0.120546802878    0.036740355194    0.000000000000    0.000000000000    0.000000000000    0.000000000000    0.000000000000    0.000000000000
-0.000000086877    1.300121903419    -0.011441681534    0.000426580023    132398.187500000000    130209.515625000000    -120896.492187500000    132398.218750000000    48358.582031250000    -0.407471865416    0.131814107299    0.000088250628    -0.000425680715    0.118784986436    0.036128021777    0.000000000000    0.000000000000    0.000000000000    0.000000000000    0.000000000000    0.000000000000
-0.000000087990    1.300246000290    -0.011589053087    0.000352422503    132212.859375000000    130397.664062500000    -99984.343750000000    132212.890625000000    83705.921875000000    -0.403769046068    0.122386455536    0.000094070747    -0.000424217840    0.117195665836    0.035575635731    0.000000000000    0.000000000000    0.000000000000    0.000000000000    0.000000000000    0.000000000000
-0.000000089104    1.300341010094    -0.011736165732    0.000243166156    131936.453125000000    130677.320312500000    -69177.070312500000    131936.484375000000    110865.210937500000    -0.400839090347    0.114926531911    0.000098676086    -0.000423060294    0.115938059986    0.035138547421    0.000000000000    0.000000000000    0.000000000000    0.000000000000    0.000000000000    0.000000000000
-0.000000090218    1.300397515297    -0.011882930063    0.000109497152    131594.156250000000    131022.046875000000    -31488.343750000000    131594.171875000000    127182.000000000000    -0.398970514536    0.110168978572    0.000101613143    -0.000422322046    0.115136027336    0.034859791398    0.000000000000    0.000000000000    0.000000000000    0.000000000000    0.000000000000    0.000000000000
-0.000000091332    1.300409913063    -0.012029292062    -0.000035512785    131218.218750000000    131398.515625000000    9396.864257812500    131218.234375000000    131062.093750000000    -0.398352235556    0.108594790101    0.000102584963    -0.000422077777    0.114870652556    0.034767556936    0.000000000000    0.000000000000    0.000000000000    0.000000000000    0.000000000000    0.000000000000
-0.000000092446    1.300376772881    -0.012175234966    -0.000177683949    130845.210937500000    131769.984375000000    49481.917968750000    130845.210937500000    122126.453125000000    -0.399049520493    0.110370129347    0.000101488971    -0.000422353274    0.115169942379    0.034871578217    0.000000000000    0.000000000000    0.000000000000    0.000000000000    0.000000000000    0.000000000000
-0.000000093560    1.300301194191    -0.012320779264    -0.000303113949    130512.156250000000    132099.859375000000    84848.210937500000    130512.148437500000    101248.007812500000    -0.400993645191    0.115320086479    0.000098433135    -0.000423121353    0.116004407406    0.035161606967    0.000000000000    0.000000000000    0.000000000000    0.000000000000    0.000000000000    0.000000000000
-0.000000094673    1.300190687180    -0.012465991080    -0.000399536046    130253.085937500000    132355.296875000000    112037.281250000000    130253.078125000000    70466.882812500000    -0.403999179602    0.122972398996    0.000093709015    -0.000424308761    0.117294445634    0.035609968007    0.000000000000    0.000000000000    0.000000000000    0.000000000000    0.000000000000    0.000000000000
-0.000000095787    1.300055742264    -0.012610970065    -0.000457518589    130095.500000000000    132510.203125000000    128388.632812500000    130095.492187500000    32792.046875000000    -0.407774120569    0.132583707571    0.000087775516    -0.000425800128    0.118914723396    0.036173112690    0.000000000000    0.000000000000    0.000000000000    0.000000000000    0.000000000000    0.000000000000
-0.000000096901    1.299909114838    -0.012755838223    -0.000471388543    130057.460937500000    132547.531250000000    132300.343750000000    130057.445312500000    -8091.639648437500    -0.411964684725    0.143253222108    0.000081188737    -0.000427455700    0.120713405311    0.036798261106    0.000000000000    0.000000000000    0.000000000000    0.000000000000    0.000000000000    0.000000000000
-0.000000098015    1.299765467644    -0.012900734320    -0.000439788739    130145.539062500000    132461.031250000000    123386.929687500000    130145.531250000000    -48182.980468750000    -0.416155248880    0.153922736645    0.000074601958    -0.000429111300    0.122512079775    0.037423405796    0.000000000000    0.000000000000    0.000000000000    0.000000000000    0.000000000000    0.000000000000
-0.000000099129    1.299638628960    -0.013045796193    -0.000365813437    130353.937500000000    132255.953125000000    102518.640625000000    130353.929687500000    -83555.804687500000    -0.419599384069    0.163627535105    0.000068558074    -0.000430327869    0.124131813645    0.037981122732    0.000000000000    0.000000000000    0.000000000000    0.000000000000    0.000000000000    0.000000000000
-0.000000100242    1.299540758133    -0.013191149570    -0.000256708008    130664.726562500000    131948.906250000000    71737.679687500000    130664.726562500000    -110743.968750000000    -0.421229213476    0.171608522534    0.000063415384    -0.000430381682    0.125410482287    0.038404088467    0.000000000000    0.000000000000    0.000000000000    0.000000000000    0.000000000000    0.000000000000
-0.000000101356    1.299481391907    -0.013336894102    -0.000123161008    131049.351562500000    131566.921875000000    34059.082031250000    131049.351562500000    -127082.015625000000    -0.422282934189    0.176768407226    0.000060090522    -0.000430416461    0.126237154007    0.038677543402    0.000000000000    0.000000000000    0.000000000000    0.000000000000    0.000000000000    0.000000000000
-0.000000102470    1.299466133118    -0.013483090326    0.000021742324    131471.250000000000    131145.343750000000    -6824.638671875000    131471.265625000000    -130967.648437500000    -0.422662049532    0.178624868393    0.000058894275    -0.000430429005    0.126534581184    0.038775928319    0.000000000000    0.000000000000    0.000000000000    0.000000000000    0.000000000000    0.000000000000
-0.000000103584    1.299496293068    -0.013629758731    0.000163802993    131889.359375000000    130724.843750000000    -46905.996093750000    131889.375000000000    -122019.726562500000    -0.422331243753    0.177005022764    0.000059938055    -0.000430418062    0.126275062561    0.038690082729    0.000000000000    0.000000000000    0.000000000000    0.000000000000    0.000000000000    0.000000000000
-0.000000104698    1.299568891525    -0.013776871376    0.000289100804    132262.046875000000    130347.750000000000    -82256.359375000000    132262.078125000000    -101115.906250000000    -0.421325862408    0.172081738710    0.000063110463    -0.000430384855    0.125486284494    0.038429167122    0.000000000000    0.000000000000    0.000000000000    0.000000000000    0.000000000000    0.000000000000
-0.000000105811    1.299676537514    -0.013924355619    0.000385359570    132551.359375000000    130053.546875000000    -109412.000000000000    132551.390625000000    -70306.015625000000    -0.419744342566    0.164337366819    0.000068100686    -0.000430332642    0.124245539308    0.038018740714    0.000000000000    0.000000000000    0.000000000000    0.000000000000    0.000000000000    0.000000000000
-0.000000106925    1.299808502197    -0.014072100632    0.000443149998    132726.812500000000    129874.468750000000    -125713.804687500000    132726.843750000000    -32610.017578125000    -0.416515916586    0.154841020703    0.000074035066    -0.000429253792    0.122666887939    0.037477210164    0.000000000000    0.000000000000    0.000000000000    0.000000000000    0.000000000000    0.000000000000
-0.000000108039    1.299951791763    -0.014219968580    0.000456812500    132768.625000000000    129831.726562500000    -129567.468750000000    132768.656250000000    8279.134765625000    -0.412418097258    0.144407629967    0.000080476071    -0.000427634834    0.120908014476    0.036865897477    0.000000000000    0.000000000000    0.000000000000    0.000000000000    0.000000000000    0.000000000000
-0.000000109153    1.300092339516    -0.014367805794    0.000425009144    132669.906250000000    129932.617187500000    -120598.382812500000    132669.937500000000    48358.156250000000    -0.408320277929    0.133974254131    0.000086917076    -0.000426015904    0.119149148464    0.036254588515    0.000000000000    0.000000000000    0.000000000000    0.000000000000    0.000000000000    0.000000000000
-0.000000110267    1.300215959549    -0.014515455812    0.000350852060    132437.531250000000    130169.468750000000    -99686.828125000000    132437.562500000000    83705.585937500000    -0.404631197453    0.124581575394    0.000092715600    -0.000424558442    0.117565721273    0.035704251379    0.000000000000    0.000000000000    0.000000000000    0.000000000000    0.000000000000    0.000000000000
-0.000000111380    1.300310611725    -0.014662781730    0.000241596033    132091.796875000000    130520.281250000000    -68880.320312500000    132091.828125000000    110864.992187500000    -0.401711553335    0.117147892714    0.000097304743    -0.000423404970    0.116312541068    0.035268701613    0.000000000000    0.000000000000    0.000000000000    0.000000000000    0.000000000000    0.000000000000
-0.000000112494    1.300366878510    -0.014809673652    0.000107927197    131664.656250000000    130951.156250000000    -31192.492187500000    131664.671875000000    127181.898437500000    -0.399853289127    0.112416580319    0.000100225603    -0.000422670797    0.115514934063    0.034991484135    0.000000000000    0.000000000000    0.000000000000    0.000000000000    0.000000000000    0.000000000000
-0.000000113608    1.300379037857    -0.014956064522    -0.000037082704    131196.718750000000    131419.953125000000    9691.772460937500    131196.734375000000    131062.117187500000    -0.399241864681    0.110859878361    0.000101186626    -0.000422429264    0.115252502263    0.034900274128    0.000000000000    0.000000000000    0.000000000000    0.000000000000    0.000000000000    0.000000000000
-0.000000114722    1.300345659256    -0.015101931058    -0.000179253970    130733.492187500000    131880.796875000000    49775.929687500000    130733.492187500000    122126.593750000000    -0.399942576885    0.112643957138    0.000100085228    -0.000422706100    0.115553259850    0.035004805773    0.000000000000    0.000000000000    0.000000000000    0.000000000000    0.000000000000    0.000000000000
-0.000000115836    1.300269842148    -0.015247304924    -0.000304684159    130320.851562500000    132288.578125000000    85141.445312500000    130320.843750000000    101248.250000000000    -0.401897042990    0.117620155215    0.000097013195    -0.000423478254    0.116392157972    0.035296369344    0.000000000000    0.000000000000    0.000000000000    0.000000000000    0.000000000000    0.000000000000
-0.000000116949    1.300158858299    -0.015392268077    -0.000401106576    130000.601562500000    132603.312500000000    112329.968750000000    130000.593750000000    70467.187500000000    -0.404912859201    0.125298708677    0.000092272880    -0.000424669735    0.117686614394    0.035746272653    0.000000000000    0.000000000000    0.000000000000    0.000000000000    0.000000000000    0.000000000000
-0.000000118063    1.300023555756    -0.015536940657    -0.000459089468    129806.210937500000    132793.609375000000    128681.039062500000    129806.203125000000    32792.378906250000    -0.408701539040    0.134945005178    0.000086317785    -0.000426166545    0.119312793016    0.036311466247    0.000000000000    0.000000000000    0.000000000000    0.000000000000    0.000000000000    0.000000000000
-0.000000119177    1.299876928329    -0.015681479126    -0.000472959742    129759.375000000000    132839.375000000000    132592.765625000000    129759.359375000000    -8091.312500000000    -0.412892103195    0.145614504814    0.000079731006    -0.000427822117    0.121111474931    0.036936610937    0.000000000000    0.000000000000    0.000000000000    0.000000000000    0.000000000000    0.000000000000
-0.000000120291    1.299733042717    -0.015826052055    -0.000441360258    129867.515625000000    132733.656250000000    123679.679687500000    129867.507812500000    -48182.683593750000    -0.417086124420    0.156292766333    0.000073138835    -0.000429479056    0.122911624610    0.037562269717    0.000000000000    0.000000000000    0.000000000000    0.000000000000    0.000000000000    0.000000000000
-0.000000121405    1.299605846405    -0.015970829874    -0.000367385248    130122.890625000000    132483.328125000000    102812.000000000000    130122.882812500000    -83555.570312500000    -0.420108586550    0.166121035814    0.000066951347    -0.000430344662    0.124531306326    0.038113269955    0.000000000000    0.000000000000    0.000000000000    0.000000000000    0.000000000000    0.000000000000
-0.000000122518    1.299507737160    -0.016115961596    -0.000258280052    130502.945312500000    132108.953125000000    72031.882812500000    130502.945312500000    -110743.812500000000    -0.421742141247    0.174120217562    0.000061796934    -0.000430398621    0.125812888145    0.038537196815    0.000000000000    0.000000000000    0.000000000000    0.000000000000    0.000000000000    0.000000000000
-0.000000123632    1.299447894096    -0.016261572018    -0.000124733197    130972.375000000000    131643.593750000000    34354.277343750000    130972.375000000000    -127081.953125000000    -0.422803282738    0.179316490889    0.000058448615    -0.000430433662    0.126645401120    0.038812585175    0.000000000000    0.000000000000    0.000000000000    0.000000000000    0.000000000000    0.000000000000
-0.000000124746    1.299432277679    -0.016407733783    0.000020170126    131486.281250000000    131130.281250000000    -6528.395507812500    131486.296875000000    -130967.679687500000    -0.423189818859    0.181209355593    0.000057228910    -0.000430446409    0.126948654652    0.038912899792    0.000000000000    0.000000000000    0.000000000000    0.000000000000    0.000000000000    0.000000000000
-0.000000125860    1.299462080002    -0.016554471105    0.000162230877    131994.593750000000    130618.601562500000    -46608.742187500000    131994.609375000000    -122019.851562500000    -0.422864615917    0.179616808891    0.000058255104    -0.000430435670    0.126693516970    0.038828499615    0.000000000000    0.000000000000    0.000000000000    0.000000000000    0.000000000000    0.000000000000
-0.000000126974    1.299534320831    -0.016701748595    0.000287528877    132446.859375000000    130159.992187500000    -81958.242187500000    132446.890625000000    -101116.117187500000    -0.421862930059    0.174711734056    0.000061415776    -0.000430402608    0.125907659531    0.038568545133    0.000000000000    0.000000000000    0.000000000000    0.000000000000    0.000000000000    0.000000000000
-0.000000128087    1.299641728401    -0.016849476844    0.000383787905    132797.281250000000    129802.429687500000    -109113.234375000000    132797.312500000000    -70306.265625000000    -0.420286983252    0.166994661093    0.000066388406    -0.000430350570    0.124671272933    0.038159567863    0.000000000000    0.000000000000    0.000000000000    0.000000000000    0.000000000000    0.000000000000
-0.000000129201    1.299773454666    -0.016997518018    0.000441578624    133009.437500000000    129585.031250000000    -125414.695312500000    133009.468750000000    -32610.300781250000    -0.417522341013    0.157403454185    0.000072453156    -0.000429651409    0.123098865151    0.037627346814    0.000000000000    0.000000000000    0.000000000000    0.000000000000    0.000000000000    0.000000000000
-0.000000130315    1.299916505814    -0.017145708203    0.000455241418    133059.937500000000    129533.195312500000    -129268.343750000000    133059.968750000000    8278.844726562500    -0.413434833288    0.146996304393    0.000078877965    -0.000428036525    0.121344417334    0.037017572671    0.000000000000    0.000000000000    0.000000000000    0.000000000000    0.000000000000    0.000000000000
-0.000000131429    1.300056576729    -0.017293861136    0.000423438381    132941.000000000000    129655.234375000000    -120299.585937500000    132941.031250000000    48357.886718750000    -0.409347295761    0.136589154601    0.000085302774    -0.000426421640    0.119589969516    0.036407798529    0.000000000000    0.000000000000    0.000000000000    0.000000000000    0.000000000000    0.000000000000
-0.000000132543    1.300180077553    -0.017441788688    0.000349281530    132661.562500000000    129941.140625000000    -99388.679687500000    132661.593750000000    83705.367187500000    -0.405665099621    0.127213969827    0.000091090500    -0.000424966915    0.118009492755    0.035858489573    0.000000000000    0.000000000000    0.000000000000    0.000000000000    0.000000000000    0.000000000000
-0.000000133656    1.300274491310    -0.017589325085    0.000240025678    132246.500000000000    130363.546875000000    -68583.093750000000    132246.531250000000    110864.843750000000    -0.402752310038    0.119797781110    0.000095668845    -0.000423816149    0.116759262979    0.035423960537    0.000000000000    0.000000000000    0.000000000000    0.000000000000    0.000000000000    0.000000000000
-0.000000134770    1.300330400467    -0.017736341804    0.000106356943    131734.546875000000    130880.875000000000    -30896.359375000000    131734.562500000000    127181.835937500000    -0.400900900364    0.115083955228    0.000098578908    -0.000423084712    0.115964598954    0.035147771239    0.000000000000    0.000000000000    0.000000000000    0.000000000000    0.000000000000    0.000000000000
-0.000000135884    1.300342082977    -0.017882756889    -0.000038652928    131174.593750000000    131442.062500000000    9986.737304687500    131174.609375000000    131062.132812500000    -0.400303244591    0.113562241197    0.000099518336    -0.000422848592    0.115708068013    0.035058610141    0.000000000000    0.000000000000    0.000000000000    0.000000000000    0.000000000000    0.000000000000
-0.000000136998    1.300308346748    -0.018028547987    -0.000180824252    130621.148437500000    131992.062500000000    50069.765625000000    130621.148437500000    122126.695312500000    -0.401017695665    0.115381300449    0.000098395343    -0.000423130841    0.116014726460    0.035165190697    0.000000000000    0.000000000000    0.000000000000    0.000000000000    0.000000000000    0.000000000000
-0.000000138112    1.300232172012    -0.018173752353    -0.000306254602    130128.906250000000    132477.390625000000    85434.312500000000    130128.898437500000    101248.437500000000    -0.402979016304    0.120374985039    0.000095312513    -0.000423905702    0.116856567562    0.035457782447    0.000000000000    0.000000000000    0.000000000000    0.000000000000    0.000000000000    0.000000000000
-0.000000139225    1.300121068954    -0.018318464980    -0.000402677251    129747.445312500000    132851.000000000000    112622.101562500000    129747.437500000000    70467.429687500000    -0.406001716852    0.128071025014    0.000090561400    -0.000425099890    0.118153974414    0.035908706486    0.000000000000    0.000000000000    0.000000000000    0.000000000000    0.000000000000    0.000000000000
-0.000000140339    1.299985527992    -0.018462834880    -0.000460660434    129516.250000000000    133076.406250000000    128972.773437500000    129516.242187500000    32792.667968750000    -0.409793853760    0.137726068497    0.000084600906    -0.000426598068    0.119781628251    0.036474414170    0.000000000000    0.000000000000    0.000000000000    0.000000000000    0.000000000000    0.000000000000
-0.000000141453    1.299838304520    -0.018607040867    -0.000474531116    129460.609375000000    133130.531250000000    132884.468750000000    129460.593750000000    -8091.007812500000    -0.414001584053    0.148439317942    0.000077987133    -0.000428260450    0.121587678790    0.037102121860    0.000000000000    0.000000000000    0.000000000000    0.000000000000    0.000000000000    0.000000000000
-0.000000142567    1.299694061279    -0.018751289696    -0.000442931952    129588.804687500000    133005.734375000000    123971.726562500000    129588.796875000000    -48182.394531250000    -0.418209314346    0.159152552485    0.000071373361    -0.000429922802    0.123393729329    0.037729829550    0.000000000000    0.000000000000    0.000000000000    0.000000000000    0.000000000000    0.000000000000
-0.000000143681    1.299566626549    -0.018895780668    -0.000368957233    129891.140625000000    132710.500000000000    103104.757812500000    129891.132812500000    -83555.320312500000    -0.420720010996    0.169115036726    0.000065022105    -0.000430364860    0.125010982156    0.038271941245    0.000000000000    0.000000000000    0.000000000000    0.000000000000    0.000000000000    0.000000000000
-0.000000144794    1.299468040466    -0.019040692598    -0.000259852299    130340.468750000000    132269.203125000000    72325.640625000000    130340.468750000000    -110743.625000000000    -0.422359108925    0.177141517401    0.000059850096    -0.000430418993    0.126296937466    0.038697317243    0.000000000000    0.000000000000    0.000000000000    0.000000000000    0.000000000000    0.000000000000
-0.000000145908    1.299407958984    -0.019186167046    -0.000126305618    130894.695312500000    131720.765625000000    34649.234375000000    130894.695312500000    -127081.835937500000    -0.423425853252    0.182365104556    0.000056484187    -0.000430454209    0.127133816481    0.038974151015    0.000000000000    0.000000000000    0.000000000000    0.000000000000    0.000000000000    0.000000000000
-0.000000147022    1.299392104149    -0.019332293421    0.000018597615    131500.640625000000    131115.843750000000    -6232.152343750000    131500.656250000000    -130967.656250000000    -0.423814266920    0.184267073870    0.000055258624    -0.000430467044    0.127438545227    0.039074946195    0.000000000000    0.000000000000    0.000000000000    0.000000000000    0.000000000000    0.000000000000
-0.000000148136    1.299421668053    -0.019479095936    0.000160658383    132099.171875000000    130512.820312500000    -46311.257812500000    132099.187500000000    -122019.929687500000    -0.423492759466    0.182692706585    0.000056273089    -0.000430456421    0.127186313272    0.038991510868    0.000000000000    0.000000000000    0.000000000000    0.000000000000    0.000000000000    0.000000000000
-0.000000149250    1.299493670464    -0.019626531750    0.000285956514    132630.968750000000    129972.335937500000    -81659.695312500000    132631.000000000000    -101116.273437500000    -0.422496646643    0.177814930677    0.000059416165    -0.000430423534    0.126404821873    0.038733005524    0.000000000000    0.000000000000    0.000000000000    0.000000000000    0.000000000000    0.000000000000
-0.000000150363    1.299600601196    -0.019774498418    0.000382215716    133042.531250000000    129551.023437500000    -108813.890625000000    133042.562500000000    -70306.500000000000    -0.420926302671    0.170125171542    0.000064371212    -0.000430371671    0.125172823668    0.038325473666    0.000000000000    0.000000000000    0.000000000000    0.000000000000    0.000000000000    0.000000000000
-0.000000151477    1.299731969833    -0.019922837615    0.000440006726    133291.359375000000    129295.000000000000    -125114.921875000000    133291.390625000000    -32610.580078125000    -0.418717682362    0.160446882248    0.000070574308    -0.000430123648    0.123611927032    0.037805669010    0.000000000000    0.000000000000    0.000000000000    0.000000000000    0.000000000000    0.000000000000
-0.000000152591    1.299874544144    -0.020071348175    0.000453669840    133350.531250000000    129233.984375000000    -128968.539062500000    133350.562500000000    8278.550781250000    -0.414640456438    0.150065973401    0.000076982920    -0.000428512838    0.121861904860    0.037197429687    0.000000000000    0.000000000000    0.000000000000    0.000000000000    0.000000000000    0.000000000000
-0.000000153705    1.300014376640    -0.020219814032    0.000421867124    133211.421875000000    129377.367187500000    -120000.171875000000    133211.453125000000    48357.609375000000    -0.410563260317    0.139685064554    0.000083391526    -0.000426902057    0.120111882687    0.036589194089    0.000000000000    0.000000000000    0.000000000000    0.000000000000    0.000000000000    0.000000000000
-0.000000154819    1.300137400627    -0.020368019119    0.000347710564    132884.906250000000    129712.687500000000    -99090.015625000000    132884.937500000000    83705.132812500000    -0.406891345978    0.130336120725    0.000089163055    -0.000425451377    0.118535824120    0.036041423678    0.000000000000    0.000000000000    0.000000000000    0.000000000000    0.000000000000    0.000000000000
-0.000000155933    1.300231337547    -0.020515769720    0.000238454959    132400.500000000000    130207.078125000000    -68285.492187500000    132400.531250000000    110864.664062500000    -0.403992325068    0.122954905033    0.000093719813    -0.000424306025    0.117291495204    0.035608943552    0.000000000000    0.000000000000    0.000000000000    0.000000000000    0.000000000000    0.000000000000
-0.000000157046    1.300287008286    -0.020662913099    0.000104786392    131803.703125000000    130811.148437500000    -30600.042968750000    131803.718750000000    127181.734375000000    -0.402151226997    0.118267320096    0.000096613672    -0.000423578662    0.116501256824    0.035334289074    0.000000000000    0.000000000000    0.000000000000    0.000000000000    0.000000000000    0.000000000000
-0.000000158160    1.300298452377    -0.020809356123    -0.000040223407    131151.750000000000    131464.781250000000    10281.676757812500    131151.765625000000    131062.117187500000    -0.401556968689    0.116754353046    0.000097547701    -0.000423343910    0.116246193647    0.035245642066    0.000000000000    0.000000000000    0.000000000000    0.000000000000    0.000000000000    0.000000000000
-0.000000159274    1.300264477730    -0.020955068991    -0.000182394753    130508.093750000000    132103.781250000000    50363.367187500000    130508.093750000000    122126.757812500000    -0.402278304100    0.118590906262    0.000096413911    -0.000423628866    0.116555802524    0.035353247076    0.000000000000    0.000000000000    0.000000000000    0.000000000000    0.000000000000    0.000000000000
-0.000000160388    1.300188064575    -0.021100101992    -0.000307825248    129936.250000000000    132666.265625000000    85726.742187500000    129936.242187500000    101248.570312500000    -0.404249936342    0.123610824347    0.000093314884    -0.000424407801    0.117402069271    0.035647373646    0.000000000000    0.000000000000    0.000000000000    0.000000000000    0.000000000000    0.000000000000
-0.000000161502    1.300076484680    -0.021244565025    -0.000404248072    129493.609375000000    133098.359375000000    112913.656250000000    129493.601562500000    70467.632812500000    -0.407282948494    0.131333097816    0.000088547575    -0.000425606064    0.118703901768    0.036099836230    0.000000000000    0.000000000000    0.000000000000    0.000000000000    0.000000000000    0.000000000000
-0.000000162615    1.299940586090    -0.021388629451    -0.000462231517    129225.625000000000    133358.562500000000    129263.828125000000    129225.617187500000    32792.910156250000    -0.411088794470    0.141023129225    0.000082565486    -0.000427109684    0.120337449014    0.036667592824    0.000000000000    0.000000000000    0.000000000000    0.000000000000    0.000000000000    0.000000000000
-0.000000163729    1.299793362617    -0.021532509476    -0.000476102490    129161.171875000000    133420.984375000000    133175.484375000000    129161.156250000000    -8090.737304687500    -0.415296524763    0.151736363769    0.000075951713    -0.000428772037    0.122143499553    0.037295304239    0.000000000000    0.000000000000    0.000000000000    0.000000000000    0.000000000000    0.000000000000
-0.000000164843    1.299648880959    -0.021676436067    -0.000444503647    129309.429687500000    133277.312500000000    124263.148437500000    129309.421875000000    -48182.121093750000    -0.419367074966    0.162490010262    0.000069291069    -0.000430320186    0.123949572444    0.037920836359    0.000000000000    0.000000000000    0.000000000000    0.000000000000    0.000000000000    0.000000000000
-0.000000165957    1.299521088600    -0.021820640191    -0.000370529218    129658.726562500000    132937.500000000000    103397.000000000000    129658.718750000000    -83555.070312500000    -0.421428054571    0.172582268715    0.000062787942    -0.000430388231    0.125566482544    0.038455691189    0.000000000000    0.000000000000    0.000000000000    0.000000000000    0.000000000000    0.000000000000
-0.000000167071    1.299422264099    -0.021965328604    -0.000261424459    130177.335937500000    132429.703125000000    72619.046875000000    130177.335937500000    -110743.437500000000    -0.423072755337    0.180636048317    0.000057598339    -0.000430442567    0.126856803894    0.038882516325    0.000000000000    0.000000000000    0.000000000000    0.000000000000    0.000000000000    0.000000000000
-0.000000168184    1.299361824989    -0.022110668942    -0.000127877924    130816.367187500000    131798.531250000000    34944.035156250000    130816.367187500000    -127081.742187500000    -0.424143195152    0.185877829790    0.000054220702    -0.000430477899    0.127696603537    0.039160311222    0.000000000000    0.000000000000    0.000000000000    0.000000000000    0.000000000000    0.000000000000
-0.000000169298    1.299345493317    -0.022256758064    0.000017025272    131514.312500000000    131102.093750000000    -5935.860351562500    131514.328125000000    -130967.656250000000    -0.424539029598    0.187816202641    0.000052971682    -0.000430490967    0.128007158637    0.039263039827    0.000000000000    0.000000000000    0.000000000000    0.000000000000    0.000000000000    0.000000000000
-0.000000170412    1.299374699593    -0.022403627634    0.000159086121    132203.046875000000    130407.554687500000    -46013.531250000000    132203.062500000000    -122020.023437500000    -0.424224972725    0.186278238893    0.000053962689    -0.000430480606    0.127760767937    0.039181530476    0.000000000000    0.000000000000    0.000000000000    0.000000000000    0.000000000000    0.000000000000
-0.000000171526    1.299446344376    -0.022551227361    0.000284384412    132814.406250000000    129784.851562500000    -81360.718750000000    132814.437500000000    -101116.460937500000    -0.423232585192    0.181418657303    0.000057094043    -0.000430447835    0.126982197165    0.038923989981    0.000000000000    0.000000000000    0.000000000000    0.000000000000    0.000000000000    0.000000000000
-0.000000172640    1.299553036690    -0.022699434310    0.000380643905    133287.078125000000    129299.382812500000    -108513.984375000000    133287.109375000000    -70306.773437500000    -0.421667784452    0.173756197095    0.000062031490    -0.000430396147    0.125754565001    0.038517907262    0.000000000000    0.000000000000    0.000000000000    0.000000000000    0.000000000000    0.000000000000
-0.000000173753    1.299684047699    -0.022848067805    0.000438435265    133572.609375000000    129004.406250000000    -124814.507812500000    133572.640625000000    -32610.904296875000    -0.419684886932    0.164046168327    0.000068288333    -0.000430330692    0.124198883772    0.038003306836    0.000000000000    0.000000000000    0.000000000000    0.000000000000    0.000000000000    0.000000000000
-0.000000174867    1.299826502800    -0.022996900603    0.000452098757    133640.453125000000    128934.117187500000    -128668.078125000000    133640.484375000000    8278.203125000000    -0.416024714708    0.153590410948    0.000074807125    -0.000429059728    0.122456058860    0.037403933704    0.000000000000    0.000000000000    0.000000000000    0.000000000000    0.000000000000    0.000000000000
-0.000000175981    1.299965977669    -0.023145683110    0.000420296448    133481.156250000000    129099.023437500000    -119700.164062500000    133481.187500000000    48357.265625000000    -0.411954373121    0.143226981163    0.000081204933    -0.000427451654    0.120708979666    0.036796722561    0.000000000000    0.000000000000    0.000000000000    0.000000000000    0.000000000000    0.000000000000
-0.000000177095    1.300088644028    -0.023294165730    0.000346140238    133107.593750000000    129484.140625000000    -98790.906250000000    133107.625000000000    83704.828125000000    -0.408292800188    0.133904278278    0.000086960266    -0.000426005048    0.119137346745    0.036250486970    0.000000000000    0.000000000000    0.000000000000    0.000000000000    0.000000000000    0.000000000000
-0.000000178209    1.300182342529    -0.023442126811    0.000236884924    132553.859375000000    130050.929687500000    -67987.656250000000    132553.890625000000    110864.437500000000    -0.405400633812    0.126540571451    0.000091506219    -0.000424862432    0.117895968258    0.035819035023    0.000000000000    0.000000000000    0.000000000000    0.000000000000    0.000000000000    0.000000000000
-0.000000179322    1.300237536430    -0.023589394987    0.000103216560    131872.281250000000    130742.023437500000    -30303.710937500000    131872.296875000000    127181.617187500000    -0.403573244810    0.121887959540    0.000094378491    -0.000424140482    0.117111623287    0.035546429455    0.000000000000    0.000000000000    0.000000000000    0.000000000000    0.000000000000    0.000000000000
-0.000000180436    1.300248622894    -0.023735862225    -0.000041793181    131128.328125000000    131488.171875000000    10576.409179687500    131128.343750000000    131062.132812500000    -0.402992755175    0.120409965515    0.000095290918    -0.000423911144    0.116862460971    0.035459831357    0.000000000000    0.000000000000    0.000000000000    0.000000000000    0.000000000000    0.000000000000
-0.000000181550    1.300214290619    -0.023881500587    -0.000183964614    130394.460937500000    132215.984375000000    50656.566406250000    130394.460937500000    122126.921875000000    -0.403724402189    0.122272759676    0.000094140931    -0.000424200174    0.117176495492    0.035568974912    0.000000000000    0.000000000000    0.000000000000    0.000000000000    0.000000000000    0.000000000000
-0.000000182664    1.300137519836    -0.024026362225    -0.000309395342    129743.031250000000    132855.296875000000    86018.632812500000    129743.023437500000    101248.851562500000    -0.405702888966    0.127310171723    0.000091031106    -0.000424981845    0.118025705218    0.035864125937    0.000000000000    0.000000000000    0.000000000000    0.000000000000    0.000000000000    0.000000000000
-0.000000183778    1.300025701523    -0.024170573801    -0.000405818544    129239.210937500000    133345.468750000000    113204.585937500000    129239.203125000000    70468.007812500000    -0.408746212721    0.135058686137    0.000086247601    -0.000426184182    0.119331963360    0.036318127066    0.000000000000    0.000000000000    0.000000000000    0.000000000000    0.000000000000    0.000000000000
-0.000000184891    1.299889326096    -0.024314330891    -0.000463802455    128934.429687500000    133640.187500000000    129554.242187500000    128934.414062500000    32793.347656250000    -0.412562370300    0.144774943590    0.000080249316    -0.000427691848    0.120969936252    0.036887418479    0.000000000000    0.000000000000    0.000000000000    0.000000000000    0.000000000000    0.000000000000
-0.000000186005    1.299741506577    -0.024457877502    -0.000477673864    128861.164062500000    133710.843750000000    133465.906250000000    128861.148437500000    -8090.291992187500    -0.416787266731    0.155531913042    0.000073608542    -0.000429360982    0.122783355415    0.037517692894    0.000000000000    0.000000000000    0.000000000000    0.000000000000    0.000000000000    0.000000000000
-0.000000187119    1.299596667290    -0.024601476267    -0.000446075515    129029.468750000000    133548.437500000000    124554.062500000000    129029.460937500000    -48181.718750000000    -0.420181065798    0.166475951672    0.000066722656    -0.000430347078    0.124588169158    0.038132078946    0.000000000000    0.000000000000    0.000000000000    0.000000000000    0.000000000000    0.000000000000
-0.000000188233    1.299468398094    -0.024745393544    -0.000372101495    129425.726562500000    133164.437500000000    103688.859375000000    129425.718750000000    -83554.750000000000    -0.422247618437    0.176595509052    0.000060201939    -0.000430415297    0.126209452748    0.038668379188    0.000000000000    0.000000000000    0.000000000000    0.000000000000    0.000000000000    0.000000000000
-0.000000189347    1.299369215965    -0.024889860302    -0.000262997055    130013.609375000000    132590.531250000000    72912.234375000000    130013.609375000000    -110743.226562500000    -0.423897892237    0.184676587582    0.000054994747    -0.000430469809    0.127504155040    0.039096649736    0.000000000000    0.000000000000    0.000000000000    0.000000000000    0.000000000000    0.000000000000
-0.000000190460    1.299308538437    -0.025035062805    -0.000129450695    130737.421875000000    131876.890625000000    35238.792968750000    130737.421875000000    -127081.656250000000    -0.424973905087    0.189945667982    0.000051599516    -0.000430505344    0.128348335624    0.039375893772    0.000000000000    0.000000000000    0.000000000000    0.000000000000    0.000000000000    0.000000000000
-0.000000191574    1.299291968346    -0.025181114674    0.000015452462    131527.359375000000    131089.046875000000    -5639.430664062500    131527.375000000000    -130967.695312500000    -0.425373464823    0.191902235150    0.000050338767    -0.000430518528    0.128661796451    0.039479583502    0.000000000000    0.000000000000    0.000000000000    0.000000000000    0.000000000000    0.000000000000
-0.000000192688    1.299320816994    -0.025328047574    0.000157513423    132306.281250000000    130302.835937500000    -45715.484375000000    132306.296875000000    -122020.179687500000    -0.425063103437    0.190382480621    0.000051318046    -0.000430508284    0.128418311477    0.039399042726    0.000000000000    0.000000000000    0.000000000000    0.000000000000    0.000000000000    0.000000000000
-0.000000193802    1.299391984940    -0.025475805625    0.000282811961    132997.203125000000    129597.539062500000    -81061.281250000000    132997.234375000000    -101116.718750000000    -0.424078166485    0.185559317470    0.000054425942    -0.000430475746    0.127645581961    0.039143431932    0.000000000000    0.000000000000    0.000000000000    0.000000000000    0.000000000000    0.000000000000
-0.000000194916    1.299498319626    -0.025624252856    0.000379071775    133531.000000000000    129047.500000000000    -108213.523437500000    133531.031250000000    -70307.101562500000    -0.422518938780    0.177924156189    0.000059345799    -0.000430424261    0.126422315836    0.038738794625    0.000000000000    0.000000000000    0.000000000000    0.000000000000    0.000000000000    0.000000000000
-0.000000196029    1.299629092216    -0.025773180649    0.000436863513    133853.203125000000    128713.257812500000    -124513.468750000000    133853.234375000000    -32611.273437500000    -0.420541584492    0.168241411448    0.000065585045    -0.000430358981    0.124871015549    0.038225643337    0.000000000000    0.000000000000    0.000000000000    0.000000000000    0.000000000000    0.000000000000
-0.000000197143    1.299770951271    -0.025922333822    0.000450527441    133929.718750000000    128633.632812500000    -128367.000000000000    133929.750000000000    8277.831054687500    -0.417621940374    0.157657071948    0.000072296592    -0.000429690757    0.123141616583    0.037642206997    0.000000000000    0.000000000000    0.000000000000    0.000000000000    0.000000000000    0.000000000000
-0.000000198257    1.299910068512    -0.026071427390    0.000418725511    133750.250000000000    128820.242187500000    -119399.570312500000    133750.281250000000    48356.937500000000    -0.413565337658    0.147328630090    0.000078672805    -0.000428088097    0.121400438249    0.037037044764    0.000000000000    0.000000000000    0.000000000000    0.000000000000    0.000000000000    0.000000000000
-0.000000199371    1.300032496452    -0.026220185682    0.000344569649    133329.625000000000    129255.523437500000    -98491.289062500000    133329.656250000000    83704.570312500000    -0.409910619259    0.138023406267    0.000084417341    -0.000426644197    0.119831755757    0.036491833627    0.000000000000    0.000000000000    0.000000000000    0.000000000000    0.000000000000    0.000000000000
-0.000000200485    1.300125718117    -0.026368357241    0.000235314568    132706.562500000000    129895.132812500000    -67689.414062500000    132706.593750000000    110864.273437500000    -0.407032191753    0.130694687366    0.000088941699    -0.000425507023    0.118596270680    0.036062430590    0.000000000000    0.000000000000    0.000000000000    0.000000000000    0.000000000000    0.000000000000
-0.000000201598    1.300180435181    -0.026515750214    0.000101646328    131940.156250000000    130673.539062500000    -30007.113281250000    131940.171875000000    127181.554687500000    -0.405215144157    0.126068308949    0.000091797767    -0.000424789148    0.117816351354    0.035791363567    0.000000000000    0.000000000000    0.000000000000    0.000000000000    0.000000000000    0.000000000000
-0.000000202712    1.300191164017    -0.026662243530    -0.000043363401    131104.171875000000    131512.250000000000    10871.248046875000    131104.187500000000    131062.164062500000    -0.404644936323    0.124616555870    0.000092693997    -0.000424563885    0.117571614683    0.035706304014    0.000000000000    0.000000000000    0.000000000000    0.000000000000    0.000000000000    0.000000000000
-0.000000203826    1.300156593323    -0.026807803661    -0.000185534911    130280.093750000000    132328.671875000000    50949.699218750000    130280.093750000000    122127.023437500000    -0.405383437872    0.126496836543    0.000091533220    -0.000424855622    0.117888599634    0.035816472024    0.000000000000    0.000000000000    0.000000000000    0.000000000000    0.000000000000    0.000000000000
-0.000000204940    1.300079584122    -0.026952490211    -0.000310965755    129549.078125000000    133044.421875000000    86310.273437500000    129549.070312500000    101249.007812500000    -0.407372236252    0.131560489535    0.000088407200    -0.000425641367    0.118742227554    0.036113161594    0.000000000000    0.000000000000    0.000000000000    0.000000000000    0.000000000000    0.000000000000
-0.000000206054    1.299967408180    -0.027096450329    -0.000407389191    128984.062500000000    133592.250000000000    113495.078125000000    128984.054687500000    70468.187500000000    -0.410422414541    0.139326497912    0.000083612889    -0.000426846411    0.120051428676    0.036568187177    0.000000000000    0.000000000000    0.000000000000    0.000000000000    0.000000000000    0.000000000000
-0.000000207167    1.299830675125    -0.027239900082    -0.000465373305    128642.476562500000    133921.234375000000    129844.078125000000    128642.460937500000    32793.531250000000    -0.414248883724    0.149068981409    0.000077598408    -0.000428358151    0.121693834662    0.037139017135    0.000000000000    0.000000000000    0.000000000000    0.000000000000    0.000000000000    0.000000000000
-0.000000208281    1.299682855606    -0.027383113280    -0.000479244918    128560.406250000000    134000.015625000000    133755.609375000000    128560.390625000000    -8090.122070312500    -0.418477237225    0.159834697843    0.000070952236    -0.000430028653    0.123508729041    0.037769798189    0.000000000000    0.000000000000    0.000000000000    0.000000000000    0.000000000000    0.000000000000
-0.000000209395    1.299537658691    -0.027526382357    -0.000447646715    128748.781250000000    133819.046875000000    124844.226562500000    128748.773437500000    -48181.574218750000    -0.421099126339    0.170971497893    0.000063825864    -0.000430377375    0.125308424234    0.038370326161    0.000000000000    0.000000000000    0.000000000000    0.000000000000    0.000000000000    0.000000000000
-0.000000210509    1.299409270287    -0.027670009062    -0.000373672810    129192.000000000000    133391.203125000000    103980.007812500000    129191.992187500000    -83554.640625000000    -0.423169374466    0.181109249592    0.000057293411    -0.000430445740    0.126932621002    0.038907594979    0.000000000000    0.000000000000    0.000000000000    0.000000000000    0.000000000000    0.000000000000
-0.000000211623    1.299309730530    -0.027814250439    -0.000264568487    129849.140625000000    132751.578125000000    73204.804687500000    129849.140625000000    -110743.156250000000    -0.424825221300    0.189217641950    0.000052068634    -0.000430500426    0.128231689334    0.039337310940    0.000000000000    0.000000000000    0.000000000000    0.000000000000    0.000000000000    0.000000000000
-0.000000212736    1.299248695374    -0.027959316969    -0.000131022171    130657.750000000000    131955.828125000000    35533.097656250000    130657.750000000000    -127081.632812500000    -0.425904959440    0.194504931569    0.000048661677    -0.000430536078    0.129078790545    0.039617519826    0.000000000000    0.000000000000    0.000000000000    0.000000000000    0.000000000000    0.000000000000
-0.000000213850    1.299231767654    -0.028105331585    0.000013880990    131539.703125000000    131076.671875000000    -5343.250976562500    131539.718750000000    -130967.726562500000    -0.426310092211    0.196488797665    0.000047383335    -0.000430549466    0.129396632314    0.039722658694    0.000000000000    0.000000000000    0.000000000000    0.000000000000    0.000000000000    0.000000000000
-0.000000214964    1.299260377884    -0.028252329677    0.000155942005    132408.828125000000    130198.648437500000    -45417.468750000000    132408.843750000000    -122020.250000000000    -0.426005333662    0.194996342063    0.000048345024    -0.000430539396    0.129157513380    0.039643563330    0.000000000000    0.000000000000    0.000000000000    0.000000000000    0.000000000000    0.000000000000
-0.000000216078    1.299331188202    -0.028400249779    0.000281240616    133179.281250000000    129410.414062500000    -80761.648437500000    133179.312500000000    -101116.820312500000    -0.425025939941    0.190200477839    0.000051435327    -0.000430507062    0.128389149904    0.039389397949    0.000000000000    0.000000000000    0.000000000000    0.000000000000    0.000000000000    0.000000000000
-0.000000217192    1.299437165260    -0.028548937291    0.000377500546    133774.156250000000    128795.382812500000    -107912.656250000000    133774.187500000000    -70307.226562500000    -0.423470437527    0.182583510876    0.000056343455    -0.000430455693    0.127168819308    0.038985725492    0.000000000000    0.000000000000    0.000000000000    0.000000000000    0.000000000000    0.000000000000
-0.000000218306    1.299567580223    -0.028698161244    0.000435292430    134133.046875000000    128421.562500000000    -124211.875000000000    134133.078125000000    -32611.402343750000    -0.421498686075    0.172928065062    0.000062565116    -0.000430390588    0.125621885061    0.038474019617    0.000000000000    0.000000000000    0.000000000000    0.000000000000    0.000000000000    0.000000000000
-0.000000219419    1.299709439278    -0.028847632930    0.000448956504    134218.234375000000    128332.515625000000    -128065.257812500000    134218.265625000000    8277.704101562500    -0.419305741787    0.162189692259    0.000069484573    -0.000430318178    0.123901456594    0.037904921919    0.000000000000    0.000000000000    0.000000000000    0.000000000000    0.000000000000    0.000000000000
-0.000000220533    1.299848318100    -0.028997041285    0.000417154690    134018.578125000000    128541.000000000000    -119098.296875000000    134018.609375000000    48356.812500000000    -0.415341198444    0.151850059628    0.000075881522    -0.000428789674    0.122162669897    0.037301965058    0.000000000000    0.000000000000    0.000000000000    0.000000000000    0.000000000000    0.000000000000
-0.000000221647    1.299970388412    -0.029146077111    0.000342998945    133550.906250000000    129026.828125000000    -98191.054687500000    133550.937500000000    83704.460937500000    -0.411696761847    0.142571076751    0.000081609862    -0.000427349878    0.120598405600    0.036758292466    0.000000000000    0.000000000000    0.000000000000    0.000000000000    0.000000000000    0.000000000000
