wc / wrf: 0.935595
 t  x  y  z vpar vper vx vy vz re(e1)  im(e1)  re(e2)  im(e2)  re(e3)  im(e3)  re(b1)  im(b1)  re(b2)  im(b2)  re(b3)  im(b3)
-0.000000000000    1.300358653069    -0.000029250352    -0.000296742626    131308.328125000000    131308.453125000000    83697.335937500000    131308.328125000000    101176.445312500000    -0.399348348379    0.111130990088    0.000101019250    -0.000422471319    0.115298204124    0.034916158766    0.000000000000    0.000000000000    0.000000000000    0.000000000000    0.000000000000    0.000000000000
-0.000000001114    1.300249457359    -0.000175501133    -0.000393071328    131306.281250000000    131310.500000000000    110861.304687500000    131306.281250000000    70372.046875000000    -0.402312666178    0.118678361177    0.000096359923    -0.000423642457    0.116570547223    0.035358373076    0.000000000000    0.000000000000    0.000000000000    0.000000000000    0.000000000000    0.000000000000
-0.000000002228    1.300115704536    -0.000321748812    -0.000450939522    131303.281250000000    131313.500000000000    127181.179687500000    131303.281250000000    32683.207031250000    -0.406053245068    0.128202214837    0.000090480411    -0.000425120263    0.118176087737    0.035916391760    0.000000000000    0.000000000000    0.000000000000    0.000000000000    0.000000000000    0.000000000000
-0.000000003341    1.299970865250    -0.000467993959    -0.000464685378    131302.234375000000    131314.562500000000    131058.070312500000    131302.234375000000    -8203.836914062500    -0.410195708275    0.138749286532    0.000083969222    -0.000426756829    0.119954124093    0.036534365267    0.000000000000    0.000000000000    0.000000000000    0.000000000000    0.000000000000    0.000000000000
-0.000000004455    1.299828767776    -0.000614240416    -0.000432963832    131306.078125000000    131310.718750000000    122109.890625000000    131306.078125000000    -48287.539062500000    -0.414338201284    0.149296373129    0.000077458033    -0.000428393425    0.121732160449    0.037152338773    0.000000000000    0.000000000000    0.000000000000    0.000000000000    0.000000000000    0.000000000000
-0.000000005569    1.299703359604    -0.000760495022    -0.000358881138    131317.234375000000    131299.562500000000    101210.265625000000    131317.234375000000    -83642.476562500000    -0.418078780174    0.158820226789    0.000071578521    -0.000429871230    0.123337708414    0.037710361183    0.000000000000    0.000000000000    0.000000000000    0.000000000000    0.000000000000    0.000000000000
-0.000000006683    1.299607038498    -0.000906766858    -0.000249693141    131337.078125000000    131279.718750000000    70404.453125000000    131337.078125000000    -110804.265625000000    -0.420199662447    0.166566938162    0.000066664012    -0.000430347689    0.124602749944    0.038136899471    0.000000000000    0.000000000000    0.000000000000    0.000000000000    0.000000000000    0.000000000000
-0.000000007797    1.299549102783    -0.001053065644    -0.000116096577    131365.531250000000    131251.250000000000    32709.902343750000    131365.546875000000    -127110.015625000000    -0.421231061220    0.171617627144    0.000063409519    -0.000430381740    0.125411927700    0.038404569030    0.000000000000    0.000000000000    0.000000000000    0.000000000000    0.000000000000    0.000000000000
-0.000000008910    1.299535393715    -0.001199400285    0.000028818527    131400.968750000000    131215.765625000000    -8179.309570312500    131400.984375000000    -130960.593750000000    -0.421587884426    0.173364877701    0.000062283645    -0.000430393527    0.125691875815    0.038497168571    0.000000000000    0.000000000000    0.000000000000    0.000000000000    0.000000000000    0.000000000000
-0.000000010024    1.299566984177    -0.001345776836    0.000170851999    131440.203125000000    131176.484375000000    -48255.156250000000    131440.218750000000    -121978.328125000000    -0.421234786510    0.171635821462    0.000063397791    -0.000430381857    0.125414848328    0.038405533880    0.000000000000    0.000000000000    0.000000000000    0.000000000000    0.000000000000    0.000000000000
-0.000000011138    1.299641013145    -0.001492197276    0.000296086306    131478.718750000000    131137.890625000000    -83589.554687500000    131478.750000000000    -101044.203125000000    -0.420205235481    0.166594237089    0.000066646426    -0.000430347864    0.124607123435    0.038138348609    0.000000000000    0.000000000000    0.000000000000    0.000000000000    0.000000000000    0.000000000000
-0.000000012252    1.299750208855    -0.001638657646    0.000392251444    131511.312500000000    131105.218750000000    -110720.304687500000    131511.343750000000    -70211.031250000000    -0.418092519045    0.158855199814    0.000071556926    -0.000429876673    0.123343601823    0.037712410092    0.000000000000    0.000000000000    0.000000000000    0.000000000000    0.000000000000    0.000000000000
-0.000000013366    1.299883604050    -0.001785148634    0.000449927349    131532.625000000000    131083.843750000000    -126990.750000000000    131532.656250000000    -32501.064453125000    -0.414358794689    0.149348840117    0.000077425633    -0.000428401574    0.121741011739    0.037155412138    0.000000000000    0.000000000000    0.000000000000    0.000000000000    0.000000000000    0.000000000000
-0.000000014479    1.300028443336    -0.001931654755    0.000463465665    131537.968750000000    131078.484375000000    -130809.593750000000    131538.000000000000    8391.391601562500    -0.410219758749    0.138810515404    0.000083931431    -0.000426766346    0.119964450598    0.036537952721    0.000000000000    0.000000000000    0.000000000000    0.000000000000    0.000000000000    0.000000000000
-0.000000015593    1.300170302391    -0.002078156453    0.000431540568    131523.984375000000    131092.531250000000    -121805.640625000000    131524.015625000000    48462.726562500000    -0.406080722809    0.128272175789    0.000090437221    -0.000425131118    0.118187882006    0.035920493305    0.000000000000    0.000000000000    0.000000000000    0.000000000000    0.000000000000    0.000000000000
-0.000000016707    1.300295352936    -0.002224630909    0.000357276091    131489.234375000000    131127.390625000000    -100862.539062500000    131489.265625000000    83792.234375000000    -0.402350425720    0.118774563074    0.000096300530    -0.000423657388    0.116586767137    0.035364009440    0.000000000000    0.000000000000    0.000000000000    0.000000000000    0.000000000000    0.000000000000
-0.000000017821    1.300391316414    -0.002371055540    0.000247937540    131434.671875000000    131182.078125000000    -70030.890625000000    131434.703125000000    110925.250000000000    -0.399392992258    0.111244678497    0.000100949066    -0.000422488956    0.115317374468    0.034922819585    0.000000000000    0.000000000000    0.000000000000    0.000000000000    0.000000000000    0.000000000000
-0.000000018935    1.300448775291    -0.002517409855    0.000114219161    131363.750000000000    131253.078125000000    -32326.736328125000    131363.765625000000    127209.890625000000    -0.397500365973    0.106425911188    0.000103923914    -0.000421741250    0.114505015314    0.034640479833    0.000000000000    0.000000000000    0.000000000000    0.000000000000    0.000000000000    0.000000000000
-0.000000020048    1.300462126732    -0.002663678490    -0.000030802505    131282.265625000000    131334.578125000000    8563.448242187500    131282.281250000000    131055.101562500000    -0.396854609251    0.104781746864    0.000104938925    -0.000421486126    0.114227846265    0.034544143826    0.000000000000    0.000000000000    0.000000000000    0.000000000000    0.000000000000    0.000000000000
-0.000000021162    1.300429940224    -0.002809854224    -0.000172946602    131197.953125000000    131418.796875000000    48642.542968750000    131197.968750000000    122085.250000000000    -0.397520989180    0.106478378177    0.000103891522    -0.000421749370    0.114513859153    0.034643553197    0.000000000000    0.000000000000    0.000000000000    0.000000000000    0.000000000000    0.000000000000
-0.000000022276    1.300355553627    -0.002955938457    -0.000298313389    131119.656250000000    131496.921875000000    83992.507812500000    131119.656250000000    101176.617187500000    -0.399434208870    0.111349627376    0.000100884281    -0.000422505254    0.115335062146    0.034928970039    0.000000000000    0.000000000000    0.000000000000    0.000000000000    0.000000000000    0.000000000000
-0.000000023390    1.300246000290    -0.003101942828    -0.000394642266    131056.484375000000    131559.890625000000    111156.460937500000    131056.476562500000    70372.257812500000    -0.402412265539    0.118931978941    0.000096203352    -0.000423681806    0.116613306105    0.035373233259    0.000000000000    0.000000000000    0.000000000000    0.000000000000    0.000000000000    0.000000000000
-0.000000024504    1.300112009048    -0.003247889224    -0.000452510692    131016.742187500000    131599.468750000000    127476.359375000000    131016.734375000000    32683.439453125000    -0.406159728765    0.128473326564    0.000090313042    -0.000425162318    0.118221797049    0.035932276398    0.000000000000    0.000000000000    0.000000000000    0.000000000000    0.000000000000    0.000000000000
-0.000000025617    1.299966573715    -0.003393807448    -0.000466256781    131006.968750000000    131609.218750000000    131353.312500000000    131006.953125000000    -8203.600585937500    -0.410315930843    0.139055386186    0.000083780258    -0.000426804327    0.120005726814    0.036552298814    0.000000000000    0.000000000000    0.000000000000    0.000000000000    0.000000000000    0.000000000000
-0.000000026731    1.299824118614    -0.003539733589    -0.000434535497    131030.937500000000    131585.328125000000    122405.234375000000    131030.929687500000    -48287.332031250000    -0.414472162724    0.149637445807    0.000077247467    -0.000428446336    0.121789664030    0.037172324955    0.000000000000    0.000000000000    0.000000000000    0.000000000000    0.000000000000    0.000000000000
-0.000000027845    1.299698352814    -0.003685705829    -0.000360452977    131089.140625000000    131527.359375000000    101505.734375000000    131089.140625000000    -83642.328125000000    -0.418223053217    0.159187540412    0.000071351766    -0.000429928245    0.123399630189    0.037731882185    0.000000000000    0.000000000000    0.000000000000    0.000000000000    0.000000000000    0.000000000000
-0.000000028959    1.299601554871    -0.003831760492    -0.000251265126    131178.328125000000    131438.421875000000    70700.078125000000    131178.328125000000    -110804.164062500000    -0.420283287764    0.166976451874    0.000066400135    -0.000430350454    0.124668359756    0.038158603013    0.000000000000    0.000000000000    0.000000000000    0.000000000000    0.000000000000    0.000000000000
-0.000000030073    1.299543261528    -0.003977928311    -0.000117668627    131291.625000000000    131325.250000000000    33005.703125000000    131291.640625000000    -127109.984375000000    -0.421322137117    0.172063529491    0.000063122185    -0.000430384738    0.125483378768    0.038428202271    0.000000000000    0.000000000000    0.000000000000    0.000000000000    0.000000000000    0.000000000000
-0.000000031187    1.299529194832    -0.004124231637    0.000027246477    131419.093750000000    131197.687500000000    -7883.330078125000    131419.109375000000    -130960.640625000000    -0.421682655811    0.173829004169    0.000061984581    -0.000430396642    0.125766232610    0.038521766663    0.000000000000    0.000000000000    0.000000000000    0.000000000000    0.000000000000    0.000000000000
-0.000000032300    1.299560546875    -0.004270678852    0.000169280014    131548.500000000000    131067.937500000000    -47959.011718750000    131548.515625000000    -121978.429687500000    -0.421333283186    0.172118142247    0.000063087005    -0.000430385116    0.125492125750    0.038431096822    0.000000000000    0.000000000000    0.000000000000    0.000000000000    0.000000000000    0.000000000000
-0.000000033414    1.299634337425    -0.004417265765    0.000294514466    131666.546875000000    130949.351562500000    -83293.273437500000    131666.578125000000    -101044.359375000000    -0.420309305191    0.167103856802    0.000066318040    -0.000430351298    0.124688774347    0.038165356964    0.000000000000    0.000000000000    0.000000000000    0.000000000000    0.000000000000    0.000000000000
-0.000000034528    1.299743056297    -0.004563971423    0.000390679779    131760.203125000000    130855.125000000000    -110423.937500000000    131760.234375000000    -70211.226562500000    -0.418295204639    0.159371197224    0.000071238384    -0.000429956737    0.123430587351    0.037742640823    0.000000000000    0.000000000000    0.000000000000    0.000000000000    0.000000000000    0.000000000000
-0.000000035642    1.299876213074    -0.004710762296    0.000448355917    131818.156250000000    130796.773437500000    -126694.351562500000    131818.187500000000    -32501.273437500000    -0.414571762085    0.149891063571    0.000077090896    -0.000428485713    0.121832415462    0.037187181413    0.000000000000    0.000000000000    0.000000000000    0.000000000000    0.000000000000    0.000000000000
-0.000000036756    1.300020456314    -0.004857594613    0.000461894408    131832.093750000000    130782.742187500000    -130513.250000000000    131832.125000000000    8391.188476562500    -0.410446465015    0.139387711883    0.000083575098    -0.000426855899    0.120061755180    0.036571770906    0.000000000000    0.000000000000    0.000000000000    0.000000000000    0.000000000000    0.000000000000
-0.000000037869    1.300161957741    -0.005004415289    0.000429969572    131797.828125000000    130817.265625000000    -121509.398437500000    131797.859375000000    48462.554687500000    -0.406321167946    0.128884360194    0.000090059293    -0.000425226113    0.118291087449    0.035956360400    0.000000000000    0.000000000000    0.000000000000    0.000000000000    0.000000000000    0.000000000000
-0.000000038983    1.300286650658    -0.005151170772    0.000355705211    131715.937500000000    130899.718750000000    -100566.476562500000    131715.968750000000    83792.117187500000    -0.402601182461    0.119412980974    0.000095906405    -0.000423756428    0.116694390774    0.035401415080    0.000000000000    0.000000000000    0.000000000000    0.000000000000    0.000000000000    0.000000000000
-0.000000040097    1.300382256508    -0.005297811236    0.000246366777    131592.000000000000    131024.328125000000    -69735.039062500000    131592.031250000000    110925.195312500000    -0.399654060602    0.111909337342    0.000100538746    -0.000422592100    0.115429416299    0.034961763769    0.000000000000    0.000000000000    0.000000000000    0.000000000000    0.000000000000    0.000000000000
-0.000000041211    1.300439357758    -0.005444294307    0.000112648413    131436.234375000000    131180.593750000000    -32031.136718750000    131436.250000000000    127209.882812500000    -0.397768288851    0.107108056545    0.000103502796    -0.000421847100    0.114620015025    0.034680448472    0.000000000000    0.000000000000    0.000000000000    0.000000000000    0.000000000000    0.000000000000
-0.000000042325    1.300452351570    -0.005590592511    -0.000032373271    131262.750000000000    131354.187500000000    8858.779296875000    131262.765625000000    131055.125000000000    -0.397132843733    0.105490133166    0.000104501611    -0.000421596051    0.114347264171    0.034585651010    0.000000000000    0.000000000000    0.000000000000    0.000000000000    0.000000000000    0.000000000000
-0.000000043438    1.300419807434    -0.005736695137    -0.000174517409    131088.218750000000    131528.359375000000    48937.609375000000    131088.234375000000    122085.304687500000    -0.397812962532    0.107221752405    0.000103432612    -0.000421864737    0.114639177918    0.034687109292    0.000000000000    0.000000000000    0.000000000000    0.000000000000    0.000000000000    0.000000000000
-0.000000044552    1.300345063210    -0.005882611033    -0.000299884239    130930.375000000000    131685.500000000000    84287.343750000000    130930.367187500000    101176.679687500000    -0.399736493826    0.112119227648    0.000100409168    -0.000422624667    0.115464806557    0.034974060953    0.000000000000    0.000000000000    0.000000000000    0.000000000000    0.000000000000    0.000000000000
-0.000000045666    1.300235152245    -0.006028368603    -0.000396213145    130806.054687500000    131808.984375000000    111451.125000000000    130806.046875000000    70372.328125000000    -0.402721405029    0.119719073176    0.000095717442    -0.000423803926    0.116745993495    0.035419348627    0.000000000000    0.000000000000    0.000000000000    0.000000000000    0.000000000000    0.000000000000
-0.000000046780    1.300100803375    -0.006174013484    -0.000454081630    130729.585937500000    131884.828125000000    127770.914062500000    130729.578125000000    32683.500000000000    -0.406479179859    0.129286646843    0.000089810936    -0.000425288541    0.118358902633    0.035979934037    0.000000000000    0.000000000000    0.000000000000    0.000000000000    0.000000000000    0.000000000000
-0.000000047894    1.299955248833    -0.006319605280    -0.000467827776    130711.085937500000    131903.203125000000    131647.875000000000    130711.070312500000    -8203.564453125000    -0.410642266273    0.139886200428    0.000083267354    -0.000426933257    0.120145790279    0.036600980908    0.000000000000    0.000000000000    0.000000000000    0.000000000000    0.000000000000    0.000000000000
-0.000000049007    1.299812436104    -0.006465211045    -0.000436106522    130755.203125000000    131859.468750000000    122699.882812500000    130755.195312500000    -48287.320312500000    -0.414805352688    0.150485754013    0.000076723765    -0.000428577972    0.121932670474    0.037222027779    0.000000000000    0.000000000000    0.000000000000    0.000000000000    0.000000000000    0.000000000000
-0.000000050121    1.299686431885    -0.006610899698    -0.000362024031    130860.437500000000    131755.031250000000    101800.578125000000    130860.429687500000    -83642.328125000000    -0.418563097715    0.160053342581    0.000070817267    -0.000430062588    0.123545587063    0.037782609463    0.000000000000    0.000000000000    0.000000000000    0.000000000000    0.000000000000    0.000000000000
-0.000000051235    1.299589395523    -0.006756736431    -0.000252836180    131018.929687500000    131597.421875000000    70995.195312500000    131018.929687500000    -110804.187500000000    -0.420472830534    0.167904689908    0.000065802014    -0.000430356711    0.124817073345    0.038207795471    0.000000000000    0.000000000000    0.000000000000    0.000000000000    0.000000000000    0.000000000000
-0.000000052349    1.299530744553    -0.006902773399    -0.000119239659    131217.062500000000    131399.843750000000    33301.152343750000    131217.078125000000    -127110.015625000000    -0.421515405178    0.173009961843    0.000062512336    -0.000430391141    0.125635012984    0.038478359580    0.000000000000    0.000000000000    0.000000000000    0.000000000000    0.000000000000    0.000000000000
-0.000000053463    1.299516201019    -0.007049044594    0.000025675488    131436.578125000000    131180.281250000000    -7587.513671875000    131436.593750000000    -130960.671875000000    -0.421883374453    0.174811840057    0.000061351275    -0.000430403277    0.125923693180    0.038573853672    0.000000000000    0.000000000000    0.000000000000    0.000000000000    0.000000000000    0.000000000000
-0.000000054576    1.299547195435    -0.007195562590    0.000167709077    131656.203125000000    130959.867187500000    -47662.824218750000    131656.218750000000    -121978.453125000000    -0.421541422606    0.173137366772    0.000062430241    -0.000430391985    0.125655412674    0.038485109806    0.000000000000    0.000000000000    0.000000000000    0.000000000000    0.000000000000    0.000000000000
-0.000000055690    1.299620628357    -0.007342314813    0.000292943558    131853.781250000000    130760.953125000000    -82996.757812500000    131853.812500000000    -101044.367187500000    -0.420521169901    0.168141305447    0.000065649554    -0.000430358283    0.124854981899    0.038220334798    0.000000000000    0.000000000000    0.000000000000    0.000000000000    0.000000000000    0.000000000000
-0.000000056804    1.299729108810    -0.007489264943    0.000389108900    132008.484375000000    130604.773437500000    -110127.156250000000    132008.515625000000    -70211.210937500000    -0.418697059155    0.160394415259    0.000070606700    -0.000430115499    0.123603083193    0.037802595645    0.000000000000    0.000000000000    0.000000000000    0.000000000000    0.000000000000    0.000000000000
-0.000000057918    1.299861907959    -0.007636355236    0.000446784979    132103.031250000000    130509.132812500000    -126397.390625000000    132103.062500000000    -32501.236328125000    -0.414980530739    0.150931775570    0.000076448421    -0.000428647181    0.122007861733    0.037248160690    0.000000000000    0.000000000000    0.000000000000    0.000000000000    0.000000000000    0.000000000000
-0.000000059032    1.300006151199    -0.007783511654    0.000460323441    132125.546875000000    130486.328125000000    -130216.218750000000    132125.578125000000    8391.242187500000    -0.410858660936    0.140437170863    0.000082927218    -0.000427018735    0.120238669217    0.036633260548    0.000000000000    0.000000000000    0.000000000000    0.000000000000    0.000000000000    0.000000000000
-0.000000060145    1.300147414207    -0.007930651307    0.000428398489    132071.000000000000    130541.523437500000    -121212.460937500000    132071.031250000000    48462.613281250000    -0.406736791134    0.129942566156    0.000089406014    -0.000425390317    0.118469476700    0.036018364131    0.000000000000    0.000000000000    0.000000000000    0.000000000000    0.000000000000    0.000000000000
-0.000000061259    1.300271749496    -0.008077686653    0.000354134099    131941.968750000000    130671.929687500000    -100269.750000000000    131942.000000000000    83792.171875000000    -0.403027117252    0.120497420430    0.000095236930    -0.000423924706    0.116877205670    0.035464953631    0.000000000000    0.000000000000    0.000000000000    0.000000000000    0.000000000000    0.000000000000
-0.000000062373    1.300367116928    -0.008224541321    0.000244795636    131748.625000000000    130866.851562500000    -69438.656250000000    131748.656250000000    110925.226562500000    -0.400086849928    0.113011270761    0.000099858473    -0.000422763085    0.115615189075    0.035026326776    0.000000000000    0.000000000000    0.000000000000    0.000000000000    0.000000000000    0.000000000000
-0.000000063487    1.300423979759    -0.008371151984    0.000111077257    131508.000000000000    131108.671875000000    -31735.191406250000    131508.015625000000    127209.906250000000    -0.398211389780    0.108236223459    0.000102806327    -0.000422022160    0.114810205996    0.034746550024    0.000000000000    0.000000000000    0.000000000000    0.000000000000    0.000000000000    0.000000000000
-0.000000064601    1.300436735153    -0.008517479524    -0.000033944452    131242.484375000000    131374.453125000000    9154.230468750000    131242.500000000000    131055.140625000000    -0.397582799196    0.106635794044    0.000103794344    -0.000421773817    0.114540398121    0.034652777016    0.000000000000    0.000000000000    0.000000000000    0.000000000000    0.000000000000    0.000000000000
-0.000000065714    1.300403952599    -0.008663508110    -0.000176088608    130977.773437500000    131638.375000000000    49232.558593750000    130977.773437500000    122085.304687500000    -0.398266345263    0.108376152813    0.000102719940    -0.000422043871    0.114833794534    0.034754745662    0.000000000000    0.000000000000    0.000000000000    0.000000000000    0.000000000000    0.000000000000
-0.000000066828    1.300328731537    -0.008809255436    -0.000301455439    130740.351562500000    131874.171875000000    84581.828125000000    130740.343750000000    101176.679687500000    -0.400203645229    0.113308623433    0.000099674900    -0.000422809215    0.115665309131    0.035043749958    0.000000000000    0.000000000000    0.000000000000    0.000000000000    0.000000000000    0.000000000000
-0.000000067942    1.300218462944    -0.008954765275    -0.000397784344    130554.890625000000    132057.781250000000    111745.250000000000    130554.882812500000    70372.328125000000    -0.403198868036    0.120934695005    0.000094966977    -0.000423992577    0.116950921714    0.035490576178    0.000000000000    0.000000000000    0.000000000000    0.000000000000    0.000000000000    0.000000000000
-0.000000069056    1.300083875656    -0.009100107476    -0.000455652829    130441.687500000000    132169.609375000000    128064.835937500000    130441.679687500000    32683.500000000000    -0.406966924667    0.130528509617    0.000089044275    -0.000425481237    0.118568256497    0.036052696407    0.000000000000    0.000000000000    0.000000000000    0.000000000000    0.000000000000    0.000000000000
-0.000000070170    1.299937844276    -0.009245369583    -0.000469398976    130414.460937500000    132196.468750000000    131941.718750000000    130414.445312500000    -8203.559570312500    -0.411140322685    0.141154304147    0.000082484497    -0.000427130028    0.120359569788    0.036675281823    0.000000000000    0.000000000000    0.000000000000    0.000000000000    0.000000000000    0.000000000000
-0.000000071283    1.299794673920    -0.009390652180    -0.000437677721    130478.718750000000    132133.046875000000    122993.843750000000    130478.710937500000    -48287.304687500000    -0.415313720703    0.151780098677    0.000075924712    -0.000428778818    0.122150875628    0.037297863513    0.000000000000    0.000000000000    0.000000000000    0.000000000000    0.000000000000    0.000000000000
-0.000000072397    1.299668192863    -0.009536057711    -0.000363595231    130630.992187500000    131982.515625000000    102094.828125000000    130630.984375000000    -83642.312500000000    -0.419085204601    0.161382660270    0.000069996619    -0.000430268847    0.123769685626    0.037860497832    0.000000000000    0.000000000000    0.000000000000    0.000000000000    0.000000000000    0.000000000000
-0.000000073511    1.299570798874    -0.009681676514    -0.000254407380    130858.820312500000    131756.609375000000    71289.875000000000    130858.820312500000    -110804.171875000000    -0.420760899782    0.169315248728    0.000064893102    -0.000430366199    0.125043064356    0.038282550871    0.000000000000    0.000000000000    0.000000000000    0.000000000000    0.000000000000    0.000000000000
-0.000000074625    1.299511909485    -0.009827580303    -0.000120810866    131141.781250000000    131474.953125000000    33596.378906250000    131141.796875000000    -127110.000000000000    -0.421809047461    0.174447834492    0.000061585830    -0.000430400833    0.125865370035    0.038554560393    0.000000000000    0.000000000000    0.000000000000    0.000000000000    0.000000000000    0.000000000000
-0.000000075739    1.299497246742    -0.009973817505    0.000024104262    131453.312500000000    131163.484375000000    -7291.681640625000    131453.328125000000    -130960.656250000000    -0.422178864479    0.176258787513    0.000060418901    -0.000430413027    0.126155510545    0.038650535047    0.000000000000    0.000000000000    0.000000000000    0.000000000000    0.000000000000    0.000000000000
-0.000000076852    1.299528002739    -0.010120405816    0.000166137819    131763.125000000000    130852.265625000000    -47366.386718750000    131763.140625000000    -121978.445312500000    -0.421838760376    0.174593418837    0.000061492006    -0.000430401793    0.125888705254    0.038562275469    0.000000000000    0.000000000000    0.000000000000    0.000000000000    0.000000000000    0.000000000000
-0.000000077966    1.299601197243    -0.010267322883    0.000291372271    132040.218750000000    130572.656250000000    -82699.765625000000    132040.250000000000    -101044.375000000000    -0.420824080706    0.169624656439    0.000064693726    -0.000430368294    0.125092640519    0.038298949599    0.000000000000    0.000000000000    0.000000000000    0.000000000000    0.000000000000    0.000000000000
-0.000000079080    1.299709320068    -0.010414516553    0.000387537584    132256.000000000000    130354.093750000000    -109829.734375000000    132256.031250000000    -70211.234375000000    -0.419235140085    0.161843881011    0.000069707407    -0.000430315820    0.123846054077    0.037886593491    0.000000000000    0.000000000000    0.000000000000    0.000000000000    0.000000000000    0.000000000000
-0.000000080194    1.299841880798    -0.010561904870    0.000445213722    132387.171875000000    130220.882812500000    -126099.726562500000    132387.203125000000    -32501.275390625000    -0.415557593107    0.152401030064    0.000075541386    -0.000428875181    0.122255548835    0.037334244698    0.000000000000    0.000000000000    0.000000000000    0.000000000000    0.000000000000    0.000000000000
-0.000000081308    1.299985527992    -0.010709384456    0.000458752213    132418.296875000000    130189.218750000000    -129918.500000000000    132418.328125000000    8391.188476562500    -0.411449462175    0.141941398382    0.000081998587    -0.000427252147    0.120492257178    0.036721397191    0.000000000000    0.000000000000    0.000000000000    0.000000000000    0.000000000000    0.000000000000
-0.000000082421    1.300126314163    -0.010856840760    0.000426827377    132343.500000000000    130265.242187500000    -120914.898437500000    132343.531250000000    48462.546875000000    -0.407344758511    0.131490528584    0.000088450390    -0.000425630511    0.118730433285    0.036109060049    0.000000000000    0.000000000000    0.000000000000    0.000000000000    0.000000000000    0.000000000000
-0.000000083535    1.300250411034    -0.011004157364    0.000352563045    132167.343750000000    130443.976562500000    -99972.554687500000    132167.375000000000    83792.109375000000    -0.403641968966    0.122062869370    0.000094270508    -0.000424167607    0.117141112685    0.035556677729    0.000000000000    0.000000000000    0.000000000000    0.000000000000    0.000000000000    0.000000000000
-0.000000084649    1.300345420837    -0.011151227169    0.000243224611    131904.625000000000    130709.648437500000    -69142.000000000000    131904.656250000000    110925.179687500000    -0.400711983442    0.114602953196    0.000098875855    -0.000423010060    0.115883514285    0.035119585693    0.000000000000    0.000000000000    0.000000000000    0.000000000000    0.000000000000    0.000000000000
-0.000000085763    1.300401926041    -0.011297966354    0.000109506262    131579.156250000000    131037.296875000000    -31439.191406250000    131579.171875000000    127209.867187500000    -0.398843407631    0.109845399857    0.000101812911    -0.000422271842    0.115081481636    0.034840833396    0.000000000000    0.000000000000    0.000000000000    0.000000000000    0.000000000000    0.000000000000
-0.000000086877    1.300414204597    -0.011444322765    -0.000035515408    131221.593750000000    131395.328125000000    9449.515625000000    131221.609375000000    131055.117187500000    -0.398228585720    0.108279958367    0.000102779333    -0.000422028941    0.114817574620    0.034749109298    0.000000000000    0.000000000000    0.000000000000    0.000000000000    0.000000000000    0.000000000000
-0.000000087990    1.300381064415    -0.011590279639    -0.000177659545    130866.664062500000    131748.828125000000    49527.144531250000    130866.664062500000    122085.304687500000    -0.398925840855    0.110055290163    0.000101683327    -0.000422304409    0.115116864443    0.034853130579    0.000000000000    0.000000000000    0.000000000000    0.000000000000    0.000000000000    0.000000000000
-0.000000089104    1.300305485725    -0.011735858396    -0.000303026376    130549.679687500000    132062.937500000000    84875.796875000000    130549.671875000000    101176.703125000000    -0.400869995356    0.115005247295    0.000098627497    -0.000423072488    0.115951329470    0.035143159330    0.000000000000    0.000000000000    0.000000000000    0.000000000000    0.000000000000    0.000000000000
-0.000000090218    1.300194978714    -0.011881119572    -0.000399355398    130303.085937500000    132306.250000000000    112038.750000000000    130303.078125000000    70372.367187500000    -0.403875529766    0.122657567263    0.000093903378    -0.000424259895    0.117241367698    0.035591520369    0.000000000000    0.000000000000    0.000000000000    0.000000000000    0.000000000000    0.000000000000
-0.000000091332    1.300060033798    -0.012026157230    -0.000457223941    130153.156250000000    132453.734375000000    128358.039062500000    130153.148437500000    32683.558593750000    -0.407650470734    0.132268875837    0.000087969878    -0.000425751292    0.118861652911    0.036154665053    0.000000000000    0.000000000000    0.000000000000    0.000000000000    0.000000000000    0.000000000000
-0.000000092446    1.299913764000    -0.012171090581    -0.000470970146    130117.203125000000    132489.062500000000    132234.875000000000    130117.187500000000    -8203.489257812500    -0.411834180355    0.142920896411    0.000081393897    -0.000427404157    0.120657376945    0.036778789014    0.000000000000    0.000000000000    0.000000000000    0.000000000000    0.000000000000    0.000000000000
-0.000000093560    1.299770236015    -0.012316050939    -0.000439248979    130201.593750000000    132406.109375000000    123287.187500000000    130201.585937500000    -48287.226562500000    -0.416017860174    0.153572916985    0.000074817923    -0.000429057021    0.122453108430    0.037402909249    0.000000000000    0.000000000000    0.000000000000    0.000000000000    0.000000000000    0.000000000000
-0.000000094673    1.299643635750    -0.012461169623    -0.000365166576    130400.906250000000    132209.812500000000    102388.585937500000    130400.898437500000    -83642.226562500000    -0.419521331787    0.163245320320    0.000068804358    -0.000430325279    0.124070584774    0.037960864604    0.000000000000    0.000000000000    0.000000000000    0.000000000000    0.000000000000    0.000000000000
-0.000000095787    1.299545884132    -0.012606566772    -0.000255978870    130698.070312500000    131916.062500000000    71584.257812500000    130698.070312500000    -110804.093750000000    -0.421149313450    0.171217203140    0.000063667532    -0.000430379034    0.125347778201    0.038383349776    0.000000000000    0.000000000000    0.000000000000    0.000000000000    0.000000000000    0.000000000000
-0.000000096901    1.299486637115    -0.012752339244    -0.000122382422    131065.890625000000    131550.625000000000    33891.519531250000    131065.890625000000    -127109.937500000000    -0.422201156616    0.176367998123    0.000060348535    -0.000430413784    0.126173004508    0.038656324148    0.000000000000    0.000000000000    0.000000000000    0.000000000000    0.000000000000    0.000000000000
-0.000000098015    1.299471497536    -0.012898544781    0.000022532638    131469.421875000000    131147.328125000000    -6995.718750000000    131469.437500000000    -130960.617187500000    -0.422578424215    0.178215354681    0.000059158152    -0.000430426240    0.126468986273    0.038754224777    0.000000000000    0.000000000000    0.000000000000    0.000000000000    0.000000000000    0.000000000000
-0.000000099129    1.299501895905    -0.013045200147    0.000164566169    131869.437500000000    130745.117187500000    -47069.617187500000    131869.453125000000    -121978.429687500000    -0.422245770693    0.176586389542    0.000060207796    -0.000430415239    0.126207992435    0.038667898625    0.000000000000    0.000000000000    0.000000000000    0.000000000000    0.000000000000    0.000000000000
-0.000000100242    1.299574494362    -0.013192282058    0.000289800635    132226.062500000000    130384.460937500000    -82402.296875000000    132226.093750000000    -101044.382812500000    -0.421238511801    0.171654015779    0.000063386062    -0.000430381973    0.125417768955    0.038406498730    0.000000000000    0.000000000000    0.000000000000    0.000000000000    0.000000000000    0.000000000000
-0.000000101356    1.299682259560    -0.013339718804    0.000385966036    132502.906250000000    130103.132812500000    -109531.734375000000    132502.937500000000    -70211.265625000000    -0.419655144215    0.163900554180    0.000068382156    -0.000430329703    0.124175556004    0.037995591760    0.000000000000    0.000000000000    0.000000000000    0.000000000000    0.000000000000    0.000000000000
-0.000000102470    1.299814462662    -0.013487405144    0.000443642202    132670.703125000000    129932.023437500000    -125801.398437500000    132670.734375000000    -32501.316406250000    -0.416344165802    0.154403746128    0.000074305019    -0.000429185922    0.122593171895    0.037451591343    0.000000000000    0.000000000000    0.000000000000    0.000000000000    0.000000000000    0.000000000000
-0.000000103584    1.299958109856    -0.013635208830    0.000457180751    132710.421875000000    129891.453125000000    -129620.117187500000    132710.453125000000    8391.140625000000    -0.412239491940    0.143952861428    0.000080756821    -0.000427564286    0.120831348002    0.036839254200    0.000000000000    0.000000000000    0.000000000000    0.000000000000    0.000000000000    0.000000000000
-0.000000104698    1.300098776817    -0.013782981783    0.000425255916    132615.359375000000    129988.500000000000    -120616.726562500000    132615.390625000000    48462.492187500000    -0.408134788275    0.133501991630    0.000087208624    -0.000425942620    0.119069531560    0.036226917058    0.000000000000    0.000000000000    0.000000000000    0.000000000000    0.000000000000    0.000000000000
-0.000000105811    1.300222396851    -0.013930576853    0.000350991671    132392.078125000000    130215.921875000000    -99674.859375000000    132392.109375000000    83792.046875000000    -0.404445707798    0.124109312892    0.000093007140    -0.000424485159    0.117486104369    0.035676583648    0.000000000000    0.000000000000    0.000000000000    0.000000000000    0.000000000000    0.000000000000
-0.000000106925    1.300317049026    -0.014077859931    0.000241653310    132059.953125000000    130552.734375000000    -68844.992187500000    132059.984375000000    110925.125000000000    -0.401526063681    0.116675637662    0.000097596290    -0.000423331687    0.116232924163    0.035241030157    0.000000000000    0.000000000000    0.000000000000    0.000000000000    0.000000000000    0.000000000000
-0.000000108039    1.300373315811    -0.014224725775    0.000107935033    131649.625000000000    130966.523437500000    -31143.029296875000    131649.640625000000    127209.835937500000    -0.399667799473    0.111944317818    0.000100517151    -0.000422597543    0.115435317159    0.034963812679    0.000000000000    0.000000000000    0.000000000000    0.000000000000    0.000000000000    0.000000000000
-0.000000109153    1.300385355949    -0.014371108264    -0.000037086618    131200.031250000000    131416.890625000000    9744.759765625000    131200.046875000000    131055.117187500000    -0.399056375027    0.110387623310    0.000101478174    -0.000422355981    0.115172885358    0.034872602671    0.000000000000    0.000000000000    0.000000000000    0.000000000000    0.000000000000    0.000000000000
-0.000000110267    1.300351977348    -0.014516988769    -0.000179230774    130754.914062500000    131859.781250000000    49821.484375000000    130754.914062500000    122085.335937500000    -0.399760544300    0.112180449069    0.000100371377    -0.000422634184    0.115475125611    0.034977648407    0.000000000000    0.000000000000    0.000000000000    0.000000000000    0.000000000000    0.000000000000
-0.000000111380    1.300276160240    -0.014662397094    -0.000304597663    130358.382812500000    132251.828125000000    85169.335937500000    130358.375000000000    101176.750000000000    -0.401714980602    0.117156639695    0.000097299344    -0.000423406309    0.116314016283    0.035269211978    0.000000000000    0.000000000000    0.000000000000    0.000000000000    0.000000000000    0.000000000000
-0.000000112494    1.300165176392    -0.014807409607    -0.000400926714    130050.656250000000    132554.421875000000    112331.671875000000    130050.648437500000    70372.437500000000    -0.404730826616    0.124835193157    0.000092559028    -0.000424597791    0.117608472705    0.035719111562    0.000000000000    0.000000000000    0.000000000000    0.000000000000    0.000000000000    0.000000000000
-0.000000113608    1.300029873848    -0.014952144586    -0.000458795344    129863.992187500000    132737.296875000000    128650.609375000000    129863.984375000000    32683.646484375000    -0.408519506454    0.134481489658    0.000086603934    -0.000426094601    0.119234658778    0.036284308881    0.000000000000    0.000000000000    0.000000000000    0.000000000000    0.000000000000    0.000000000000
-0.000000114722    1.299883246422    -0.015096749179    -0.000472541666    129819.320312500000    132780.984375000000    132527.375000000000    129819.304687500000    -8203.386718750000    -0.412710070610    0.145151004195    0.000080017155    -0.000427750201    0.121033333242    0.036909453571    0.000000000000    0.000000000000    0.000000000000    0.000000000000    0.000000000000    0.000000000000
-0.000000115836    1.299739480019    -0.015241386369    -0.000440820615    129923.851562500000    132678.703125000000    123579.937500000000    129923.843750000000    -48287.121093750000    -0.416900634766    0.155820518732    0.000073430376    -0.000429405773    0.122832015157    0.037534601986    0.000000000000    0.000000000000    0.000000000000    0.000000000000    0.000000000000    0.000000000000
-0.000000116949    1.299612402916    -0.015386221930    -0.000366738328    130170.195312500000    132437.031250000000    102681.875000000000    130170.187500000000    -83642.140625000000    -0.420006364584    0.165620505810    0.000067273868    -0.000430341286    0.124451115727    0.038086742163    0.000000000000    0.000000000000    0.000000000000    0.000000000000    0.000000000000    0.000000000000
-0.000000118063    1.299514412880    -0.015531401150    -0.000257550681    130536.695312500000    132075.812500000000    71878.328125000000    130536.695312500000    -110804.031250000000    -0.421638071537    0.173610597849    0.000062125313    -0.000430395186    0.125731229782    0.038510188460    0.000000000000    0.000000000000    0.000000000000    0.000000000000    0.000000000000    0.000000000000
-0.000000119177    1.299454927444    -0.015677040443    -0.000123954305    130989.351562500000    131626.906250000000    34186.539062500000    130989.351562500000    -127109.898437500000    -0.422695487738    0.178788676858    0.000058788723    -0.000430430082    0.126560837030    0.038784611970    0.000000000000    0.000000000000    0.000000000000    0.000000000000    0.000000000000    0.000000000000
-0.000000120291    1.299439549446    -0.015823211521    0.000020960742    131484.890625000000    131131.875000000000    -6699.667968750000    131484.906250000000    -130960.625000000000    -0.423076480627    0.180654242635    0.000057586611    -0.000430442684    0.126859724522    0.038883477449    0.000000000000    0.000000000000    0.000000000000    0.000000000000    0.000000000000    0.000000000000
-0.000000121405    1.299469590187    -0.015969937667    0.000162994300    131975.078125000000    130638.507812500000    -46772.562500000000    131975.093750000000    -121978.476562500000    -0.422747522593    0.179043486714    0.000058624533    -0.000430431828    0.126601651311    0.038798116148    0.000000000000    0.000000000000    0.000000000000    0.000000000000    0.000000000000    0.000000000000
-0.000000122518    1.299541950226    -0.016117183492    0.000288228825    132411.203125000000    130196.445312500000    -82104.367187500000    132411.234375000000    -101044.468750000000    -0.421743988991    0.174129307270    0.000061791070    -0.000430398679    0.125814348459    0.038537681103    0.000000000000    0.000000000000    0.000000000000    0.000000000000    0.000000000000    0.000000000000
-0.000000123632    1.299649357796    -0.016264861450    0.000384394283    132749.078125000000    129851.914062500000    -109233.132812500000    132749.109375000000    -70211.390625000000    -0.420168071985    0.166412234306    0.000066763700    -0.000430346641    0.124577961862    0.038128703833    0.000000000000    0.000000000000    0.000000000000    0.000000000000    0.000000000000    0.000000000000
-0.000000124746    1.299781203270    -0.016412844881    0.000442070625    132953.468750000000    129642.617187500000    -125502.421875000000    132953.500000000000    -32501.474609375000    -0.417299062014    0.156834989786    0.000072804098    -0.000429563195    0.123003035784    0.037594042718    0.000000000000    0.000000000000    0.000000000000    0.000000000000    0.000000000000    0.000000000000
-0.000000125860    1.299924254417    -0.016560969874    0.000455609377    133001.781250000000    129593.046875000000    -129321.093750000000    133001.812500000000    8390.962890625000    -0.413211554289    0.146427839994    0.000079228899    -0.000427948311    0.121248587966    0.036984264851    0.000000000000    0.000000000000    0.000000000000    0.000000000000    0.000000000000    0.000000000000
-0.000000126974    1.300064444542    -0.016709061339    0.000423684716    132886.437500000000    129711.296875000000    -120318.000000000000    132886.468750000000    48462.320312500000    -0.409124046564    0.136020690203    0.000085653708    -0.000426333456    0.119494140148    0.036374490708    0.000000000000    0.000000000000    0.000000000000    0.000000000000    0.000000000000    0.000000000000
-0.000000128087    1.300187826157    -0.016856934875    0.000349420647    132616.000000000000    129987.757812500000    -99376.726562500000    132616.031250000000    83791.898437500000    -0.405438393354    0.126636773348    0.000091446833    -0.000424877362    0.117912188172    0.035824671388    0.000000000000    0.000000000000    0.000000000000    0.000000000000    0.000000000000    0.000000000000
-0.000000129201    1.300282239914    -0.017004430294    0.000240082460    132214.484375000000    130396.117187500000    -68547.726562500000    132214.515625000000    110925.000000000000    -0.402529060841    0.119229324162    0.000096019779    -0.000423727935    0.116663433611    0.035390656441    0.000000000000    0.000000000000    0.000000000000    0.000000000000    0.000000000000    0.000000000000
-0.000000130315    1.300338029861    -0.017151420936    0.000106364270    131719.312500000000    130896.312500000000    -30846.816406250000    131719.328125000000    127209.750000000000    -0.400681078434    0.114524245262    0.000098924444    -0.000422997866    0.115870244801    0.035114973783    0.000000000000    0.000000000000    0.000000000000    0.000000000000    0.000000000000    0.000000000000
-0.000000131429    1.300349712372    -0.017297832295    -0.000038657305    131177.703125000000    131439.078125000000    10039.839843750000    131177.718750000000    131055.085937500000    -0.400083422661    0.113002523780    0.000099863872    -0.000422761717    0.115613713861    0.035025816411    0.000000000000    0.000000000000    0.000000000000    0.000000000000    0.000000000000    0.000000000000
-0.000000132543    1.300315976143    -0.017443636432    -0.000180801449    130642.390625000000    131971.171875000000    50115.460937500000    130642.390625000000    122085.359375000000    -0.400797873735    0.114821590483    0.000098740878    -0.000423043995    0.115920372307    0.035132396966    0.000000000000    0.000000000000    0.000000000000    0.000000000000    0.000000000000    0.000000000000
-0.000000133656    1.300239801407    -0.017588872463    -0.000306168426    130166.296875000000    132440.781250000000    85462.359375000000    130166.289062500000    101176.835937500000    -0.402759194374    0.119815275073    0.000095658048    -0.000423818856    0.116762213409    0.035424984992    0.000000000000    0.000000000000    0.000000000000    0.000000000000    0.000000000000    0.000000000000
-0.000000134770    1.300128579140    -0.017733635381    -0.000402497622    129797.437500000000    132802.296875000000    112623.968750000000    129797.429687500000    70372.570312500000    -0.405785322189    0.127520054579    0.000090901536    -0.000425014412    0.118061095476    0.035876423120    0.000000000000    0.000000000000    0.000000000000    0.000000000000    0.000000000000    0.000000000000
-0.000000135884    1.299993038177    -0.017878063023    -0.000460366427    129574.046875000000    133020.265625000000    128942.492187500000    129574.039062500000    32683.816406250000    -0.409577429295    0.137175098062    0.000084941043    -0.000426512561    0.119688749313    0.036442130804    0.000000000000    0.000000000000    0.000000000000    0.000000000000    0.000000000000    0.000000000000
-0.000000136998    1.299845814705    -0.018022337928    -0.000474112923    129520.640625000000    133072.296875000000    132819.234375000000    129520.625000000000    -8203.203125000000    -0.413785189390    0.147888347507    0.000078327270    -0.000428174942    0.121494799852    0.037069838494    0.000000000000    0.000000000000    0.000000000000    0.000000000000    0.000000000000    0.000000000000
-0.000000138112    1.299701571465    -0.018166650087    -0.000442392047    129645.304687500000    132950.828125000000    123872.109375000000    129645.296875000000    -48286.960937500000    -0.417992919683    0.158601582050    0.000071713497    -0.000429837295    0.123300850391    0.037697549909    0.000000000000    0.000000000000    0.000000000000    0.000000000000    0.000000000000    0.000000000000
-0.000000139225    1.299574255943    -0.018311196938    -0.000368309906    129938.687500000000    132664.109375000000    102974.695312500000    129938.679687500000    -83642.000000000000    -0.420601069927    0.168532609940    0.000065397398    -0.000430360931    0.124917671084    0.038241073489    0.000000000000    0.000000000000    0.000000000000    0.000000000000    0.000000000000    0.000000000000
-0.000000140339    1.299475908279    -0.018456153572    -0.000259122404    130374.500000000000    132235.812500000000    72172.070312500000    130374.500000000000    -110803.929687500000    -0.422238320112    0.176550000906    0.000060231254    -0.000430415006    0.126202166080    0.038665968925    0.000000000000    0.000000000000    0.000000000000    0.000000000000    0.000000000000    0.000000000000
-0.000000141453    1.299415946007    -0.018601655960    -0.000125526130    130911.984375000000    131703.750000000000    34481.410156250000    130911.984375000000    -127109.851562500000    -0.423301339149    0.181755378842    0.000056877074    -0.000430450105    0.127036139369    0.038941837847    0.000000000000    0.000000000000    0.000000000000    0.000000000000    0.000000000000    0.000000000000
-0.000000142567    1.299400091171    -0.018747789785    0.000019388883    131499.578125000000    131117.078125000000    -6403.585937500000    131499.593750000000    -130960.617187500000    -0.423689752817    0.183657348156    0.000055651512    -0.000430462940    0.127340853214    0.039042633027    0.000000000000    0.000000000000    0.000000000000    0.000000000000    0.000000000000    0.000000000000
-0.000000143681    1.299429893494    -0.018894582987    0.000161422460    132079.968750000000    130532.406250000000    -46475.300781250000    132079.984375000000    -121978.507812500000    -0.423366367817    0.182073891163    0.000056671834    -0.000430452259    0.127087175846    0.038958717138    0.000000000000    0.000000000000    0.000000000000    0.000000000000    0.000000000000    0.000000000000
-0.000000144794    1.299501895905    -0.019041990861    0.000286657043    132595.593750000000    130008.570312500000    -81806.054687500000    132595.625000000000    -101044.531250000000    -0.422368407249    0.177187025547    0.000059820781    -0.000430419284    0.126304224133    0.038699727505    0.000000000000    0.000000000000    0.000000000000    0.000000000000    0.000000000000    0.000000000000
-0.000000145908    1.299608945847    -0.019189912826    0.000382822618    132994.531250000000    129600.437500000000    -108934.023437500000    132994.562500000000    -70211.460937500000    -0.420796215534    0.169488146901    0.000064781685    -0.000430367392    0.125070765615    0.038291715086    0.000000000000    0.000000000000    0.000000000000    0.000000000000    0.000000000000    0.000000000000
-0.000000147022    1.299740433693    -0.019338192418    0.000440499018    133235.578125000000    129352.640625000000    -125202.843750000000    133235.609375000000    -32501.542968750000    -0.418473809958    0.159825950861    0.000070957642    -0.000430027285    0.123507253826    0.037769287825    0.000000000000    0.000000000000    0.000000000000    0.000000000000    0.000000000000    0.000000000000
-0.000000148136    1.299883127213    -0.019486639649    0.000454037799    133292.484375000000    129294.000000000000    -129021.421875000000    133292.515625000000    8390.907226562500    -0.414393156767    0.149436295033    0.000077371646    -0.000428415136    0.121755756438    0.037160538137    0.000000000000    0.000000000000    0.000000000000    0.000000000000    0.000000000000    0.000000000000
-0.000000149250    1.300022959709    -0.019635042176    0.000422113255    133156.906250000000    129433.625000000000    -120018.609375000000    133156.937500000000    48462.285156250000    -0.410315930843    0.139055386186    0.000083780258    -0.000426804327    0.120005726814    0.036552298814    0.000000000000    0.000000000000    0.000000000000    0.000000000000    0.000000000000    0.000000000000
-0.000000150363    1.300145983696    -0.019783189520    0.000347849214    132839.343750000000    129759.515625000000    -99078.007812500000    132839.375000000000    83791.875000000000    -0.406644046307    0.129706442356    0.000089551788    -0.000425353675    0.118429675698    0.036004528403    0.000000000000    0.000000000000    0.000000000000    0.000000000000    0.000000000000    0.000000000000
-0.000000151477    1.300239920616    -0.019930899143    0.000238511027    132368.453125000000    130239.828125000000    -68249.976562500000    132368.484375000000    110924.992187500000    -0.403744995594    0.122325234115    0.000094108538    -0.000424208323    0.117185339332    0.035572048277    0.000000000000    0.000000000000    0.000000000000    0.000000000000    0.000000000000    0.000000000000
-0.000000152591    1.300295352936    -0.020078016445    0.000104792853    131788.421875000000    130826.750000000000    -30550.257812500000    131788.437500000000    127209.750000000000    -0.401910781860    0.117655135691    0.000096991600    -0.000423483667    0.116398051381    0.035298418254    0.000000000000    0.000000000000    0.000000000000    0.000000000000    0.000000000000    0.000000000000
-0.000000153705    1.300306677818    -0.020224453881    -0.000040228722    131154.796875000000    131461.953125000000    10335.099609375000    131154.812500000000    131055.078125000000    -0.401319980621    0.116150908172    0.000097920230    -0.000423250254    0.116144470870    0.035210285336    0.000000000000    0.000000000000    0.000000000000    0.000000000000    0.000000000000    0.000000000000
-0.000000154819    1.300272703171    -0.020370181650    -0.000182372853    130529.289062500000    132083.062500000000    50409.437500000000    130529.289062500000    122085.335937500000    -0.402041286230    0.117987468839    0.000096786440    -0.000423535239    0.116454079747    0.035317890346    0.000000000000    0.000000000000    0.000000000000    0.000000000000    0.000000000000    0.000000000000
-0.000000155933    1.300196290016    -0.020515246317    -0.000307739771    129973.640625000000    132629.875000000000    85755.171875000000    129973.632812500000    101176.781250000000    -0.404012918472    0.123007386923    0.000093687413    -0.000424314174    0.117300339043    0.035612016916    0.000000000000    0.000000000000    0.000000000000    0.000000000000    0.000000000000    0.000000000000
-0.000000157046    1.300084710121    -0.020659757778    -0.000404068851    129543.640625000000    133049.890625000000    112915.875000000000    129543.632812500000    70372.484375000000    -0.407045930624    0.130729660392    0.000088920104    -0.000425512437    0.118602171540    0.036064479500    0.000000000000    0.000000000000    0.000000000000    0.000000000000    0.000000000000    0.000000000000
-0.000000158160    1.299948811531    -0.020803881809    -0.000461937569    129283.531250000000    133302.671875000000    129233.828125000000    129283.523437500000    32683.697265625000    -0.410851776600    0.140419676900    0.000082938015    -0.000427016028    0.120235726237    0.036632236093    0.000000000000    0.000000000000    0.000000000000    0.000000000000    0.000000000000    0.000000000000
-0.000000159274    1.299801588058    -0.020947827026    -0.000475683919    129221.398437500000    133362.906250000000    133110.390625000000    129221.382812500000    -8203.344726562500    -0.415059536695    0.151132926345    0.000076324242    -0.000428678410    0.122041769326    0.037259947509    0.000000000000    0.000000000000    0.000000000000    0.000000000000    0.000000000000    0.000000000000
-0.000000160388    1.299657225609    -0.021091818810    -0.000443962897    129366.203125000000    133222.437500000000    124163.523437500000    129366.195312500000    -48287.097656250000    -0.419236987829    0.161852985620    0.000069701542    -0.000430315878    0.123847506940    0.037887077779    0.000000000000    0.000000000000    0.000000000000    0.000000000000    0.000000000000    0.000000000000
-0.000000161502    1.299529552460    -0.021236078814    -0.000369880639    129706.617187500000    132891.031250000000    103266.789062500000    129706.609375000000    -83642.132812500000    -0.421296119690    0.171936124563    0.000063204279    -0.000430383894    0.125462964177    0.038421448320    0.000000000000    0.000000000000    0.000000000000    0.000000000000    0.000000000000    0.000000000000
-0.000000162615    1.299430966377    -0.021380813792    -0.000260692992    130211.757812500000    132396.109375000000    72465.195312500000    130211.757812500000    -110804.023437500000    -0.422937095165    0.179971724749    0.000058026406    -0.000430438085    0.126750379801    0.038847308606    0.000000000000    0.000000000000    0.000000000000    0.000000000000    0.000000000000    0.000000000000
-0.000000163729    1.299370884895    -0.021526182070    -0.000127096617    130834.070312500000    131781.171875000000    34775.816406250000    130834.070312500000    -127109.890625000000    -0.424003809690    0.185195297003    0.000054660497    -0.000430473301    0.127587258816    0.039124138653    0.000000000000    0.000000000000    0.000000000000    0.000000000000    0.000000000000    0.000000000000
-0.000000164843    1.299354910851    -0.021672282368    0.000017818422    131513.656250000000    131102.953125000000    -6107.752929687500    131513.671875000000    -130960.609375000000    -0.424394071102    0.187106370926    0.000053429070    -0.000430486194    0.127893432975    0.039225421846    0.000000000000    0.000000000000    0.000000000000    0.000000000000    0.000000000000    0.000000000000
-0.000000165957    1.299384236336    -0.021819140762    0.000159851974    132184.234375000000    130426.820312500000    -46178.039062500000    132184.250000000000    -121978.460937500000    -0.424076288939    0.185550212860    0.000054431806    -0.000430475688    0.127644121647    0.039142951369    0.000000000000    0.000000000000    0.000000000000    0.000000000000    0.000000000000    0.000000000000
-0.000000167071    1.299455881119    -0.021966710687    0.000285086513    132779.375000000000    129820.875000000000    -81507.523437500000    132779.406250000000    -101044.453125000000    -0.423083901405    0.180690646172    0.000057563160    -0.000430442917    0.126865550876    0.038885407150    0.000000000000    0.000000000000    0.000000000000    0.000000000000    0.000000000000    0.000000000000
-0.000000168184    1.299562692642    -0.022114871070    0.000381251972    133239.406250000000    129348.718750000000    -108634.500000000000    133239.437500000000    -70211.351562500000    -0.421517252922    0.173019081354    0.000062506471    -0.000430391199    0.125636458397    0.038478840142    0.000000000000    0.000000000000    0.000000000000    0.000000000000    0.000000000000    0.000000000000
-0.000000169298    1.299693822861    -0.022263446823    0.000438928255    133517.046875000000    129062.117187500000    -124902.695312500000    133517.078125000000    -32501.429687500000    -0.419532477856    0.163299933076    0.000068769172    -0.000430325657    0.124079331756    0.037963759154    0.000000000000    0.000000000000    0.000000000000    0.000000000000    0.000000000000    0.000000000000
-0.000000170412    1.299836277962    -0.022412216291    0.000452466920    133582.546875000000    128994.320312500000    -128721.101562500000    133582.578125000000    8391.019531250000    -0.415743082762    0.152873277664    0.000075249838    -0.000428948464    0.122335165739    0.037361916155    0.000000000000    0.000000000000    0.000000000000    0.000000000000    0.000000000000    0.000000000000
-0.000000171526    1.299975752831    -0.022560935467    0.000420542230    133426.703125000000    129155.515625000000    -119718.593750000000    133426.734375000000    48462.386718750000    -0.411672711372    0.142509862781    0.000081647653    -0.000427340361    0.120588086545    0.036754705012    0.000000000000    0.000000000000    0.000000000000    0.000000000000    0.000000000000    0.000000000000
-0.000000172640    1.300098419189    -0.022709362209    0.000346278073    133062.000000000000    129531.203125000000    -98778.726562500000    133062.031250000000    83791.960937500000    -0.408011138439    0.133187144995    0.000087402987    -0.000425893755    0.119016453624    0.036208469421    0.000000000000    0.000000000000    0.000000000000    0.000000000000    0.000000000000    0.000000000000
-0.000000173753    1.300192117691    -0.022857280448    0.000236939784    132521.734375000000    130083.898437500000    -67951.828125000000    132521.765625000000    110925.062500000000    -0.405118972063    0.125823438168    0.000091948939    -0.000424751139    0.117775075138    0.035777017474    0.000000000000    0.000000000000    0.000000000000    0.000000000000    0.000000000000    0.000000000000
-0.000000174867    1.300247311592    -0.023004520684    0.000103221544    131856.828125000000    130757.804687500000    -30253.500000000000    131856.843750000000    127209.789062500000    -0.403291583061    0.121170826256    0.000094821204    -0.000424029189    0.116990730166    0.035504411906    0.000000000000    0.000000000000    0.000000000000    0.000000000000    0.000000000000    0.000000000000
-0.000000175981    1.300258398056    -0.023150982335    -0.000041800071    131131.187500000000    131485.500000000000    10630.319335937500    131131.203125000000    131055.093750000000    -0.402711093426    0.119692832232    0.000095733638    -0.000423799851    0.116741567850    0.035417813808    0.000000000000    0.000000000000    0.000000000000    0.000000000000    0.000000000000    0.000000000000
-0.000000177095    1.300223827362    -0.023296633735    -0.000183944212    130415.476562500000    132195.421875000000    50703.132812500000    130415.476562500000    122085.328125000000    -0.403446167707    0.121564373374    0.000094578252    -0.000424090278    0.117057077587    0.035527467728    0.000000000000    0.000000000000    0.000000000000    0.000000000000    0.000000000000    0.000000000000
-0.000000178209    1.300147056580    -0.023441527039    -0.000309311086    129780.273437500000    132819.078125000000    86047.515625000000    129780.265625000000    101176.765625000000    -0.405428111553    0.126610532403    0.000091463029    -0.000424873288    0.117907762527    0.035823132843    0.000000000000    0.000000000000    0.000000000000    0.000000000000    0.000000000000    0.000000000000
-0.000000179322    1.300035238266    -0.023585787043    -0.000405640138    129289.148437500000    133297.187500000000    113207.164062500000    129289.140625000000    70372.460937500000    -0.408471405506    0.134359046817    0.000086679516    -0.000426075596    0.119214013219    0.036277133971    0.000000000000    0.000000000000    0.000000000000    0.000000000000    0.000000000000    0.000000000000
-0.000000180436    1.299898862839    -0.023729605600    -0.000463508797    128992.304687500000    133584.453125000000    129524.484375000000    128992.289062500000    32683.673828125000    -0.412287563086    0.144075304270    0.000080681231    -0.000427583262    0.120851993561    0.036846425384    0.000000000000    0.000000000000    0.000000000000    0.000000000000    0.000000000000    0.000000000000
-0.000000181550    1.299751043320    -0.023873217404    -0.000477255147    128921.445312500000    133652.843750000000    133400.890625000000    128921.429687500000    -8203.368164062500    -0.416512489319    0.154832273722    0.000074040465    -0.000429252425    0.122665412724    0.037476696074    0.000000000000    0.000000000000    0.000000000000    0.000000000000    0.000000000000    0.000000000000
-0.000000182664    1.299606204033    -0.024016881362    -0.000445534097    129086.382812500000    133493.562500000000    124454.375000000000    129086.375000000000    -48287.125000000000    -0.420032382011    0.165747910738    0.000067191773    -0.000430342159    0.124471530318    0.038093496114    0.000000000000    0.000000000000    0.000000000000    0.000000000000    0.000000000000    0.000000000000
-0.000000183778    1.299478173256    -0.024160854518    -0.000371451810    129473.820312500000    133117.812500000000    103558.437500000000    129473.812500000000    -83642.156250000000    -0.422097086906    0.175858378410    0.000060676914    -0.000430410350    0.126091361046    0.038629315794    0.000000000000    0.000000000000    0.000000000000    0.000000000000    0.000000000000    0.000000000000
-0.000000184891    1.299379229546    -0.024305365980    -0.000262264162    130048.289062500000    132556.640625000000    72758.039062500000    130048.289062500000    -110804.046875000000    -0.423743635416    0.183921247721    0.000055481451    -0.000430464715    0.127383142710    0.039056621492    0.000000000000    0.000000000000    0.000000000000    0.000000000000    0.000000000000    0.000000000000
-0.000000186005    1.299318671227    -0.024450600147    -0.000128667787    130755.421875000000    131859.171875000000    35070.140625000000    130755.421875000000    -127109.914062500000    -0.424815952778    0.189172148705    0.000052097952    -0.000430500106    0.128224402666    0.039334900677    0.000000000000    0.000000000000    0.000000000000    0.000000000000    0.000000000000    0.000000000000
-0.000000187119    1.299302220345    -0.024596663192    0.000016247273    131527.031250000000    131089.500000000000    -5811.815429687500    131527.046875000000    -130960.617187500000    -0.425213634968    0.191119611263    0.000050843068    -0.000430513261    0.128536418080    0.039438109845    0.000000000000    0.000000000000    0.000000000000    0.000000000000    0.000000000000    0.000000000000
-0.000000188233    1.299331426620    -0.024743586779    0.000158280804    132287.796875000000    130321.757812500000    -45880.503906250000    132287.812500000000    -121978.437500000000    -0.424899578094    0.189581662416    0.000051834075    -0.000430502871    0.128290012479    0.039356600493    0.000000000000    0.000000000000    0.000000000000    0.000000000000    0.000000000000    0.000000000000
-0.000000189347    1.299402832985    -0.024891315028    0.000283515255    132962.468750000000    129633.320312500000    -81208.546875000000    132962.500000000000    -101044.390625000000    -0.423910886049    0.184740275145    0.000054953696    -0.000430470216    0.127514362335    0.039100024849    0.000000000000    0.000000000000    0.000000000000    0.000000000000    0.000000000000    0.000000000000
-0.000000190460    1.299509286880    -0.025039715692    0.000379680656    133483.531250000000    129096.726562500000    -108334.390625000000    133483.562500000000    -70211.273437500000    -0.422347962856    0.177086919546    0.000059885282    -0.000430418615    0.126288190484    0.038694422692    0.000000000000    0.000000000000    0.000000000000    0.000000000000    0.000000000000    0.000000000000
-0.000000191574    1.299640059471    -0.025188587606    0.000437356823    133797.812500000000    128771.000000000000    -124601.890625000000    133797.843750000000    -32501.320312500000    -0.420370638371    0.167404174805    0.000066124529    -0.000430353335    0.124736882746    0.038181271404    0.000000000000    0.000000000000    0.000000000000    0.000000000000    0.000000000000    0.000000000000
-0.000000192688    1.299782037735    -0.025337677449    0.000450895372    133871.906250000000    128693.960937500000    -128420.093750000000    133871.937500000000    8391.142578125000    -0.417302519083    0.156843736768    0.000072798699    -0.000429564534    0.123004510999    0.037594553083    0.000000000000    0.000000000000    0.000000000000    0.000000000000    0.000000000000    0.000000000000
-0.000000193802    1.299921154976    -0.025486709550    0.000418970536    133695.812500000000    128876.906250000000    -119417.914062500000    133695.843750000000    48462.511718750000    -0.413245916367    0.146515294909    0.000079174912    -0.000427961873    0.121263325214    0.036989390850    0.000000000000    0.000000000000    0.000000000000    0.000000000000    0.000000000000    0.000000000000
-0.000000194916    1.300043582916    -0.025635410100    0.000344706263    133284.000000000000    129302.765625000000    -98478.882812500000    133284.031250000000    83792.078125000000    -0.409591197968    0.137210085988    0.000084919448    -0.000426518003    0.119694642723    0.036444179714    0.000000000000    0.000000000000    0.000000000000    0.000000000000    0.000000000000    0.000000000000
-0.000000196029    1.300136804581    -0.025783538818    0.000235367843    132674.328125000000    129928.250000000000    -67653.234375000000    132674.359375000000    110925.156250000000    -0.406712740660    0.129881352186    0.000089443805    -0.000425380800    0.118459157646    0.036014776677    0.000000000000    0.000000000000    0.000000000000    0.000000000000    0.000000000000    0.000000000000
-0.000000197143    1.300191521645    -0.025930905715    0.000101649537    131924.609375000000    130689.453125000000    -29956.458984375000    131924.625000000000    127209.843750000000    -0.404895693064    0.125254973769    0.000092299873    -0.000424662925    0.117679238319    0.035743709654    0.000000000000    0.000000000000    0.000000000000    0.000000000000    0.000000000000    0.000000000000
-0.000000198257    1.300202131271    -0.026077389717    -0.000043372100    131106.953125000000    131509.703125000000    10925.658203125000    131106.968750000000    131055.078125000000    -0.404328942299    0.123811975121    0.000093190713    -0.000424439029    0.117435976863    0.035659160465    0.000000000000    0.000000000000    0.000000000000    0.000000000000    0.000000000000    0.000000000000
-0.000000199371    1.300167441368    -0.026222964749    -0.000185516168    130301.054687500000    132308.234375000000    50996.765625000000    130301.054687500000    122085.234375000000    -0.405070871115    0.125700995326    0.000092024522    -0.000424732134    0.117754429579    0.035769842565    0.000000000000    0.000000000000    0.000000000000    0.000000000000    0.000000000000    0.000000000000
-0.000000200485    1.300090432167    -0.026367686689    -0.000310882897    129586.312500000000    133008.359375000000    86339.609375000000    129586.304687500000    101176.585937500000    -0.407059669495    0.130764648318    0.000088898509    -0.000425517879    0.118608064950    0.036066532135    0.000000000000    0.000000000000    0.000000000000    0.000000000000    0.000000000000    0.000000000000
-0.000000201598    1.299978256226    -0.026511695236    -0.000407211774    129034.062500000000    133544.171875000000    113498.039062500000    129034.054687500000    70372.210937500000    -0.410109847784    0.138530656695    0.000084104198    -0.000426722923    0.119917266071    0.036521553993    0.000000000000    0.000000000000    0.000000000000    0.000000000000    0.000000000000    0.000000000000
-0.000000202712    1.299841523170    -0.026655204594    -0.000465080113    128700.500000000000    133865.671875000000    129814.562500000000    128700.484375000000    32683.363281250000    -0.413936316967    0.148273140192    0.000078089710    -0.000428234664    0.121559664607    0.037092387676    0.000000000000    0.000000000000    0.000000000000    0.000000000000    0.000000000000    0.000000000000
-0.000000203826    1.299693703651    -0.026798482984    -0.000478826114    128620.921875000000    133942.140625000000    133690.703125000000    128620.906250000000    -8203.704101562500    -0.418164670467    0.159038856626    0.000071443545    -0.000429905165    0.123374566436    0.037723168731    0.000000000000    0.000000000000    0.000000000000    0.000000000000    0.000000000000    0.000000000000
-0.000000204940    1.299548625946    -0.026941820979    -0.000447104685    128806.007812500000    133764.171875000000    124744.468750000000    128806.000000000000    -48287.449218750000    -0.420928150415    0.170134276152    0.000064365347    -0.000430371729    0.125174283981    0.038325957954    0.000000000000    0.000000000000    0.000000000000    0.000000000000    0.000000000000    0.000000000000
-0.000000206054    1.299420237541    -0.027085505426    -0.000373022049    129240.484375000000    133344.437500000000    103849.359375000000    129240.476562500000    -83642.437500000000    -0.422998428345    0.180272027850    0.000057832902    -0.000430440094    0.126798480749    0.038863223046    0.000000000000    0.000000000000    0.000000000000    0.000000000000    0.000000000000    0.000000000000
-0.000000207167    1.299321055412    -0.027229795232    -0.000263834081    129884.281250000000    132717.437500000000    73050.257812500000    129884.281250000000    -110804.257812500000    -0.424648672342    0.188353121281    0.000052625710    -0.000430494605    0.128093183041    0.039291493595    0.000000000000    0.000000000000    0.000000000000    0.000000000000    0.000000000000    0.000000000000
-0.000000208281    1.299260258675    -0.027374889702    -0.000130237502    130676.242187500000    131937.750000000000    35363.992187500000    130676.242187500000    -127110.031250000000    -0.425724714994    0.193622201681    0.000049230479    -0.000430530112    0.128937363625    0.039570737630    0.000000000000    0.000000000000    0.000000000000    0.000000000000    0.000000000000    0.000000000000
-0.000000209395    1.299243569374    -0.027520915493    0.000014677615    131539.875000000000    131076.718750000000    -5516.144531250000    131539.890625000000    -130960.609375000000    -0.426127970219    0.195596963167    0.000047958001    -0.000430543441    0.129253745079    0.039675392210    0.000000000000    0.000000000000    0.000000000000    0.000000000000    0.000000000000    0.000000000000
-0.000000210509    1.299272179604    -0.027667902410    0.000156711088    132390.812500000000    130217.203125000000    -45583.000000000000    132390.828125000000    -121978.320312500000    -0.425821334124    0.194095402956    0.000048925554    -0.000430533313    0.129013180733    0.039595816284    0.000000000000    0.000000000000    0.000000000000    0.000000000000    0.000000000000    0.000000000000
-0.000000211623    1.299343228340    -0.027815792710    0.000281945366    133145.015625000000    129445.953125000000    -80909.390625000000    133145.046875000000    -101044.171875000000    -0.424838244915    0.189281344414    0.000052027586    -0.000430500862    0.128241896629    0.039340686053    0.000000000000    0.000000000000    0.000000000000    0.000000000000    0.000000000000    0.000000000000
-0.000000212736    1.299449443817    -0.027964433655    0.000378110475    133727.140625000000    128844.507812500000    -108033.914062500000    133727.171875000000    -70210.960937500000    -0.423280894756    0.181655287743    0.000056941575    -0.000430449436    0.127020105720    0.038936529309    0.000000000000    0.000000000000    0.000000000000    0.000000000000    0.000000000000    0.000000000000
-0.000000213850    1.299579858780    -0.028113598004    0.000435786264    134078.015625000000    128479.351562500000    -124300.562500000000    134078.046875000000    -32500.951171875000    -0.421307265759    0.171990737319    0.000063169100    -0.000430384243    0.125471711159    0.038424342871    0.000000000000    0.000000000000    0.000000000000    0.000000000000    0.000000000000    0.000000000000
-0.000000214964    1.299721717834    -0.028263004497    0.000449324405    134160.718750000000    128393.023437500000    -128118.484375000000    134160.750000000000    8391.541015625000    -0.419040560722    0.161268964410    0.000070066802    -0.000430251210    0.123750515282    0.037853837013    0.000000000000    0.000000000000    0.000000000000    0.000000000000    0.000000000000    0.000000000000
-0.000000216078    1.299860596657    -0.028412349522    0.000417399133    133964.343750000000    128597.898437500000    -119116.601562500000    133964.375000000000    48462.886718750000    -0.414987385273    0.150949269533    0.000076437616    -0.000428649917    0.122010812163    0.037249185145    0.000000000000    0.000000000000    0.000000000000    0.000000000000    0.000000000000    0.000000000000
-0.000000217192    1.299982666969    -0.028561325744    0.000343134481    133505.390625000000    129074.289062500000    -98178.437500000000    133505.421875000000    83792.390625000000    -0.411342978477    0.141670286655    0.000082165956    -0.000427210092    0.120446555316    0.036705512553    0.000000000000    0.000000000000    0.000000000000    0.000000000000    0.000000000000    0.000000000000
-0.000000218306    1.300075650215    -0.028709663078    0.000233795770    132826.343750000000    129772.968750000000    -67354.148437500000    132826.375000000000    110925.382812500000    -0.408471405506    0.134359046817    0.000086679516    -0.000426075596    0.119214013219    0.036277133971    0.000000000000    0.000000000000    0.000000000000    0.000000000000    0.000000000000    0.000000000000
-0.000000219419    1.300130128860    -0.028857152909    0.000100077261    131991.781250000000    130621.726562500000    -29659.109375000000    131991.796875000000    127209.953125000000    -0.406664669514    0.129758909345    0.000089519395    -0.000425361795    0.118438519537    0.036007601768    0.000000000000    0.000000000000    0.000000000000    0.000000000000    0.000000000000    0.000000000000
-0.000000220533    1.300140619278    -0.029003662989    -0.000044944438    131082.109375000000    131534.562500000000    11221.068359375000    131082.125000000000    131055.070312500000    -0.406101346016    0.128324657679    0.000090404828    -0.000425139267    0.118196733296    0.035923566669    0.000000000000    0.000000000000    0.000000000000    0.000000000000    0.000000000000    0.000000000000
-0.000000221647    1.300105452538    -0.029149159789    -0.000187088444    130186.039062500000    132421.515625000000    51290.230468750000    130186.039062500000    122085.117187500000    -0.406853586435    0.130239918828    0.000089222449    -0.000425436447    0.118519604206    0.036035787314    0.000000000000    0.000000000000    0.000000000000    0.000000000000    0.000000000000    0.000000000000
