wc / wrf: 0.935595
 t  x  y  z vpar vper vx vy vz re(e1)  im(e1)  re(e2)  im(e2)  re(e3)  im(e3)  re(b1)  im(b1)  re(b2)  im(b2)  re(b3)  im(b3)
-0.000000000000    1.300464510918    -0.000029250350    -0.000029231131    131308.296875000000    131308.484375000000    8241.979492187500    131308.312500000000    131049.578125000000    -0.396785914898    0.104606837034    0.000105046907    -0.000421458972    0.114198356867    0.034533895552    0.000000000000    0.000000000000    0.000000000000    0.000000000000    0.000000000000    0.000000000000
-0.000000001114    1.300432920456    -0.000175500667    -0.000171378808    131305.171875000000    131311.609375000000    48322.179687500000    131305.187500000000    122097.132812500000    -0.397438555956    0.106268487871    0.000104021099    -0.000421716803    0.114478476346    0.034631256014    0.000000000000    0.000000000000    0.000000000000    0.000000000000    0.000000000000    0.000000000000
-0.000000002228    1.300358891487    -0.000321745407    -0.000296768063    131298.500000000000    131318.296875000000    83678.554687500000    131298.500000000000    101204.742187500000    -0.399341464043    0.111113496125    0.000101030055    -0.000422468613    0.115295253694    0.034915134311    0.000000000000    0.000000000000    0.000000000000    0.000000000000    0.000000000000    0.000000000000
-0.000000003341    1.300249695778    -0.000467981619    -0.000393136113    131290.343750000000    131326.437500000000    110853.625000000000    131290.343750000000    70413.898437500000    -0.402305781841    0.118660867214    0.000096370721    -0.000423639722    0.116567596793    0.035357348621    0.000000000000    0.000000000000    0.000000000000    0.000000000000    0.000000000000    0.000000000000
-0.000000004455    1.300115942955    -0.000614209275    -0.000451056607    131283.656250000000    131333.125000000000    127188.250000000000    131283.656250000000    32734.515625000000    -0.406046390533    0.128184720874    0.000090491209    -0.000425117556    0.118173137307    0.035915367305    0.000000000000    0.000000000000    0.000000000000    0.000000000000    0.000000000000    0.000000000000
-0.000000005569    1.299971103668    -0.000760431867    -0.000464862533    131281.718750000000    131335.078125000000    131082.109375000000    131281.718750000000    -8148.088867187500    -0.410188853741    0.138731807470    0.000083980020    -0.000426754123    0.119951181114    0.036533340812    0.000000000000    0.000000000000    0.000000000000    0.000000000000    0.000000000000    0.000000000000
-0.000000006683    1.299828886986    -0.000906656322    -0.000433203008    131287.578125000000    131329.234375000000    122151.437500000000    131287.578125000000    -48232.808593750000    -0.414334774017    0.149287626147    0.000077463432    -0.000428392057    0.121730692685    0.037151828408    0.000000000000    0.000000000000    0.000000000000    0.000000000000    0.000000000000    0.000000000000
-0.000000007797    1.299703478813    -0.001052892767    -0.000359178171    131303.406250000000    131313.406250000000    101268.156250000000    131303.406250000000    -83594.132812500000    -0.418075352907    0.158811479807    0.000071583920    -0.000429869891    0.123336233199    0.037709847093    0.000000000000    0.000000000000    0.000000000000    0.000000000000    0.000000000000    0.000000000000
-0.000000008910    1.299607038498    -0.001199152786    -0.000250038225    131330.187500000000    131286.640625000000    70475.914062500000    131330.187500000000    -110767.031250000000    -0.420199662447    0.166566938162    0.000066664012    -0.000430347689    0.124602749944    0.038136899471    0.000000000000    0.000000000000    0.000000000000    0.000000000000    0.000000000000    0.000000000000
-0.000000010024    1.299548983574    -0.001345448545    -0.000116475181    131367.109375000000    131249.687500000000    32790.835937500000    131367.125000000000    -127087.554687500000    -0.421232938766    0.171626716852    0.000063403655    -0.000430381799    0.125413388014    0.038405053318    0.000000000000    0.000000000000    0.000000000000    0.000000000000    0.000000000000    0.000000000000
-0.000000011138    1.299535036087    -0.001491789939    0.000028424227    131411.765625000000    131205.000000000000    -8093.935546875000    131411.781250000000    -130955.109375000000    -0.421591609716    0.173383086920    0.000062271916    -0.000430393644    0.125694781542    0.038498133421    0.000000000000    0.000000000000    0.000000000000    0.000000000000    0.000000000000    0.000000000000
-0.000000012252    1.299566626549    -0.001638183603    0.000170461368    131460.000000000000    131156.671875000000    -48170.808593750000    131460.015625000000    -121990.359375000000    -0.421240359545    0.171663135290    0.000063380205    -0.000430382031    0.125419229269    0.038406979293    0.000000000000    0.000000000000    0.000000000000    0.000000000000    0.000000000000    0.000000000000
-0.000000013366    1.299640655518    -0.001784630469    0.000295718346    131506.468750000000    131110.093750000000    -83511.609375000000    131506.500000000000    -101072.578125000000    -0.420210808516    0.166621550918    0.000066628832    -0.000430348038    0.124611496925    0.038139794022    0.000000000000    0.000000000000    0.000000000000    0.000000000000    0.000000000000    0.000000000000
-0.000000014479    1.299749732018    -0.001931125415    0.000391922949    131545.187500000000    131071.257812500000    -110653.492187500000    131545.218750000000    -70252.960937500000    -0.418106257915    0.158890187740    0.000071535331    -0.000429882086    0.123349502683    0.037714459002    0.000000000000    0.000000000000    0.000000000000    0.000000000000    0.000000000000    0.000000000000
-0.000000015593    1.299883127213    -0.002077656332    0.000449651212    131570.203125000000    131046.171875000000    -126938.703125000000    131570.234375000000    -32552.437500000000    -0.414372533560    0.149383828044    0.000077404038    -0.000428406987    0.121746905148    0.037157464772    0.000000000000    0.000000000000    0.000000000000    0.000000000000    0.000000000000    0.000000000000
-0.000000016707    1.300027966499    -0.002224205062    0.000463249686    131576.421875000000    131039.921875000000    -130774.523437500000    131576.453125000000    8335.602539062500    -0.410233497620    0.138845488429    0.000083909836    -0.000426771760    0.119970344007    0.036540001631    0.000000000000    0.000000000000    0.000000000000    0.000000000000    0.000000000000    0.000000000000
-0.000000017821    1.300169825554    -0.002370748436    0.000431386667    131560.421875000000    131055.984375000000    -121788.078125000000    131560.453125000000    48407.980468750000    -0.406094461679    0.128307163715    0.000090415626    -0.000425136532    0.118193782866    0.035922542214    0.000000000000    0.000000000000    0.000000000000    0.000000000000    0.000000000000    0.000000000000
-0.000000018935    1.300294876099    -0.002517260844    0.000357180077    131520.968750000000    131095.562500000000    -100861.312500000000    131521.000000000000    83743.890625000000    -0.402364164591    0.118809536099    0.000096278935    -0.000423662801    0.116592660546    0.035366058350    0.000000000000    0.000000000000    0.000000000000    0.000000000000    0.000000000000    0.000000000000
-0.000000020048    1.300390839577    -0.002663717372    0.000247889548    131459.515625000000    131157.203125000000    -70043.226562500000    131459.546875000000    110888.039062500000    -0.399406731129    0.111279666424    0.000100927471    -0.000422494399    0.115323267877    0.034924868494    0.000000000000    0.000000000000    0.000000000000    0.000000000000    0.000000000000    0.000000000000
-0.000000021162    1.300448417664    -0.002810094738    0.000114204668    131380.156250000000    131236.718750000000    -32348.537109375000    131380.171875000000    127187.453125000000    -0.397510677576    0.106452144682    0.000103907718    -0.000421745324    0.114509440958    0.034642014652    0.000000000000    0.000000000000    0.000000000000    0.000000000000    0.000000000000    0.000000000000
-0.000000022276    1.300461888313    -0.002956376644    -0.000030801333    131289.500000000000    131327.406250000000    8537.197265625000    131289.515625000000    131049.625000000000    -0.396861493587    0.104799240828    0.000104928127    -0.000421488832    0.114230796695    0.034545168281    0.000000000000    0.000000000000    0.000000000000    0.000000000000    0.000000000000    0.000000000000
-0.000000023390    1.300429701805    -0.003102554940    -0.000172949120    131196.156250000000    131420.656250000000    48617.296875000000    131196.171875000000    122097.296875000000    -0.397527843714    0.106495872140    0.000103880724    -0.000421752105    0.114516809583    0.034644577652    0.000000000000    0.000000000000    0.000000000000    0.000000000000    0.000000000000    0.000000000000
-0.000000024504    1.300355315208    -0.003248632420    -0.000298338593    131109.890625000000    131506.718750000000    83973.617187500000    131109.890625000000    101205.007812500000    -0.399441093206    0.111367121339    0.000100873483    -0.000422507961    0.115338012576    0.034929994494    0.000000000000    0.000000000000    0.000000000000    0.000000000000    0.000000000000    0.000000000000
-0.000000025617    1.300245761871    -0.003394622589    -0.000394706964    131040.578125000000    131575.796875000000    111148.695312500000    131040.570312500000    70414.242187500000    -0.402419149876    0.118949472904    0.000096192554    -0.000423684512    0.116616249084    0.035374257714    0.000000000000    0.000000000000    0.000000000000    0.000000000000    0.000000000000    0.000000000000
-0.000000026731    1.300111770630    -0.003540549194    -0.000452627864    130997.125000000000    131619.046875000000    127483.367187500000    130997.117187500000    32734.910156250000    -0.406166613102    0.128490805626    0.000090302245    -0.000425165053    0.118224740028    0.035933300853    0.000000000000    0.000000000000    0.000000000000    0.000000000000    0.000000000000    0.000000000000
-0.000000027845    1.299966335297    -0.003686445067    -0.000466434256    130986.437500000000    131629.703125000000    131377.328125000000    130986.421875000000    -8147.675781250000    -0.410322815180    0.139072880149    0.000083769461    -0.000426807062    0.120008677244    0.036553326994    0.000000000000    0.000000000000    0.000000000000    0.000000000000    0.000000000000    0.000000000000
-0.000000028959    1.299823880196    -0.003832349088    -0.000434775167    131012.375000000000    131603.875000000000    122446.812500000000    131012.367187500000    -48232.429687500000    -0.414479017258    0.149654939771    0.000077236669    -0.000428449071    0.121792614460    0.037173349410    0.000000000000    0.000000000000    0.000000000000    0.000000000000    0.000000000000    0.000000000000
-0.000000030073    1.299697995186    -0.003978302702    -0.000360750739    131075.218750000000    131541.281250000000    101563.726562500000    131075.218750000000    -83593.812500000000    -0.418229937553    0.159205019474    0.000071340968    -0.000429930951    0.123402573168    0.037732906640    0.000000000000    0.000000000000    0.000000000000    0.000000000000    0.000000000000    0.000000000000
-0.000000031187    1.299601197243    -0.004124345258    -0.000251611113    131171.296875000000    131445.484375000000    70771.703125000000    131171.296875000000    -110766.812500000000    -0.420288860798    0.167003750801    0.000066382549    -0.000430350628    0.124672733247    0.038160048425    0.000000000000    0.000000000000    0.000000000000    0.000000000000    0.000000000000    0.000000000000
-0.000000032300    1.299542903900    -0.004270509817    -0.000118048236    131293.046875000000    131323.875000000000    33086.859375000000    131293.062500000000    -127087.460937500000    -0.421327710152    0.172090843320    0.000063104599    -0.000430384942    0.125487744808    0.038429647684    0.000000000000    0.000000000000    0.000000000000    0.000000000000    0.000000000000    0.000000000000
-0.000000033414    1.299528717995    -0.004416819662    0.000026851139    131429.703125000000    131187.109375000000    -7797.693359375000    131429.718750000000    -130955.164062500000    -0.421690106392    0.173865407705    0.000061961124    -0.000430396904    0.125772058964    0.038523692638    0.000000000000    0.000000000000    0.000000000000    0.000000000000    0.000000000000    0.000000000000
-0.000000034528    1.299560070038    -0.004563283641    0.000168888408    131568.140625000000    131048.257812500000    -47874.382812500000    131568.156250000000    -121990.531250000000    -0.421340703964    0.172154545784    0.000063063548    -0.000430385349    0.125497952104    0.038433022797    0.000000000000    0.000000000000    0.000000000000    0.000000000000    0.000000000000    0.000000000000
-0.000000035642    1.299633741379    -0.004709896632    0.000294145662    131694.156250000000    130921.609375000000    -83215.039062500000    131694.187500000000    -101072.867187500000    -0.420316725969    0.167140275240    0.000066294589    -0.000430351560    0.124694600701    0.038167282939    0.000000000000    0.000000000000    0.000000000000    0.000000000000    0.000000000000    0.000000000000
-0.000000036756    1.299742460251    -0.004856636748    0.000390350673    131793.953125000000    130821.156250000000    -110356.867187500000    131793.984375000000    -70253.359375000000    -0.418312370777    0.159414917231    0.000071211391    -0.000429963518    0.123437955976    0.037745203823    0.000000000000    0.000000000000    0.000000000000    0.000000000000    0.000000000000    0.000000000000
-0.000000037869    1.299875617027    -0.005003467668    0.000448079460    131855.625000000000    130759.015625000000    -126642.109375000000    131855.656250000000    -32552.910156250000    -0.414588958025    0.149934798479    0.000077063902    -0.000428492494    0.121839791536    0.037189744413    0.000000000000    0.000000000000    0.000000000000    0.000000000000    0.000000000000    0.000000000000
-0.000000038983    1.300019860268    -0.005150341894    0.000461678457    131870.484375000000    130744.023437500000    -130478.054687500000    131870.515625000000    8335.103515625000    -0.410463631153    0.139431446791    0.000083548097    -0.000426862680    0.120069123805    0.036574333906    0.000000000000    0.000000000000    0.000000000000    0.000000000000    0.000000000000    0.000000000000
-0.000000040097    1.300161242485    -0.005297204480    0.000429815991    131834.265625000000    130780.554687500000    -121491.820312500000    131834.296875000000    48407.511718750000    -0.406341791153    0.128936827183    0.000090026893    -0.000425234262    0.118299931288    0.035959437490    0.000000000000    0.000000000000    0.000000000000    0.000000000000    0.000000000000    0.000000000000
-0.000000041211    1.300285935402    -0.005443998147    0.000355609896    131747.703125000000    130867.726562500000    -100565.328125000000    131747.734375000000    83743.507812500000    -0.402621805668    0.119465455413    0.000095874013    -0.000423764577    0.116703234613    0.035404488444    0.000000000000    0.000000000000    0.000000000000    0.000000000000    0.000000000000    0.000000000000
-0.000000042325    1.300381541252    -0.005590669811    0.000246319745    131616.875000000000    130999.312500000000    -69747.562500000000    131616.906250000000    110887.773437500000    -0.399674654007    0.111961811781    0.000100506353    -0.000422600249    0.115438267589    0.034964837134    0.000000000000    0.000000000000    0.000000000000    0.000000000000    0.000000000000    0.000000000000
-0.000000043438    1.300438642502    -0.005737176631    0.000112635069    131452.671875000000    131164.109375000000    -32053.207031250000    131452.687500000000    127187.328125000000    -0.397788912058    0.107160530984    0.000103470404    -0.000421855220    0.114628858864    0.034683521837    0.000000000000    0.000000000000    0.000000000000    0.000000000000    0.000000000000    0.000000000000
-0.000000044552    1.300451636314    -0.005883488338    -0.000032370881    131270.000000000000    131346.937500000000    8832.214843750000    131270.015625000000    131049.656250000000    -0.397153437138    0.105542615056    0.000104469218    -0.000421604171    0.114356108010    0.034588724375    0.000000000000    0.000000000000    0.000000000000    0.000000000000    0.000000000000    0.000000000000
-0.000000045666    1.300419211388    -0.006029594224    -0.000174518776    131086.437500000000    131530.125000000000    48912.042968750000    131086.453125000000    122097.453125000000    -0.397830128670    0.107265472412    0.000103405611    -0.000421871518    0.114646553993    0.034689672291    0.000000000000    0.000000000000    0.000000000000    0.000000000000    0.000000000000    0.000000000000
-0.000000046780    1.300344467163    -0.006175503600    -0.000299908483    130920.601562500000    131695.203125000000    84268.164062500000    130920.593750000000    101205.281250000000    -0.399753659964    0.112162962556    0.000100382174    -0.000422631449    0.115472175181    0.034976623952    0.000000000000    0.000000000000    0.000000000000    0.000000000000    0.000000000000    0.000000000000
-0.000000047894    1.300234556198    -0.006321246270    -0.000396277232    130790.117187500000    131824.796875000000    111443.125000000000    130790.109375000000    70414.593750000000    -0.402738571167    0.119762800634    0.000095690441    -0.000423810707    0.116753362119    0.035421911627    0.000000000000    0.000000000000    0.000000000000    0.000000000000    0.000000000000    0.000000000000
-0.000000049007    1.300100207329    -0.006466870662    -0.000454198569    130709.882812500000    131904.328125000000    127777.781250000000    130709.875000000000    32735.312500000000    -0.406496345997    0.129330381751    0.000089783942    -0.000425295322    0.118366278708    0.035982493311    0.000000000000    0.000000000000    0.000000000000    0.000000000000    0.000000000000    0.000000000000
-0.000000050121    1.299954652786    -0.006612439174    -0.000468005426    130690.437500000000    131923.609375000000    131671.828125000000    130690.421875000000    -8147.267578125000    -0.410659432411    0.139929935336    0.000083240360    -0.000426940038    0.120153158903    0.036603540182    0.000000000000    0.000000000000    0.000000000000    0.000000000000    0.000000000000    0.000000000000
-0.000000051235    1.299811840057    -0.006758022122    -0.000436346774    130736.484375000000    131877.984375000000    122741.523437500000    130736.476562500000    -48232.042968750000    -0.414822518826    0.150529488921    0.000076696771    -0.000428584754    0.121940046549    0.037224590778    0.000000000000    0.000000000000    0.000000000000    0.000000000000    0.000000000000    0.000000000000
-0.000000052349    1.299685835838    -0.006903692614    -0.000362322724    130846.343750000000    131768.984375000000    101858.742187500000    130846.335937500000    -83593.492187500000    -0.418580293655    0.160097062588    0.000070790265    -0.000430069369    0.123552955687    0.037785172462    0.000000000000    0.000000000000    0.000000000000    0.000000000000    0.000000000000    0.000000000000
-0.000000053463    1.299588680267    -0.007049517240    -0.000253183447    131011.703125000000    131604.578125000000    71067.109375000000    131011.703125000000    -110766.585937500000    -0.420483976603    0.167959302664    0.000065766828    -0.000430357060    0.124825820327    0.038210690022    0.000000000000    0.000000000000    0.000000000000    0.000000000000    0.000000000000    0.000000000000
-0.000000054576    1.299530029297    -0.007195550483    -0.000119620774    131218.265625000000    131398.609375000000    33382.687500000000    131218.281250000000    -127087.351562500000    -0.421526551247    0.173064574599    0.000062477149    -0.000430391490    0.125643759966    0.038481254131    0.000000000000    0.000000000000    0.000000000000    0.000000000000    0.000000000000    0.000000000000
-0.000000055690    1.299515485764    -0.007341828663    0.000025278552    131446.953125000000    131169.843750000000    -7501.438476562500    131446.968750000000    -130955.171875000000    -0.421894520521    0.174866437912    0.000061316088    -0.000430403656    0.125932440162    0.038576744497    0.000000000000    0.000000000000    0.000000000000    0.000000000000    0.000000000000    0.000000000000
-0.000000056804    1.299546480179    -0.007488362957    0.000167315899    131675.593750000000    130940.312500000000    -47577.734375000000    131675.609375000000    -121990.671875000000    -0.421552568674    0.173191979527    0.000062395055    -0.000430392363    0.125664174557    0.038488004357    0.000000000000    0.000000000000    0.000000000000    0.000000000000    0.000000000000    0.000000000000
-0.000000057918    1.299619674683    -0.007635141723    0.000292573386    131881.140625000000    130733.257812500000    -82918.078125000000    131881.171875000000    -101073.125000000000    -0.420536011457    0.168214112520    0.000065602639    -0.000430358778    0.124866649508    0.038224194199    0.000000000000    0.000000000000    0.000000000000    0.000000000000    0.000000000000    0.000000000000
-0.000000059032    1.299728035927    -0.007782125380    0.000388778688    132042.031250000000    130570.757812500000    -110059.703125000000    132042.062500000000    -70253.703125000000    -0.418724566698    0.160464376211    0.000070563510    -0.000430126354    0.123614877462    0.037806693465    0.000000000000    0.000000000000    0.000000000000    0.000000000000    0.000000000000    0.000000000000
-0.000000060145    1.299860835075    -0.007929256186    0.000446507853    132140.343750000000    130471.273437500000    -126344.890625000000    132140.375000000000    -32553.302734375000    -0.415011435747    0.151010483503    0.000076399825    -0.000428659405    0.122021131217    0.037252772599    0.000000000000    0.000000000000    0.000000000000    0.000000000000    0.000000000000    0.000000000000
-0.000000061259    1.300005078316    -0.008076454513    0.000460107316    132163.828125000000    130447.476562500000    -130180.921875000000    132163.859375000000    8334.695312500000    -0.410889565945    0.140515878797    0.000082878621    -0.000427030958    0.120251938701    0.036637872458    0.000000000000    0.000000000000    0.000000000000    0.000000000000    0.000000000000    0.000000000000
-0.000000062373    1.300146341324    -0.008223635145    0.000428245286    132107.375000000000    130504.632812500000    -121194.914062500000    132107.406250000000    48407.121093750000    -0.406767696142    0.130021274090    0.000089357418    -0.000425402512    0.118482746184    0.036022976041    0.000000000000    0.000000000000    0.000000000000    0.000000000000    0.000000000000    0.000000000000
-0.000000063487    1.300270557404    -0.008370709606    0.000354039599    131973.750000000000    130639.773437500000    -100268.789062500000    131973.781250000000    83743.171875000000    -0.403061449528    0.120584875345    0.000095182942    -0.000423938269    0.116891950369    0.035470079631    0.000000000000    0.000000000000    0.000000000000    0.000000000000    0.000000000000    0.000000000000
-0.000000064601    1.300365924835    -0.008517595939    0.000244749739    131773.546875000000    130841.718750000000    -69451.492187500000    131773.578125000000    110887.531250000000    -0.400121182203    0.113098725677    0.000099804485    -0.000422776648    0.115629926324    0.035031452775    0.000000000000    0.000000000000    0.000000000000    0.000000000000    0.000000000000    0.000000000000
-0.000000065714    1.300422787666    -0.008664230816    0.000111065252    131524.500000000000    131092.078125000000    -31757.671875000000    131524.515625000000    127187.203125000000    -0.398245751858    0.108323678374    0.000102752332    -0.000422035722    0.114824943244    0.034751672298    0.000000000000    0.000000000000    0.000000000000    0.000000000000    0.000000000000    0.000000000000
-0.000000066828    1.300435543060    -0.008810572326    -0.000033940632    131249.796875000000    131367.109375000000    9127.201171875000    131249.812500000000    131049.671875000000    -0.397617161274    0.106723248959    0.000103740349    -0.000421787379    0.114555142820    0.034657899290    0.000000000000    0.000000000000    0.000000000000    0.000000000000    0.000000000000    0.000000000000
-0.000000067942    1.300402760506    -0.008956604637    -0.000176088608    130976.046875000000    131640.062500000000    49206.531250000000    130976.046875000000    122097.617187500000    -0.398300707340    0.108463607728    0.000102665945    -0.000422057434    0.114848539233    0.034759871662    0.000000000000    0.000000000000    0.000000000000    0.000000000000    0.000000000000    0.000000000000
-0.000000069056    1.300327658653    -0.009102346376    -0.000301478576    130730.617187500000    131883.796875000000    84562.257812500000    130730.609375000000    101205.578125000000    -0.400234550238    0.113387331367    0.000099626312    -0.000422821438    0.115678578615    0.035048361868    0.000000000000    0.000000000000    0.000000000000    0.000000000000    0.000000000000    0.000000000000
-0.000000070170    1.300217390060    -0.009247841313    -0.000397847703    130538.953125000000    132073.515625000000    111736.960937500000    130538.945312500000    70415.007812500000    -0.403229773045    0.121013402939    0.000094918389    -0.000424004771    0.116964191198    0.035495188087    0.000000000000    0.000000000000    0.000000000000    0.000000000000    0.000000000000    0.000000000000
-0.000000071283    1.300082802773    -0.009393163957    -0.000455769536    130421.960937500000    132189.046875000000    128071.539062500000    130421.953125000000    32735.800781250000    -0.406997829676    0.130607232451    0.000088995686    -0.000425493432    0.118581525981    0.036057308316    0.000000000000    0.000000000000    0.000000000000    0.000000000000    0.000000000000    0.000000000000
-0.000000072397    1.299936771393    -0.009538403712    -0.000469576917    130393.726562500000    132216.906250000000    131965.718750000000    130393.710937500000    -8146.756835937500    -0.411171227694    0.141233012080    0.000082435909    -0.000427142251    0.120372831821    0.036679893732    0.000000000000    0.000000000000    0.000000000000    0.000000000000    0.000000000000    0.000000000000
-0.000000073511    1.299793601036    -0.009683664888    -0.000437918847    130459.867187500000    132151.640625000000    123035.695312500000    130459.859375000000    -48231.566406250000    -0.415344625711    0.151858806610    0.000075876123    -0.000428791041    0.122164145112    0.037302475423    0.000000000000    0.000000000000    0.000000000000    0.000000000000    0.000000000000    0.000000000000
-0.000000074625    1.299667119980    -0.009829050861    -0.000363895291    130616.734375000000    131996.625000000000    102153.359375000000    130616.726562500000    -83593.101562500000    -0.419116139412    0.161461368203    0.000069948022    -0.000430281070    0.123782955110    0.037865109742    0.000000000000    0.000000000000    0.000000000000    0.000000000000    0.000000000000    0.000000000000
-0.000000075739    1.299569725990    -0.009974657558    -0.000254756334    130851.414062500000    131764.000000000000    71362.289062500000    130851.414062500000    -110766.335937500000    -0.420777618885    0.169397145510    0.000064840322    -0.000430366752    0.125056177378    0.038286890835    0.000000000000    0.000000000000    0.000000000000    0.000000000000    0.000000000000    0.000000000000
-0.000000076852    1.299510836601    -0.010120559484    -0.000121193843    131142.812500000000    131473.984375000000    33678.488281250000    131142.828125000000    -127087.257812500000    -0.421825766563    0.174529731274    0.000061533057    -0.000430401386    0.125878497958    0.038558900356    0.000000000000    0.000000000000    0.000000000000    0.000000000000    0.000000000000    0.000000000000
-0.000000077966    1.299496054649    -0.010266804136    0.000023705479    131463.515625000000    131153.296875000000    -7205.003906250000    131463.531250000000    -130955.257812500000    -0.422197431326    0.176349788904    0.000060360264    -0.000430413638    0.126170098782    0.038655359298    0.000000000000    0.000000000000    0.000000000000    0.000000000000    0.000000000000    0.000000000000
-0.000000079080    1.299526572227    -0.010413407348    0.000165743026    131782.390625000000    130832.929687500000    -47280.726562500000    131782.406250000000    -121990.937500000000    -0.421861082315    0.174702629447    0.000061421641    -0.000430402550    0.125906199217    0.038568064570    0.000000000000    0.000000000000    0.000000000000    0.000000000000    0.000000000000    0.000000000000
-0.000000080194    1.299599409103    -0.010560350493    0.000291000877    132067.500000000000    130545.125000000000    -82620.625000000000    132067.531250000000    -101073.546875000000    -0.420850098133    0.169752061367    0.000064611631    -0.000430369168    0.125113040209    0.038305699825    0.000000000000    0.000000000000    0.000000000000    0.000000000000    0.000000000000    0.000000000000
-0.000000081308    1.299707412720    -0.010707579553    0.000387206703    132289.484375000000    130320.187500000000    -109761.976562500000    132289.515625000000    -70254.226562500000    -0.419264882803    0.161989480257    0.000069613583    -0.000430316810    0.123869374394    0.037894312292    0.000000000000    0.000000000000    0.000000000000    0.000000000000    0.000000000000    0.000000000000
-0.000000082421    1.299839854240    -0.010855007917    0.000444936508    132424.453125000000    130183.031250000000    -126047.062500000000    132424.484375000000    -32553.878906250000    -0.415612548590    0.152540951967    0.000075455006    -0.000428896892    0.122279137373    0.037342444062    0.000000000000    0.000000000000    0.000000000000    0.000000000000    0.000000000000    0.000000000000
-0.000000083535    1.299983501434    -0.011002529413    0.000458536582    132456.593750000000    130150.335937500000    -129883.210937500000    132456.625000000000    8334.120117187500    -0.411507844925    0.142090082169    0.000081906808    -0.000427275227    0.120517320931    0.036730106920    0.000000000000    0.000000000000    0.000000000000    0.000000000000    0.000000000000    0.000000000000
-0.000000084649    1.300124287605    -0.011150027625    0.000426675164    132379.906250000000    130228.320312500000    -120897.531250000000    132379.937500000000    48406.609375000000    -0.407403171062    0.131639197469    0.000088358604    -0.000425653561    0.118755497038    0.036117773503    0.000000000000    0.000000000000    0.000000000000    0.000000000000    0.000000000000    0.000000000000
-0.000000085763    1.300248384476    -0.011297381483    0.000352469971    132199.156250000000    130411.789062500000    -99971.898437500000    132199.187500000000    83742.773437500000    -0.403700351715    0.122211545706    0.000094178729    -0.000424190686    0.117166176438    0.035565387458    0.000000000000    0.000000000000    0.000000000000    0.000000000000    0.000000000000    0.000000000000
-0.000000086877    1.300343394279    -0.011444482021    0.000243180562    131929.593750000000    130684.476562500000    -69155.234375000000    131929.625000000000    110887.265625000000    -0.400770395994    0.114751622081    0.000098784069    -0.000423033140    0.115908578038    0.035128299147    0.000000000000    0.000000000000    0.000000000000    0.000000000000    0.000000000000    0.000000000000
-0.000000087990    1.300399899483    -0.011591243558    0.000109496294    131595.703125000000    131020.703125000000    -31462.123046875000    131595.718750000000    127187.109375000000    -0.398901820183    0.109994068742    0.000101721125    -0.000422294921    0.115106545389    0.034849543124    0.000000000000    0.000000000000    0.000000000000    0.000000000000    0.000000000000    0.000000000000
-0.000000089104    1.300412178040    -0.011737612076    -0.000035509584    131228.953125000000    131388.015625000000    9422.032226562500    131228.968750000000    131049.750000000000    -0.398286968470    0.108428627253    0.000102687547    -0.000422051991    0.114842638373    0.034757822752    0.000000000000    0.000000000000    0.000000000000    0.000000000000    0.000000000000    0.000000000000
-0.000000090218    1.300379037857    -0.011883570813    -0.000177657770    130864.992187500000    131750.546875000000    49500.703125000000    130864.992187500000    122097.867187500000    -0.398984253407    0.110203966498    0.000101591548    -0.000422327488    0.115141928196    0.034861840308    0.000000000000    0.000000000000    0.000000000000    0.000000000000    0.000000000000    0.000000000000
-0.000000091332    1.300303459167    -0.012029143050    -0.000303048088    130539.984375000000    132072.578125000000    84855.898437500000    130539.976562500000    101205.968750000000    -0.400928378105    0.115153923631    0.000098535718    -0.000423095567    0.115976393223    0.035151869059    0.000000000000    0.000000000000    0.000000000000    0.000000000000    0.000000000000    0.000000000000
-0.000000092446    1.300192952156    -0.012174390256    -0.000399417710    130287.156250000000    132322.000000000000    112030.242187500000    130287.148437500000    70415.500000000000    -0.403933912516    0.122806236148    0.000093811592    -0.000424282975    0.117266431451    0.035600233823    0.000000000000    0.000000000000    0.000000000000    0.000000000000    0.000000000000    0.000000000000
-0.000000093560    1.300058007240    -0.012319408357    -0.000457340124    130133.406250000000    132473.218750000000    128364.687500000000    130133.398437500000    32736.335937500000    -0.407708853483    0.132417544723    0.000087878099    -0.000425774342    0.118886716664    0.036163378507    0.000000000000    0.000000000000    0.000000000000    0.000000000000    0.000000000000    0.000000000000
-0.000000094673    1.299911737442    -0.012464319356    -0.000471148145    130096.414062500000    132509.546875000000    132258.937500000000    130096.398437500000    -8146.229492187500    -0.411892563105    0.143069565296    0.000081302118    -0.000427427207    0.120682440698    0.036787498742    0.000000000000    0.000000000000    0.000000000000    0.000000000000    0.000000000000    0.000000000000
-0.000000095787    1.299768090248    -0.012609258294    -0.000439490628    130182.656250000000    132424.812500000000    123329.234375000000    130182.648437500000    -48231.093750000000    -0.416079699993    0.153730332851    0.000074720738    -0.000429081440    0.122479647398    0.037412133068    0.000000000000    0.000000000000    0.000000000000    0.000000000000    0.000000000000    0.000000000000
-0.000000096901    1.299641370773    -0.012754359283    -0.000365467538    130386.515625000000    132224.093750000000    102447.421875000000    130386.507812500000    -83592.726562500000    -0.419556647539    0.163418233395    0.000068692942    -0.000430326443    0.124098286033    0.037970028818    0.000000000000    0.000000000000    0.000000000000    0.000000000000    0.000000000000    0.000000000000
-0.000000098015    1.299543619156    -0.012899745256    -0.000256328960    130690.492187500000    131923.640625000000    71657.046875000000    130690.492187500000    -110766.070312500000    -0.421184599400    0.171390116215    0.000063556123    -0.000430380198    0.125375479460    0.038392513990    0.000000000000    0.000000000000    0.000000000000    0.000000000000    0.000000000000    0.000000000000
-0.000000099129    1.299484252930    -0.013045513071    -0.000122766694    131066.718750000000    131549.875000000000    33974.046875000000    131066.718750000000    -127087.132812500000    -0.422238320112    0.176550000906    0.000060231254    -0.000430415006    0.126202166080    0.038665968925    0.000000000000    0.000000000000    0.000000000000    0.000000000000    0.000000000000    0.000000000000
-0.000000100242    1.299468994141    -0.013191723265    0.000022132570    131479.453125000000    131137.359375000000    -6908.622070312500    131479.468750000000    -130955.265625000000    -0.422617435455    0.178406462073    0.000059035006    -0.000430427521    0.126499593258    0.038764353842    0.000000000000    0.000000000000    0.000000000000    0.000000000000    0.000000000000    0.000000000000
-0.000000101356    1.299499392509    -0.013338395394    0.000164170197    131888.500000000000    130725.968750000000    -46983.570312500000    131888.515625000000    -121991.078125000000    -0.422284781933    0.176777511835    0.000060084658    -0.000430416520    0.126238614321    0.038678027689    0.000000000000    0.000000000000    0.000000000000    0.000000000000    0.000000000000    0.000000000000
-0.000000102470    1.299571990967    -0.013485502452    0.000289428252    132253.140625000000    130357.039062500000    -82322.812500000000    132253.171875000000    -101073.789062500000    -0.421277523041    0.171845138073    0.000063262924    -0.000430383283    0.125448390841    0.038416627795    0.000000000000    0.000000000000    0.000000000000    0.000000000000    0.000000000000    0.000000000000
-0.000000103584    1.299679636955    -0.013632972725    0.000385634456    132536.203125000000    130069.226562500000    -109463.679687500000    132536.234375000000    -70254.562500000000    -0.419696033001    0.164100766182    0.000068253146    -0.000430331042    0.124207630754    0.038006201386    0.000000000000    0.000000000000    0.000000000000    0.000000000000    0.000000000000    0.000000000000
-0.000000104698    1.299811840057    -0.013780698180    0.000443364668    132707.843750000000    129894.125000000000    -125748.554687500000    132707.875000000000    -32554.269531250000    -0.416419744492    0.154596149921    0.000074186239    -0.000429215783    0.122625604272    0.037462864071    0.000000000000    0.000000000000    0.000000000000    0.000000000000    0.000000000000    0.000000000000
-0.000000105811    1.299955248833    -0.013928542845    0.000456965179    132748.609375000000    129852.460937500000    -129584.750000000000    132748.640625000000    8333.717773437500    -0.412318497896    0.144154012203    0.000080632642    -0.000427595485    0.120865263045    0.036851037294    0.000000000000    0.000000000000    0.000000000000    0.000000000000    0.000000000000    0.000000000000
-0.000000106925    1.300095796585    -0.014076356776    0.000425104168    132651.703125000000    129951.437500000000    -120599.375000000000    132651.734375000000    48406.234375000000    -0.408220648766    0.133720621467    0.000087073648    -0.000425976556    0.119106389582    0.036239728332    0.000000000000    0.000000000000    0.000000000000    0.000000000000    0.000000000000    0.000000000000
-0.000000108039    1.300219416618    -0.014223989099    0.000350899354    132423.859375000000    130183.601562500000    -99674.312500000000    132423.890625000000    83742.453125000000    -0.404531598091    0.124327957630    0.000092872171    -0.000424519094    0.117522962391    0.035689391196    0.000000000000    0.000000000000    0.000000000000    0.000000000000    0.000000000000    0.000000000000
-0.000000109153    1.300314068794    -0.014371302910    0.000241610222    132084.937500000000    130527.460937500000    -68858.406250000000    132084.968750000000    110887.046875000000    -0.401611924171    0.116894274950    0.000097461314    -0.000423365622    0.116269782186    0.035253841430    0.000000000000    0.000000000000    0.000000000000    0.000000000000    0.000000000000    0.000000000000
-0.000000110267    1.300370335579    -0.014518192969    0.000107926120    131666.218750000000    130949.851562500000    -31166.187500000000    131666.234375000000    127187.000000000000    -0.399753659964    0.112162962556    0.000100382174    -0.000422631449    0.115472175181    0.034976623952    0.000000000000    0.000000000000    0.000000000000    0.000000000000    0.000000000000    0.000000000000
-0.000000111380    1.300382494926    -0.014664589427    -0.000037079699    131207.468750000000    131409.500000000000    9717.026367187500    131207.484375000000    131049.757812500000    -0.399142265320    0.110606253147    0.000101343190    -0.000422389916    0.115209743381    0.034885413945    0.000000000000    0.000000000000    0.000000000000    0.000000000000    0.000000000000    0.000000000000
-0.000000112494    1.300349116325    -0.014810472727    -0.000179227951    130753.289062500000    131861.421875000000    49794.792968750000    130753.289062500000    122097.992187500000    -0.399842977524    0.112390339375    0.000100241799    -0.000422666752    0.115510508418    0.034989945590    0.000000000000    0.000000000000    0.000000000000    0.000000000000    0.000000000000    0.000000000000
-0.000000113608    1.300273299217    -0.014955874532    -0.000304618501    130348.695312500000    132261.406250000000    85149.210937500000    130348.687500000000    101206.210937500000    -0.401797413826    0.117366537452    0.000097169774    -0.000423438905    0.116349399090    0.035281509161    0.000000000000    0.000000000000    0.000000000000    0.000000000000    0.000000000000    0.000000000000
-0.000000114722    1.300162315369    -0.015100872144    -0.000400988414    130034.695312500000    132570.125000000000    112323.000000000000    130034.687500000000    70415.820312500000    -0.404813259840    0.125045090914    0.000092429451    -0.000424630358    0.117643855512    0.035731412470    0.000000000000    0.000000000000    0.000000000000    0.000000000000    0.000000000000    0.000000000000
-0.000000115836    1.300027012825    -0.015245586634    -0.000458911207    129844.179687500000    132756.734375000000    128657.156250000000    129844.171875000000    32736.707031250000    -0.408601939678    0.134691372514    0.000086474356    -0.000426127168    0.119270041585    0.036296606064    0.000000000000    0.000000000000    0.000000000000    0.000000000000    0.000000000000    0.000000000000
-0.000000116949    1.299880385399    -0.015390167944    -0.000472719606    129798.421875000000    132801.484375000000    132551.453125000000    129798.406250000000    -8145.838867187500    -0.412792503834    0.145360887051    0.000079887577    -0.000427782768    0.121068716049    0.036921750754    0.000000000000    0.000000000000    0.000000000000    0.000000000000    0.000000000000    0.000000000000
-0.000000118063    1.299736618996    -0.015534781851    -0.000441062526    129904.757812500000    132697.468750000000    123622.093750000000    129904.750000000000    -48230.726562500000    -0.416983067989    0.156030401587    0.000073300806    -0.000429438340    0.122867397964    0.037546899170    0.000000000000    0.000000000000    0.000000000000    0.000000000000    0.000000000000    0.000000000000
-0.000000119177    1.299609541893    -0.015679597855    -0.000367039844    130155.617187500000    132451.421875000000    102740.914062500000    130155.609375000000    -83592.421875000000    -0.420050978661    0.165838927031    0.000067133129    -0.000430342770    0.124486111104    0.038098316640    0.000000000000    0.000000000000    0.000000000000    0.000000000000    0.000000000000    0.000000000000
-0.000000120291    1.299511551857    -0.015824764967    -0.000257901556    130528.890625000000    132083.593750000000    71951.382812500000    130528.890625000000    -110765.875000000000    -0.421682655811    0.173829004169    0.000061984581    -0.000430396642    0.125766232610    0.038521766663    0.000000000000    0.000000000000    0.000000000000    0.000000000000    0.000000000000    0.000000000000
-0.000000121405    1.299452066422    -0.015970399603    -0.000124339451    130989.929687500000    131626.390625000000    34269.375000000000    130989.929687500000    -127087.054687500000    -0.422740101814    0.179007083178    0.000058647991    -0.000430431566    0.126595824957    0.038796186447    0.000000000000    0.000000000000    0.000000000000    0.000000000000    0.000000000000    0.000000000000
-0.000000122518    1.299436569214    -0.016116574407    0.000020559799    131494.656250000000    131122.140625000000    -6612.244140625000    131494.671875000000    -130955.328125000000    -0.423122942448    0.180881738663    0.000057440015    -0.000430444197    0.126896172762    0.038895536214    0.000000000000    0.000000000000    0.000000000000    0.000000000000    0.000000000000    0.000000000000
-0.000000123632    1.299466371536    -0.016263313591    0.000162597556    131993.921875000000    130619.562500000000    -46686.199218750000    131993.937500000000    -121991.265625000000    -0.422797709703    0.179289191961    0.000058466208    -0.000430433458    0.126641020179    0.038811136037    0.000000000000    0.000000000000    0.000000000000    0.000000000000    0.000000000000    0.000000000000
-0.000000124746    1.299538612366    -0.016410583630    0.000287855946    132438.109375000000    130169.156250000000    -82024.609375000000    132438.140625000000    -101074.093750000000    -0.421796023846    0.174384117126    0.000061626881    -0.000430400396    0.125855162740    0.038551185280    0.000000000000    0.000000000000    0.000000000000    0.000000000000    0.000000000000    0.000000000000
-0.000000125860    1.299646019936    -0.016558295116    0.000384062529    132782.265625000000    129818.078125000000    -109164.890625000000    132782.296875000000    -70254.945312500000    -0.420220106840    0.166667044163    0.000066599510    -0.000430348358    0.124618783593    0.038142204285    0.000000000000    0.000000000000    0.000000000000    0.000000000000    0.000000000000    0.000000000000
-0.000000126974    1.299777746201    -0.016706317663    0.000441793207    132990.546875000000    129604.710937500000    -125449.468750000000    132990.578125000000    -32554.701171875000    -0.417398691177    0.157088607550    0.000072647526    -0.000429602544    0.123045787215    0.037608902901    0.000000000000    0.000000000000    0.000000000000    0.000000000000    0.000000000000    0.000000000000
-0.000000128087    1.299920797348    -0.016854485497    0.000455394242    133039.937500000000    129553.992187500000    -129285.687500000000    133039.968750000000    8333.282226562500    -0.413311153650    0.146681457758    0.000079072328    -0.000427987659    0.121291339397    0.036999125034    0.000000000000    0.000000000000    0.000000000000    0.000000000000    0.000000000000    0.000000000000
-0.000000129201    1.300060868263    -0.017002616078    0.000423533755    132922.812500000000    129674.148437500000    -120300.695312500000    132922.843750000000    48405.828125000000    -0.409223645926    0.136274307966    0.000085497137    -0.000426372804    0.119536891580    0.036389350891    0.000000000000    0.000000000000    0.000000000000    0.000000000000    0.000000000000    0.000000000000
-0.000000130315    1.300184249878    -0.017150526866    0.000349329348    132647.875000000000    129955.367187500000    -99376.312500000000    132647.906250000000    83742.125000000000    -0.405541449785    0.126899138093    0.000091284863    -0.000424918049    0.117956414819    0.035840041935    0.000000000000    0.000000000000    0.000000000000    0.000000000000    0.000000000000    0.000000000000
-0.000000131429    1.300278663635    -0.017298053950    0.000240040536    132239.578125000000    130370.796875000000    -68561.343750000000    132239.609375000000    110886.820312500000    -0.402632087469    0.119491688907    0.000095857817    -0.000423768652    0.116707660258    0.035406026989    0.000000000000    0.000000000000    0.000000000000    0.000000000000    0.000000000000    0.000000000000
-0.000000132543    1.300334572792    -0.017445068806    0.000106356616    131736.000000000000    130879.632812500000    -30870.222656250000    131736.015625000000    127186.906250000000    -0.400780707598    0.114777863026    0.000098767872    -0.000423037214    0.115912996233    0.035129833966    0.000000000000    0.000000000000    0.000000000000    0.000000000000    0.000000000000    0.000000000000
-0.000000133656    1.300346255302    -0.017591491342    -0.000038649185    131185.218750000000    131431.687500000000    10011.844726562500    131185.234375000000    131049.820312500000    -0.400183022022    0.113256141543    0.000099707300    -0.000422801095    0.115656465292    0.035040676594    0.000000000000    0.000000000000    0.000000000000    0.000000000000    0.000000000000    0.000000000000
-0.000000134770    1.300312519073    -0.017737299204    -0.000180797564    130640.851562500000    131972.812500000000    50088.523437500000    130640.851562500000    122098.187500000000    -0.400897473097    0.115075215697    0.000098584307    -0.000423083344    0.115963123739    0.035147257149    0.000000000000    0.000000000000    0.000000000000    0.000000000000    0.000000000000    0.000000000000
-0.000000135884    1.300236344337    -0.017882529646    -0.000306188391    130156.687500000000    132450.343750000000    85442.023437500000    130156.679687500000    101206.523437500000    -0.402858793736    0.120068892837    0.000095501484    -0.000423858204    0.116804964840    0.035439845175    0.000000000000    0.000000000000    0.000000000000    0.000000000000    0.000000000000    0.000000000000
-0.000000136998    1.300125241280    -0.018027279526    -0.000402558740    129781.531250000000    132817.953125000000    112615.148437500000    129781.523437500000    70416.226562500000    -0.405881494284    0.127764940262    0.000090750364    -0.000425052393    0.118102371693    0.035890772939    0.000000000000    0.000000000000    0.000000000000    0.000000000000    0.000000000000    0.000000000000
-0.000000138112    1.299989700317    -0.018171690404    -0.000460482028    129554.250000000000    133039.671875000000    128948.976562500000    129554.242187500000    32737.177734375000    -0.409673631191    0.137419968843    0.000084789870    -0.000426550570    0.119730025530    0.036456480622    0.000000000000    0.000000000000    0.000000000000    0.000000000000    0.000000000000    0.000000000000
-0.000000139225    1.299842476845    -0.018315941095    -0.000474291010    129499.718750000000    133092.750000000000    132843.296875000000    129499.703125000000    -8145.350585937500    -0.413881361485    0.148133218288    0.000078176097    -0.000428212952    0.121536076069    0.037084188312    0.000000000000    0.000000000000    0.000000000000    0.000000000000    0.000000000000    0.000000000000
-0.000000140339    1.299698233604    -0.018460232764    -0.000442634453    129626.148437500000    132969.593750000000    123914.335937500000    129626.140625000000    -48230.273437500000    -0.418089091778    0.158846467733    0.000071562325    -0.000429875305    0.123342126608    0.037711896002    0.000000000000    0.000000000000    0.000000000000    0.000000000000    0.000000000000    0.000000000000
-0.000000141453    1.299570798874    -0.018604760990    -0.000368612236    129924.007812500000    132678.578125000000    103033.898437500000    129924.000000000000    -83592.039062500000    -0.420654952526    0.168796524405    0.000065227345    -0.000430362707    0.124959960580    0.038255061954    0.000000000000    0.000000000000    0.000000000000    0.000000000000    0.000000000000    0.000000000000
-0.000000142567    1.299472332001    -0.018749706447    -0.000259474327    130366.578125000000    132243.734375000000    72245.382812500000    130366.578125000000    -110765.593750000000    -0.422294080257    0.176823005080    0.000060055336    -0.000430416840    0.126245900989    0.038680437952    0.000000000000    0.000000000000    0.000000000000    0.000000000000    0.000000000000    0.000000000000
-0.000000143681    1.299412369728    -0.018895206973    -0.000125912469    130912.421875000000    131703.421875000000    34564.570312500000    130912.421875000000    -127086.914062500000    -0.423357099295    0.182028383017    0.000056701156    -0.000430451939    0.127079874277    0.038956303149    0.000000000000    0.000000000000    0.000000000000    0.000000000000    0.000000000000    0.000000000000
-0.000000144794    1.299396514893    -0.019041346386    0.000018986697    131509.171875000000    131107.531250000000    -6315.797851562500    131509.187500000000    -130955.328125000000    -0.423745483160    0.183930367231    0.000055475586    -0.000430464774    0.127384603024    0.039057102054    0.000000000000    0.000000000000    0.000000000000    0.000000000000    0.000000000000    0.000000000000
-0.000000145908    1.299426078796    -0.019188152626    0.000161024553    132098.609375000000    130513.617187500000    -46388.562500000000    132098.625000000000    -121991.414062500000    -0.423424005508    0.182355999947    0.000056490051    -0.000430454151    0.127132371068    0.038973666728    0.000000000000    0.000000000000    0.000000000000    0.000000000000    0.000000000000    0.000000000000
-0.000000147022    1.299498081207    -0.019335584715    0.000286283146    132622.328125000000    129981.382812500000    -81725.953125000000    132622.359375000000    -101074.367187500000    -0.422427892685    0.177478224039    0.000059633134    -0.000430421263    0.126350879669    0.038715161383    0.000000000000    0.000000000000    0.000000000000    0.000000000000    0.000000000000    0.000000000000
-0.000000148136    1.299605131149    -0.019483538345    0.000382490049    133027.593750000000    129566.609375000000    -108865.492187500000    133027.625000000000    -70255.312500000000    -0.420855671167    0.169779360294    0.000064594038    -0.000430369342    0.125117421150    0.038307148963    0.000000000000    0.000000000000    0.000000000000    0.000000000000    0.000000000000    0.000000000000
-0.000000149250    1.299736499786    -0.019631858915    0.000440221163    133272.531250000000    129314.664062500000    -125149.679687500000    133272.562500000000    -32555.115234375000    -0.418587148190    0.160114556551    0.000070779468    -0.000430072076    0.123555906117    0.037786196917    0.000000000000    0.000000000000    0.000000000000    0.000000000000    0.000000000000    0.000000000000
-0.000000150363    1.299879074097    -0.019780348986    0.000453822635    133330.562500000000    129254.820312500000    -128985.921875000000    133330.593750000000    8332.860351562500    -0.414509952068    0.149733647704    0.000077188080    -0.000428461266    0.121805883944    0.037177961320    0.000000000000    0.000000000000    0.000000000000    0.000000000000    0.000000000000    0.000000000000
-0.000000151477    1.300018906593    -0.019928794354    0.000421962584    133193.218750000000    129396.343750000000    -120001.343750000000    133193.250000000000    48405.449218750000    -0.410432726145    0.139352738857    0.000083596693    -0.000426850485    0.120055854321    0.036569721997    0.000000000000    0.000000000000    0.000000000000    0.000000000000    0.000000000000    0.000000000000
-0.000000152591    1.300141930580    -0.020076980814    0.000347758556    132871.187500000000    129726.992187500000    -99077.742187500000    132871.218750000000    83741.820312500000    -0.406760841608    0.130003780127    0.000089368215    -0.000425399805    0.118479803205    0.036021951586    0.000000000000    0.000000000000    0.000000000000    0.000000000000    0.000000000000    0.000000000000
-0.000000153705    1.300235867500    -0.020224720240    0.000238470049    132393.546875000000    130214.421875000000    -68263.843750000000    132393.578125000000    110886.625000000000    -0.403861790895    0.122622579336    0.000093924973    -0.000424254482    0.117235466838    0.035589471459    0.000000000000    0.000000000000    0.000000000000    0.000000000000    0.000000000000    0.000000000000
-0.000000154819    1.300291419029    -0.020371861756    0.000104786297    131805.156250000000    130810.000000000000    -30573.974609375000    131805.171875000000    127186.828125000000    -0.402024120092    0.117943733931    0.000096813434    -0.000423528458    0.116446703672    0.035315331072    0.000000000000    0.000000000000    0.000000000000    0.000000000000    0.000000000000    0.000000000000
-0.000000155933    1.300302743912    -0.020518312231    -0.000040219482    131162.359375000000    131454.531250000000    10306.764648437500    131162.375000000000    131049.859375000000    -0.401433318853    0.116439506412    0.000097742064    -0.000423295045    0.116193123162    0.035227194428    0.000000000000    0.000000000000    0.000000000000    0.000000000000    0.000000000000    0.000000000000
-0.000000157046    1.300268769264    -0.020664045587    -0.000182367978    130527.765625000000    132084.671875000000    50382.171875000000    130527.765625000000    122098.328125000000    -0.402154654264    0.118276067078    0.000096608273    -0.000423580030    0.116502732038    0.035334803164    0.000000000000    0.000000000000    0.000000000000    0.000000000000    0.000000000000    0.000000000000
-0.000000158160    1.300192356110    -0.020809104666    -0.000307759008    129964.023437500000    132639.406250000000    85734.562500000000    129964.015625000000    101206.734375000000    -0.404126286507    0.123295985162    0.000093509254    -0.000424358965    0.117348991334    0.035628929734    0.000000000000    0.000000000000    0.000000000000    0.000000000000    0.000000000000    0.000000000000
-0.000000159274    1.300080776215    -0.020953601226    -0.000404129649    129527.703125000000    133065.515625000000    112906.859375000000    129527.695312500000    70416.476562500000    -0.407159268856    0.131018266082    0.000088741937    -0.000425557228    0.118650823832    0.036081392318    0.000000000000    0.000000000000    0.000000000000    0.000000000000    0.000000000000    0.000000000000
-0.000000160388    1.299944877625    -0.021097704768    -0.000462053227    129263.648437500000    133322.046875000000    129240.226562500000    129263.640625000000    32737.433593750000    -0.410965144634    0.140708282590    0.000082759849    -0.000427060819    0.120284378529    0.036649145186    0.000000000000    0.000000000000    0.000000000000    0.000000000000    0.000000000000    0.000000000000
-0.000000161502    1.299797654152    -0.021241622046    -0.000475862500    129200.359375000000    133383.375000000000    133134.484375000000    129200.343750000000    -8145.113281250000    -0.415172874928    0.151421532035    0.000076146076    -0.000428723171    0.122090429068    0.037276856601    0.000000000000    0.000000000000    0.000000000000    0.000000000000    0.000000000000    0.000000000000
-0.000000162615    1.299653172493    -0.021385585889    -0.000444206235    129346.882812500000    133241.296875000000    124205.906250000000    129346.875000000000    -48230.070312500000    -0.419300168753    0.162162393332    0.000069502166    -0.000430317974    0.123897083104    0.037903472781    0.000000000000    0.000000000000    0.000000000000    0.000000000000    0.000000000000    0.000000000000
-0.000000163729    1.299525380135    -0.021529827267    -0.000370184163    129691.742187500000    132905.640625000000    103326.242187500000    129691.734375000000    -83591.890625000000    -0.421361148357    0.172254651785    0.000062999046    -0.000430386048    0.125514000654    0.038438327610    0.000000000000    0.000000000000    0.000000000000    0.000000000000    0.000000000000    0.000000000000
-0.000000164843    1.299426674843    -0.021674551070    -0.000261046371    130203.609375000000    132404.203125000000    72538.835937500000    130203.609375000000    -110765.507812500000    -0.423004001379    0.180299326777    0.000057815309    -0.000430440268    0.126802861691    0.038864672184    0.000000000000    0.000000000000    0.000000000000    0.000000000000    0.000000000000    0.000000000000
-0.000000165957    1.299366354942    -0.021819915622    -0.000127484556    130834.281250000000    131781.062500000000    34859.359375000000    130834.281250000000    -127086.882812500000    -0.424072563648    0.185532003641    0.000054443535    -0.000430475571    0.127641201019    0.039141982794    0.000000000000    0.000000000000    0.000000000000    0.000000000000    0.000000000000    0.000000000000
-0.000000167071    1.299350142479    -0.021966019645    0.000017414613    131523.031250000000    131093.640625000000    -6019.575195312500    131523.046875000000    -130955.367187500000    -0.424468427896    0.187470376492    0.000053194512    -0.000430488639    0.127951756120    0.039244711399    0.000000000000    0.000000000000    0.000000000000    0.000000000000    0.000000000000    0.000000000000
-0.000000168184    1.299379348755    -0.022112894803    0.000159452538    132202.687500000000    130408.203125000000    -46090.941406250000    132202.703125000000    -121991.500000000000    -0.424152493477    0.185923337936    0.000054191387    -0.000430478220    0.127703905106    0.039162721485    0.000000000000    0.000000000000    0.000000000000    0.000000000000    0.000000000000    0.000000000000
-0.000000169298    1.299450993538    -0.022260488942    0.000284711277    132805.953125000000    129793.789062500000    -81427.101562500000    132805.984375000000    -101074.500000000000    -0.423160105944    0.181063756347    0.000057322733    -0.000430445449    0.126925334334    0.038905180991    0.000000000000    0.000000000000    0.000000000000    0.000000000000    0.000000000000    0.000000000000
-0.000000170412    1.299557805061    -0.022408682853    0.000380918354    133272.296875000000    129314.906250000000    -108565.710937500000    133272.328125000000    -70255.468750000000    -0.421593457460    0.173392176628    0.000062266052    -0.000430393702    0.125696241856    0.038498613983    0.000000000000    0.000000000000    0.000000000000    0.000000000000    0.000000000000    0.000000000000
-0.000000171526    1.299688816071    -0.022557297722    0.000438649702    133553.890625000000    129024.085937500000    -124849.359375000000    133553.921875000000    -32555.292968750000    -0.419610530138    0.163682147861    0.000068522888    -0.000430328218    0.124140560627    0.037984017283    0.000000000000    0.000000000000    0.000000000000    0.000000000000    0.000000000000    0.000000000000
-0.000000172640    1.299831271172    -0.022706110030    0.000452251377    133620.562500000000    128955.023437500000    -128685.507812500000    133620.593750000000    8332.685546875000    -0.415887326002    0.153240591288    0.000075023083    -0.000429005449    0.122397087514    0.037383437157    0.000000000000    0.000000000000    0.000000000000    0.000000000000    0.000000000000    0.000000000000
-0.000000173753    1.299970746040    -0.022854868323    0.000420391501    133463.015625000000    129118.070312500000    -119701.296875000000    133463.046875000000    48405.289062500000    -0.411816984415    0.142877161503    0.000081420898    -0.000427397375    0.120650008321    0.036776226014    0.000000000000    0.000000000000    0.000000000000    0.000000000000    0.000000000000    0.000000000000
-0.000000174867    1.300093412399    -0.023003334180    0.000346187619    133093.890625000000    129498.523437500000    -98778.523437500000    133093.921875000000    83741.687500000000    -0.408155411482    0.133554458618    0.000087176224    -0.000425950770    0.119078375399    0.036229990423    0.000000000000    0.000000000000    0.000000000000    0.000000000000    0.000000000000    0.000000000000
-0.000000175981    1.300187110901    -0.023151284084    0.000236899228    132546.890625000000    130058.351562500000    -67965.812500000000    132546.921875000000    110886.531250000000    -0.405263215303    0.126190751791    0.000091722184    -0.000424808153    0.117836996913    0.035798538476    0.000000000000    0.000000000000    0.000000000000    0.000000000000    0.000000000000    0.000000000000
-0.000000177095    1.300242304802    -0.023298550397    0.000103215563    131873.656250000000    130740.945312500000    -30277.388671875000    131873.671875000000    127186.773437500000    -0.403435856104    0.121538139880    0.000094594448    -0.000424086204    0.117052651942    0.035525932908    0.000000000000    0.000000000000    0.000000000000    0.000000000000    0.000000000000    0.000000000000
-0.000000178209    1.300253391266    -0.023445025086    -0.000041790176    131138.843750000000    131477.968750000000    10601.785156250000    131138.859375000000    131049.835937500000    -0.402855366468    0.120060145855    0.000095506883    -0.000423856865    0.116803489625    0.035439334810    0.000000000000    0.000000000000    0.000000000000    0.000000000000    0.000000000000    0.000000000000
-0.000000179322    1.300219058990    -0.023590680212    -0.000183938682    130414.054687500000    132196.921875000000    50675.652343750000    130414.054687500000    122098.359375000000    -0.403586983681    0.121922940016    0.000094356888    -0.000424145896    0.117117524147    0.035548478365    0.000000000000    0.000000000000    0.000000000000    0.000000000000    0.000000000000    0.000000000000
-0.000000180436    1.300142288208    -0.023735566065    -0.000309329771    129770.734375000000    132828.484375000000    86026.695312500000    129770.726562500000    101206.820312500000    -0.405565500259    0.126960352063    0.000091247071    -0.000424927566    0.117966733873    0.035843629390    0.000000000000    0.000000000000    0.000000000000    0.000000000000    0.000000000000    0.000000000000
-0.000000181550    1.300030469894    -0.023879811168    -0.000405700528    129273.257812500000    133312.703125000000    113197.984375000000    129273.250000000000    70416.609375000000    -0.408608794212    0.134708866477    0.000086463559    -0.000426129904    0.119272992015    0.036297630519    0.000000000000    0.000000000000    0.000000000000    0.000000000000    0.000000000000    0.000000000000
-0.000000182664    1.299894094467    -0.024023609236    -0.000463624252    128972.453125000000    133603.765625000000    129530.765625000000    128972.437500000000    32737.603515625000    -0.412424951792    0.144425123930    0.000080465274    -0.000427637569    0.120910964906    0.036866921932    0.000000000000    0.000000000000    0.000000000000    0.000000000000    0.000000000000    0.000000000000
-0.000000183778    1.299746274948    -0.024167194963    -0.000477433670    128900.382812500000    133673.265625000000    133424.921875000000    128900.367187500000    -8144.928710937500    -0.416649878025    0.155182093382    0.000073824507    -0.000429306703    0.122724384069    0.037497196347    0.000000000000    0.000000000000    0.000000000000    0.000000000000    0.000000000000    0.000000000000
-0.000000184891    1.299601435661    -0.024310834706    -0.000445777579    129067.000000000000    133512.406250000000    124496.765625000000    129066.992187500000    -48229.894531250000    -0.420106738806    0.166111931205    0.000066957211    -0.000430344604    0.124529853463    0.038112785667    0.000000000000    0.000000000000    0.000000000000    0.000000000000    0.000000000000    0.000000000000
-0.000000186005    1.299473404884    -0.024454789236    -0.000371755741    129458.851562500000    133132.468750000000    103617.968750000000    129458.843750000000    -83591.734375000000    -0.422171413898    0.176222383976    0.000060442359    -0.000430412794    0.126149684191    0.038648605347    0.000000000000    0.000000000000    0.000000000000    0.000000000000    0.000000000000    0.000000000000
-0.000000187119    1.299374222755    -0.024599289522    -0.000262618065    130040.015625000000    132564.843750000000    72831.820312500000    130040.015625000000    -110765.390625000000    -0.423819839954    0.184294372797    0.000055241031    -0.000430467218    0.127442926168    0.039076395333    0.000000000000    0.000000000000    0.000000000000    0.000000000000    0.000000000000    0.000000000000
-0.000000188233    1.299313545227    -0.024744518101    -0.000129056352    130755.500000000000    131859.203125000000    35153.882812500000    130755.500000000000    -127086.812500000000    -0.424895852804    0.189563453197    0.000051845804    -0.000430502754    0.128287091851    0.039355635643    0.000000000000    0.000000000000    0.000000000000    0.000000000000    0.000000000000    0.000000000000
-0.000000189347    1.299297094345    -0.024890586734    0.000015842765    131536.265625000000    131080.343750000000    -5723.391601562500    131536.281250000000    -130955.343750000000    -0.425293564796    0.191510915756    0.000050590916    -0.000430515880    0.128599107265    0.039458848536    0.000000000000    0.000000000000    0.000000000000    0.000000000000    0.000000000000    0.000000000000
-0.000000190460    1.299326062202    -0.025037525222    0.000157880684    132306.093750000000    130303.265625000000    -45793.132812500000    132306.109375000000    -121991.515625000000    -0.424981325865    0.189982071519    0.000051576062    -0.000430505577    0.128354161978    0.039377823472    0.000000000000    0.000000000000    0.000000000000    0.000000000000    0.000000000000    0.000000000000
-0.000000191574    1.299397468567    -0.025185281411    0.000283139438    132988.906250000000    129606.296875000000    -81127.867187500000    132988.937500000000    -101074.531250000000    -0.423994511366    0.185149788857    0.000054689819    -0.000430472981    0.127579972148    0.039121728390    0.000000000000    0.000000000000    0.000000000000    0.000000000000    0.000000000000    0.000000000000
-0.000000192688    1.299503803253    -0.025333715603    0.000379346602    133516.343750000000    129062.906250000000    -108265.375000000000    133516.375000000000    -70255.523437500000    -0.422433465719    0.177505522966    0.000059615541    -0.000430421438    0.126355260611    0.038716606796    0.000000000000    0.000000000000    0.000000000000    0.000000000000    0.000000000000    0.000000000000
-0.000000193802    1.299634575844    -0.025482624769    0.000437077950    133834.578125000000    128732.867187500000    -124548.367187500000    133834.609375000000    -32555.353515625000    -0.420456111431    0.167822793126    0.000065854787    -0.000430356158    0.124803952873    0.038203455508    0.000000000000    0.000000000000    0.000000000000    0.000000000000    0.000000000000    0.000000000000
-0.000000194916    1.299776434898    -0.025631755590    0.000450679712    133909.875000000000    128654.523437500000    -128384.382812500000    133909.906250000000    8332.616210937500    -0.417463958263    0.157254785299    0.000072544943    -0.000429628330    0.123073801398    0.037618637085    0.000000000000    0.000000000000    0.000000000000    0.000000000000    0.000000000000    0.000000000000
-0.000000196029    1.299915552139    -0.025780830532    0.000418819924    133732.093750000000    128839.312500000000    -119400.585937500000    133732.125000000000    48405.226562500000    -0.413407355547    0.146926343441    0.000078921163    -0.000428025669    0.121332623065    0.037013474852    0.000000000000    0.000000000000    0.000000000000    0.000000000000    0.000000000000    0.000000000000
-0.000000197143    1.300037980080    -0.025929570198    0.000344616157    133315.890625000000    129269.937500000000    -98478.703125000000    133315.921875000000    83741.632812500000    -0.409752637148    0.137621119618    0.000084665691    -0.000426581770    0.119763940573    0.036468263716    0.000000000000    0.000000000000    0.000000000000    0.000000000000    0.000000000000    0.000000000000
-0.000000198257    1.300131201744    -0.026077728719    0.000235327811    132699.515625000000    129902.570312500000    -67667.304687500000    132699.546875000000    110886.484375000000    -0.406874179840    0.130292385817    0.000089190056    -0.000425444596    0.118528455496    0.036038860679    0.000000000000    0.000000000000    0.000000000000    0.000000000000    0.000000000000    0.000000000000
-0.000000199371    1.300185918808    -0.026225117967    0.000101644182    131941.453125000000    130672.476562500000    -29980.492187500000    131941.468750000000    127186.734375000000    -0.405057132244    0.125666022301    0.000092046117    -0.000424726721    0.117748536170    0.035767793655    0.000000000000    0.000000000000    0.000000000000    0.000000000000    0.000000000000    0.000000000000
-0.000000200485    1.300196647644    -0.026371615008    -0.000043361513    131114.640625000000    131502.062500000000    10896.932617187500    131114.656250000000    131049.804687500000    -0.404486924410    0.124214261770    0.000092942355    -0.000424501457    0.117503799498    0.035682730377    0.000000000000    0.000000000000    0.000000000000    0.000000000000    0.000000000000    0.000000000000
-0.000000201598    1.300162076950    -0.026517193764    -0.000185509984    130299.656250000000    132309.656250000000    50969.078125000000    130299.656250000000    122098.320312500000    -0.405225425959    0.126094549894    0.000091781571    -0.000424793223    0.117820776999    0.035792902112    0.000000000000    0.000000000000    0.000000000000    0.000000000000    0.000000000000    0.000000000000
-0.000000202712    1.300085067749    -0.026661908254    -0.000310900999    129576.765625000000    133017.671875000000    86318.585937500000    129576.757812500000    101206.765625000000    -0.407214254141    0.131158187985    0.000088655550    -0.000425578939    0.118674412370    0.036089587957    0.000000000000    0.000000000000    0.000000000000    0.000000000000    0.000000000000    0.000000000000
-0.000000203826    1.299972891808    -0.026805900037    -0.000407271669    129018.132812500000    133559.578125000000    113488.671875000000    129018.125000000000    70416.546875000000    -0.410264432430    0.138924196362    0.000083861240    -0.000426783983    0.119983613491    0.036544613540    0.000000000000    0.000000000000    0.000000000000    0.000000000000    0.000000000000    0.000000000000
-0.000000204940    1.299836277962    -0.026949388906    -0.000465195335    128680.562500000000    133884.859375000000    129820.710937500000    128680.546875000000    32737.527343750000    -0.414087444544    0.148657947779    0.000077852157    -0.000428294356    0.121624536812    0.037114933133    0.000000000000    0.000000000000    0.000000000000    0.000000000000    0.000000000000    0.000000000000
-0.000000206054    1.299688458443    -0.027092643082    -0.000479004724    128599.718750000000    133962.500000000000    133714.687500000000    128599.703125000000    -8145.002929687500    -0.418315798044    0.159423664212    0.000071205992    -0.000429964857    0.123439431190    0.037745714188    0.000000000000    0.000000000000    0.000000000000    0.000000000000    0.000000000000    0.000000000000
-0.000000207167    1.299543380737    -0.027235956863    -0.000447348575    128786.429687500000    133783.000000000000    124786.898437500000    128786.421875000000    -48229.953125000000    -0.421009927988    0.170534685254    0.000064107335    -0.000430374435    0.125238433480    0.038347177207    0.000000000000    0.000000000000    0.000000000000    0.000000000000    0.000000000000    0.000000000000
-0.000000208281    1.299414992332    -0.027379622683    -0.000373326649    129225.265625000000    133359.156250000000    103909.031250000000    129225.257812500000    -83591.781250000000    -0.423080176115    0.180672436953    0.000057574882    -0.000430442800    0.126862645149    0.038884446025    0.000000000000    0.000000000000    0.000000000000    0.000000000000    0.000000000000    0.000000000000
-0.000000209395    1.299315571785    -0.027523901314    -0.000264188973    129875.726562500000    132725.765625000000    73124.265625000000    129875.726562500000    -110765.421875000000    -0.424734175205    0.188771724701    0.000052355968    -0.000430497428    0.128160253167    0.039313677698    0.000000000000    0.000000000000    0.000000000000    0.000000000000    0.000000000000    0.000000000000
-0.000000210509    1.299254536629    -0.027668993920    -0.000130627246    130676.015625000000    131937.921875000000    35448.015625000000    130676.015625000000    -127086.820312500000    -0.425813913345    0.194059014320    0.000048949008    -0.000430533080    0.129007339478    0.039593886584    0.000000000000    0.000000000000    0.000000000000    0.000000000000    0.000000000000    0.000000000000
-0.000000211623    1.299237608910    -0.027815025300    0.000014271865    131548.781250000000    131067.718750000000    -5427.394531250000    131548.796875000000    -130955.312500000000    -0.426219046116    0.196042880416    0.000047670670    -0.000430546439    0.129325181246    0.039699025452    0.000000000000    0.000000000000    0.000000000000    0.000000000000    0.000000000000    0.000000000000
-0.000000212736    1.299266219139    -0.027962028980    0.000156309747    132408.812500000000    130198.843750000000    -45495.296875000000    132408.828125000000    -121991.460937500000    -0.425914257765    0.194550424814    0.000048632355    -0.000430536369    0.129086077213    0.039619930089    0.000000000000    0.000000000000    0.000000000000    0.000000000000    0.000000000000    0.000000000000
-0.000000213850    1.299337267876    -0.028109943494    0.000281568413    133171.156250000000    129419.000000000000    -80828.390625000000    133171.187500000000    -101074.460937500000    -0.424931168556    0.189736366272    0.000051734387    -0.000430503918    0.128314793110    0.039364799857    0.000000000000    0.000000000000    0.000000000000    0.000000000000    0.000000000000    0.000000000000
-0.000000214964    1.299443244934    -0.028258617967    0.000377775461    133759.671875000000    128810.671875000000    -107964.625000000000    133759.703125000000    -70255.437500000000    -0.423375666142    0.182119399309    0.000056642519    -0.000430452550    0.127094462514    0.038961127400    0.000000000000    0.000000000000    0.000000000000    0.000000000000    0.000000000000    0.000000000000
-0.000000216078    1.299573659897    -0.028407821432    0.000435506721    134114.578125000000    128441.132812500000    -124246.835937500000    134114.609375000000    -32555.253906250000    -0.421403914690    0.172463953495    0.000062864172    -0.000430387445    0.125547528267    0.038449421525    0.000000000000    0.000000000000    0.000000000000    0.000000000000    0.000000000000    0.000000000000
-0.000000217192    1.299715518951    -0.028557272628    0.000449108367    134198.531250000000    128353.421875000000    -128082.640625000000    134198.562500000000    8332.723632812500    -0.419210970402    0.161725580692    0.000069783637    -0.000430315034    0.123827099800    0.037880323827    0.000000000000    0.000000000000    0.000000000000    0.000000000000    0.000000000000    0.000000000000
-0.000000218306    1.299854397774    -0.028706658632    0.000417248491    134000.531250000000    128560.125000000000    -119099.234375000000    134000.562500000000    48405.324218750000    -0.415166020393    0.151404038072    0.000076156874    -0.000428720465    0.122087478638    0.037275832146    0.000000000000    0.000000000000    0.000000000000    0.000000000000    0.000000000000    0.000000000000
-0.000000219419    1.299976468086    -0.028855673969    0.000343044609    133537.203125000000    129041.304687500000    -98178.320312500000    133537.234375000000    83741.718750000000    -0.411521583796    0.142125055194    0.000081885206    -0.000427280669    0.120523214340    0.036732159555    0.000000000000    0.000000000000    0.000000000000    0.000000000000    0.000000000000    0.000000000000
-0.000000220533    1.300069451332    -0.029004042968    0.000233756189    132851.500000000000    129747.140625000000    -67368.367187500000    132851.531250000000    110886.539062500000    -0.408650010824    0.134813815355    0.000086398766    -0.000426146173    0.119290679693    0.036303777248    0.000000000000    0.000000000000    0.000000000000    0.000000000000    0.000000000000    0.000000000000
-0.000000221647    1.300124049187    -0.029151557013    0.000100072531    132008.625000000000    130604.640625000000    -29683.347656250000    132008.640625000000    127186.765625000000    -0.406839847565    0.130204930902    0.000089244044    -0.000425431004    0.118513710797    0.036033734679    0.000000000000    0.000000000000    0.000000000000    0.000000000000    0.000000000000    0.000000000000
