wc / wrf: 0.935595
 t  x  y  z vpar vper vx vy vz re(e1)  im(e1)  re(e2)  im(e2)  re(e3)  im(e3)  re(b1)  im(b1)  re(b2)  im(b2)  re(b3)  im(b3)
-0.000000000000    1.299535393715    -0.000029250365    0.000029231089    131308.484375000000    131308.312500000000    -8247.867187500000    131308.500000000000    -131049.023437500000    -0.421587884426    0.173364877701    0.000062283645    -0.000430393527    0.125691875815    0.038497168571    0.000000000000    0.000000000000    0.000000000000    0.000000000000    0.000000000000    0.000000000000
-0.000000001114    1.299567103386    -0.000175503606    0.000171370033    131311.609375000000    131305.171875000000    -48353.519531250000    131311.625000000000    -122077.781250000000    -0.421232938766    0.171626716852    0.000063403655    -0.000430381799    0.125413388014    0.038405053318    0.000000000000    0.000000000000    0.000000000000    0.000000000000    0.000000000000    0.000000000000
-0.000000002228    1.299641132355    -0.000321762462    0.000296716753    131318.296875000000    131298.453125000000    -83719.679687500000    131318.328125000000    -101144.945312500000    -0.420203357935    0.166585147381    0.000066652290    -0.000430347805    0.124605663121    0.038137864321    0.000000000000    0.000000000000    0.000000000000    0.000000000000    0.000000000000    0.000000000000
-0.000000003341    1.299750447273    -0.000468029844    0.000392990187    131326.453125000000    131290.296875000000    -110881.015625000000    131326.484375000000    -70303.203125000000    -0.418085664511    0.158837720752    0.000071567723    -0.000429873937    0.123340651393    0.037711385638    0.000000000000    0.000000000000    0.000000000000    0.000000000000    0.000000000000    0.000000000000
-0.000000004455    1.299884200096    -0.000614305784    0.000450759748    131333.125000000000    131283.625000000000    -127177.882812500000    131333.156250000000    -32575.640625000000    -0.414345055819    0.149313867092    0.000077447236    -0.000428396132    0.121735110879    0.037153363228    0.000000000000    0.000000000000    0.000000000000    0.000000000000    0.000000000000    0.000000000000
-0.000000005569    1.300029039383    -0.000760586874    0.000464367797    131335.046875000000    131281.718750000000    -131016.414062500000    131335.078125000000    8341.699218750000    -0.410202592611    0.138766780496    0.000083958425    -0.000426759565    0.119957074523    0.036535389721    0.000000000000    0.000000000000    0.000000000000    0.000000000000    0.000000000000    0.000000000000
-0.000000006683    1.300171017647    -0.000906865927    0.000432481815    131329.171875000000    131287.609375000000    -122023.476562500000    131329.203125000000    48442.773437500000    -0.406063556671    0.128228455782    0.000090464215    -0.000425124337    0.118180513382    0.035917930305    0.000000000000    0.000000000000    0.000000000000    0.000000000000    0.000000000000    0.000000000000
-0.000000007797    1.300296306610    -0.001053133048    0.000358221965    131313.265625000000    131303.484375000000    -101081.640625000000    131313.296875000000    83803.976562500000    -0.402326405048    0.118713341653    0.000096338321    -0.000423647871    0.116576448083    0.035360421985    0.000000000000    0.000000000000    0.000000000000    0.000000000000    0.000000000000    0.000000000000
-0.000000008910    1.300392508507    -0.001199376420    0.000248853117    131286.484375000000    131330.265625000000    -70241.390625000000    131286.515625000000    110967.500000000000    -0.399362087250    0.111165970564    0.000100997655    -0.000422476762    0.115304104984    0.034918207675    0.000000000000    0.000000000000    0.000000000000    0.000000000000    0.000000000000    0.000000000000
-0.000000010024    1.300450205803    -0.001345584053    0.000115072486    131249.562500000000    131367.187500000000    -32519.632812500000    131249.578125000000    127278.492187500000    -0.397459149361    0.106320962310    0.000103988699    -0.000421724952    0.114487327635    0.034634329379    0.000000000000    0.000000000000    0.000000000000    0.000000000000    0.000000000000    0.000000000000
-0.000000011138    1.300463676453    -0.001491746050    -0.000030037261    131204.906250000000    131411.781250000000    8395.450195312500    131204.921875000000    131143.343750000000    -0.396809965372    0.104668065906    0.000105009116    -0.000421468489    0.114208675921    0.034537483007    0.000000000000    0.000000000000    0.000000000000    0.000000000000    0.000000000000    0.000000000000
-0.000000012252    1.300431728363    -0.001637855894    -0.000172286629    131156.671875000000    131459.921875000000    48504.296875000000    131156.687500000000    122184.484375000000    -0.397472888231    0.106355942786    0.000103967104    -0.000421730394    0.114493221045    0.034636378288    0.000000000000    0.000000000000    0.000000000000    0.000000000000    0.000000000000    0.000000000000
-0.000000013366    1.300357341766    -0.001783912419    -0.000297765539    131110.187500000000    131506.265625000000    83885.945312500000    131110.187500000000    101277.109375000000    -0.399382680655    0.111218445003    0.000100965262    -0.000422484911    0.115312948823    0.034921281040    0.000000000000    0.000000000000    0.000000000000    0.000000000000    0.000000000000    0.000000000000
-0.000000014479    1.300247907639    -0.001929920865    -0.000394202478    131071.453125000000    131544.875000000000    111080.421875000000    131071.445312500000    70464.187500000000    -0.402357310057    0.118792049587    0.000096289732    -0.000423660094    0.116589717567    0.035365033895    0.000000000000    0.000000000000    0.000000000000    0.000000000000    0.000000000000    0.000000000000
-0.000000015593    1.300113916397    -0.002075893339    -0.000452164299    131046.382812500000    131569.843750000000    127426.687500000000    131046.375000000000    32757.794921875000    -0.406104773283    0.128333389759    0.000090399430    -0.000425140606    0.118198201060    0.035924080759    0.000000000000    0.000000000000    0.000000000000    0.000000000000    0.000000000000    0.000000000000
-0.000000016707    1.299968481064    -0.002221847652    -0.000465979974    131040.070312500000    131576.156250000000    131323.281250000000    131040.054687500000    -8154.112304687500    -0.410260975361    0.138915449381    0.000083866638    -0.000426782615    0.119982138276    0.036544103175    0.000000000000    0.000000000000    0.000000000000    0.000000000000    0.000000000000    0.000000000000
-0.000000017821    1.299826025963    -0.002367807087    -0.000434297574    131055.968750000000    131560.328125000000    122386.148437500000    131055.960937500000    -48267.566406250000    -0.414417207241    0.149497509003    0.000077333854    -0.000428424624    0.121766075492    0.037164125592    0.000000000000    0.000000000000    0.000000000000    0.000000000000    0.000000000000    0.000000000000
-0.000000018935    1.299700379372    -0.002513797721    -0.000360219507    131095.312500000000    131521.109375000000    101487.843750000000    131095.312500000000    -83654.218750000000    -0.418164670467    0.159038856626    0.000071443545    -0.000429905165    0.123374566436    0.037723168731    0.000000000000    0.000000000000    0.000000000000    0.000000000000    0.000000000000    0.000000000000
-0.000000020048    1.299603700638    -0.002659844235    -0.000251001184    131156.734375000000    131459.859375000000    70673.500000000000    131156.734375000000    -110846.554687500000    -0.420251697302    0.166821748018    0.000066499822    -0.000430349406    0.124643571675    0.038150403649    0.000000000000    0.000000000000    0.000000000000    0.000000000000    0.000000000000    0.000000000000
-0.000000021162    1.299545526505    -0.002805969678    -0.000117342279    131236.062500000000    131380.656250000000    32961.406250000000    131236.078125000000    -127178.718750000000    -0.421286821365    0.171890631318    0.000063233601    -0.000430383574    0.125455677509    0.038419038057    0.000000000000    0.000000000000    0.000000000000    0.000000000000    0.000000000000    0.000000000000
-0.000000022276    1.299531459808    -0.002952190582    0.000027661034    131326.718750000000    131290.062500000000    -7952.642578125000    131326.734375000000    -131048.984375000000    -0.421647340059    0.173656105995    0.000062095998    -0.000430395477    0.125738531351    0.038512602448    0.000000000000    0.000000000000    0.000000000000    0.000000000000    0.000000000000    0.000000000000
-0.000000023390    1.299563050270    -0.003098515095    0.000169799925    131420.062500000000    131196.625000000000    -48058.183593750000    131420.078125000000    -122077.703125000000    -0.421296119690    0.171936124563    0.000063204279    -0.000430383894    0.125462964177    0.038421448320    0.000000000000    0.000000000000    0.000000000000    0.000000000000    0.000000000000    0.000000000000
-0.000000024504    1.299636840820    -0.003244940424    0.000295146543    131506.312500000000    131110.171875000000    -83424.218750000000    131506.343750000000    -101144.828125000000    -0.420270264149    0.166912764311    0.000066441185    -0.000430350017    0.124658152461    0.038155227900    0.000000000000    0.000000000000    0.000000000000    0.000000000000    0.000000000000    0.000000000000
-0.000000025617    1.299745798111    -0.003391453065    0.000391419831    131575.562500000000    131040.679687500000    -110585.437500000000    131575.593750000000    -70303.046875000000    -0.418216198683    0.159170046449    0.000071362563    -0.000429925509    0.123396679759    0.037730857730    0.000000000000    0.000000000000    0.000000000000    0.000000000000    0.000000000000    0.000000000000
-0.000000026731    1.299879193306    -0.003538029268    0.000449189160    131618.890625000000    130997.164062500000    -126882.203125000000    131618.921875000000    -32575.453125000000    -0.414485901594    0.149672418833    0.000077225872    -0.000428451778    0.121795557439    0.037174373865    0.000000000000    0.000000000000    0.000000000000    0.000000000000    0.000000000000    0.000000000000
-0.000000027845    1.300024032593    -0.003684636205    0.000462796976    131629.437500000000    130986.578125000000    -130720.664062500000    131629.468750000000    8341.896484375000    -0.410346865654    0.139134094119    0.000083731662    -0.000426816550    0.120018996298    0.036556910723    0.000000000000    0.000000000000    0.000000000000    0.000000000000    0.000000000000    0.000000000000
-0.000000028959    1.300165891647    -0.003831234761    0.000430910732    131603.328125000000    131012.812500000000    -121727.703125000000    131603.359375000000    48442.953125000000    -0.406207829714    0.128595769405    0.000090237460    -0.000425181322    0.118242435157    0.035939451307    0.000000000000    0.000000000000    0.000000000000    0.000000000000    0.000000000000    0.000000000000
-0.000000030073    1.300290703773    -0.003977783024    0.000356650708    131540.343750000000    131076.046875000000    -100785.914062500000    131540.375000000000    83804.117187500000    -0.402484387159    0.119115635753    0.000096089971    -0.000423710298    0.116644263268    0.035383991897    0.000000000000    0.000000000000    0.000000000000    0.000000000000    0.000000000000    0.000000000000
-0.000000031187    1.300386548042    -0.004124242347    0.000247281714    131444.171875000000    131172.484375000000    -69945.765625000000    131444.203125000000    110967.601562500000    -0.399530380964    0.111594498158    0.000100733108    -0.000422543264    0.115376345813    0.034943316132    0.000000000000    0.000000000000    0.000000000000    0.000000000000    0.000000000000    0.000000000000
-0.000000032300    1.300444006920    -0.004270579666    0.000113500966    131322.375000000000    131294.421875000000    -32224.160156250000    131322.390625000000    127278.546875000000    -0.397637784481    0.106775730848    0.000103707956    -0.000421795528    0.114563986659    0.034660976380    0.000000000000    0.000000000000    0.000000000000    0.000000000000    0.000000000000    0.000000000000
-0.000000033414    1.300457239151    -0.004416771699    -0.000031608797    131185.703125000000    131430.953125000000    8690.723632812500    131185.718750000000    131143.328125000000    -0.396991997957    0.105131573975    0.000104722967    -0.000421540404    0.114286817610    0.034564640373    0.000000000000    0.000000000000    0.000000000000    0.000000000000    0.000000000000    0.000000000000
-0.000000034528    1.300425052643    -0.004562809132    -0.000173858120    131047.281250000000    131569.000000000000    48799.339843750000    131047.281250000000    122184.414062500000    -0.397661805153    0.106836944818    0.000103670158    -0.000421805016    0.114574313164    0.034664563835    0.000000000000    0.000000000000    0.000000000000    0.000000000000    0.000000000000    0.000000000000
-0.000000035642    1.300350427628    -0.004708698019    -0.000299336942    130921.218750000000    131694.421875000000    84180.750000000000    130921.210937500000    101277.000000000000    -0.399581909180    0.111725687981    0.000100652120    -0.000422563608    0.115398459136    0.034951001406    0.000000000000    0.000000000000    0.000000000000    0.000000000000    0.000000000000    0.000000000000
-0.000000036756    1.300240635872    -0.004854460247    -0.000395773735    130821.304687500000    131793.671875000000    111375.031250000000    130821.296875000000    70464.054687500000    -0.402563393116    0.119316779077    0.000095965792    -0.000423741498    0.116678170860    0.035395778716    0.000000000000    0.000000000000    0.000000000000    0.000000000000    0.000000000000    0.000000000000
-0.000000037869    1.300106287003    -0.005000131205    -0.000453735411    130759.468750000000    131855.031250000000    127721.148437500000    130759.460937500000    32757.662109375000    -0.406321167946    0.128884360194    0.000090059293    -0.000425226113    0.118291087449    0.035956360400    0.000000000000    0.000000000000    0.000000000000    0.000000000000    0.000000000000    0.000000000000
-0.000000038983    1.299960851669    -0.005145758856    -0.000467550941    130744.390625000000    131869.984375000000    131617.656250000000    130744.375000000000    -8154.230468750000    -0.410480827093    0.139475166798    0.000083521103    -0.000426869461    0.120076492429    0.036576896906    0.000000000000    0.000000000000    0.000000000000    0.000000000000    0.000000000000    0.000000000000
-0.000000040097    1.299818038940    -0.005291396752    -0.000435868395    130780.382812500000    131834.281250000000    122680.562500000000    130780.375000000000    -48267.648437500000    -0.414643913507    0.150074720383    0.000076977522    -0.000428514206    0.121863380075    0.037197943777    0.000000000000    0.000000000000    0.000000000000    0.000000000000    0.000000000000    0.000000000000
-0.000000041211    1.299692034721    -0.005437104031    -0.000361790240    130866.742187500000    131748.562500000000    101782.390625000000    130866.734375000000    -83654.265625000000    -0.418401658535    0.159642294049    0.000071071016    -0.000429998792    0.123476289213    0.037758525461    0.000000000000    0.000000000000    0.000000000000    0.000000000000    0.000000000000    0.000000000000
-0.000000042325    1.299594998360    -0.005582932848    -0.000252571888    130997.453125000000    131618.593750000000    70968.265625000000    130997.453125000000    -110846.585937500000    -0.420385479927    0.167476981878    0.000066077620    -0.000430353830    0.124748550355    0.038185130805    0.000000000000    0.000000000000    0.000000000000    0.000000000000    0.000000000000    0.000000000000
-0.000000043438    1.299536347389    -0.005728927441    -0.000118912983    131161.625000000000    131454.984375000000    33256.460937500000    131161.640625000000    -127178.710937500000    -0.421428054571    0.172582268715    0.000062787942    -0.000430388231    0.125566482544    0.038455691189    0.000000000000    0.000000000000    0.000000000000    0.000000000000    0.000000000000    0.000000000000
-0.000000044552    1.299522042274    -0.005875116680    0.000026090307    131344.296875000000    131272.453125000000    -7657.259765625000    131344.312500000000    -131048.945312500000    -0.421794176102    0.174375027418    0.000061632745    -0.000430400338    0.125853702426    0.038550700992    0.000000000000    0.000000000000    0.000000000000    0.000000000000    0.000000000000    0.000000000000
-0.000000045666    1.299553036690    -0.006021511741    0.000168229162    131527.859375000000    131088.546875000000    -47762.460937500000    131527.875000000000    -122077.664062500000    -0.421450376511    0.172691464424    0.000062717576    -0.000430388987    0.125583976507    0.038461480290    0.000000000000    0.000000000000    0.000000000000    0.000000000000    0.000000000000    0.000000000000
-0.000000046780    1.299626469612    -0.006168103311    0.000293575751    131693.640625000000    130922.000000000000    -83128.195312500000    131693.671875000000    -101144.804687500000    -0.420430094004    0.167695388198    0.000065936882    -0.000430355285    0.124783538282    0.038196705282    0.000000000000    0.000000000000    0.000000000000    0.000000000000    0.000000000000    0.000000000000
-0.000000047894    1.299735069275    -0.006314861123    0.000389849039    131824.000000000000    130790.757812500000    -110289.179687500000    131824.031250000000    -70303.031250000000    -0.418525338173    0.159957140684    0.000070876653    -0.000430047658    0.123529367149    0.037776973099    0.000000000000    0.000000000000    0.000000000000    0.000000000000    0.000000000000    0.000000000000
-0.000000049007    1.299868106842    -0.006461737212    0.000447618339    131903.984375000000    130710.093750000000    -126585.796875000000    131904.015625000000    -32575.457031250000    -0.414801895618    0.150477007031    0.000076729164    -0.000428576634    0.121931195259    0.037221513689    0.000000000000    0.000000000000    0.000000000000    0.000000000000    0.000000000000    0.000000000000
-0.000000050121    1.300012350082    -0.006608668715    0.000461226184    131923.171875000000    130690.742187500000    -130424.226562500000    131923.203125000000    8341.877929687500    -0.410680055618    0.139982402325    0.000083207960    -0.000426948187    0.120162010193    0.036606617272    0.000000000000    0.000000000000    0.000000000000    0.000000000000    0.000000000000    0.000000000000
-0.000000051235    1.300153732300    -0.006755585782    0.000429340056    131876.843750000000    130737.500000000000    -121431.351562500000    131876.875000000000    48442.929687500000    -0.406558185816    0.129487797618    0.000089686757    -0.000425319740    0.118392817676    0.035991717130    0.000000000000    0.000000000000    0.000000000000    0.000000000000    0.000000000000    0.000000000000
-0.000000052349    1.300278425217    -0.006902415305    0.000355080032    131766.750000000000    130848.453125000000    -100489.757812500000    131766.781250000000    83804.085937500000    -0.402838200331    0.120016425848    0.000095533876    -0.000423850084    0.116796121001    0.035436771810    0.000000000000    0.000000000000    0.000000000000    0.000000000000    0.000000000000    0.000000000000
-0.000000053463    1.300374031067    -0.007049090229    0.000245711068    131601.218750000000    131014.929687500000    -69649.914062500000    131601.250000000000    110967.562500000000    -0.399891048670    0.112512782216    0.000100166217    -0.000422685727    0.115531146526    0.034997120500    0.000000000000    0.000000000000    0.000000000000    0.000000000000    0.000000000000    0.000000000000
-0.000000054576    1.300431132317    -0.007195556071    0.000111930378    131394.578125000000    131222.171875000000    -31928.685546875000    131394.593750000000    127278.507812500000    -0.398005306721    0.107711493969    0.000103130267    -0.000421940727    0.114721745253    0.034715805203    0.000000000000    0.000000000000    0.000000000000    0.000000000000    0.000000000000    0.000000000000
-0.000000055690    1.300444006920    -0.007341777906    -0.000033179353    131165.875000000000    131450.750000000000    8985.772460937500    131165.890625000000    131143.281250000000    -0.397373288870    0.106102325022    0.000104123683    -0.000421691046    0.114450469613    0.034621518105    0.000000000000    0.000000000000    0.000000000000    0.000000000000    0.000000000000    0.000000000000
-0.000000056804    1.300411343575    -0.007487742230    -0.000175428620    130937.242187500000    131678.515625000000    49093.957031250000    130937.242187500000    122184.367187500000    -0.398053407669    0.107833936810    0.000103054677    -0.000421959732    0.114742383361    0.034722976387    0.000000000000    0.000000000000    0.000000000000    0.000000000000    0.000000000000    0.000000000000
-0.000000057918    1.300336360931    -0.007633463014    -0.000300907384    130731.601562500000    131882.671875000000    84474.984375000000    130731.593750000000    101276.960937500000    -0.399983793497    0.112748906016    0.000100020443    -0.000422722369    0.115570954978    0.035010956228    0.000000000000    0.000000000000    0.000000000000    0.000000000000    0.000000000000    0.000000000000
-0.000000059032    1.300226330757    -0.007778977510    -0.000397344120    130570.523437500000    132042.140625000000    111668.960937500000    130570.515625000000    70464.015625000000    -0.402975589037    0.120366245508    0.000095317911    -0.000423904363    0.116855092347    0.035457268357    0.000000000000    0.000000000000    0.000000000000    0.000000000000    0.000000000000    0.000000000000
-0.000000060145    1.300091743469    -0.007924347185    -0.000455305737    130471.914062500000    132139.578125000000    128014.890625000000    130471.906250000000    32757.628906250000    -0.406740218401    0.129951313138    0.000089400615    -0.000425391656    0.118470951915    0.036018874496    0.000000000000    0.000000000000    0.000000000000    0.000000000000    0.000000000000    0.000000000000
-0.000000061259    1.299945712090    -0.008069646545    -0.000469121151    130448.078125000000    132163.125000000000    131911.359375000000    130448.062500000000    -8154.258789062500    -0.410913616419    0.140577107668    0.000082840830    -0.000427040475    0.120262257755    0.036641459912    0.000000000000    0.000000000000    0.000000000000    0.000000000000    0.000000000000    0.000000000000
-0.000000062373    1.299802660942    -0.008214964531    -0.000437438604    130504.171875000000    132107.718750000000    122974.343750000000    130504.164062500000    -48267.675781250000    -0.415087014437    0.151202887297    0.000076281052    -0.000428689265    0.122053563595    0.037264045328    0.000000000000    0.000000000000    0.000000000000    0.000000000000    0.000000000000    0.000000000000
-0.000000063487    1.299676179886    -0.008360387757    -0.000363360450    130637.531250000000    131975.843750000000    102076.406250000000    130637.523437500000    -83654.281250000000    -0.418855071068    0.160796701908    0.000070358350    -0.000430177926    0.123670905828    0.037826165557    0.000000000000    0.000000000000    0.000000000000    0.000000000000    0.000000000000    0.000000000000
-0.000000064601    1.299578785896    -0.008505998179    -0.000254142098    130837.546875000000    131777.546875000000    71262.648437500000    130837.546875000000    -110846.578125000000    -0.420636385679    0.168705523014    0.000065285989    -0.000430362095    0.124945379794    0.038250237703    0.000000000000    0.000000000000    0.000000000000    0.000000000000    0.000000000000    0.000000000000
-0.000000065714    1.299519896507    -0.008651860058    -0.000120483193    131086.531250000000    131529.875000000000    33551.296875000000    131086.546875000000    -127178.703125000000    -0.421684533358    0.173838108778    0.000061978717    -0.000430396700    0.125767678022    0.038522247225    0.000000000000    0.000000000000    0.000000000000    0.000000000000    0.000000000000    0.000000000000
-0.000000066828    1.299505233765    -0.008798017167    0.000024520084    131361.234375000000    131255.546875000000    -7361.913085937500    131361.250000000000    -131048.929687500000    -0.422054350376    0.175649076700    0.000060811788    -0.000430408923    0.126057833433    0.038618221879    0.000000000000    0.000000000000    0.000000000000    0.000000000000    0.000000000000    0.000000000000
-0.000000067942    1.299535989761    -0.008944481611    0.000166658909    131634.968750000000    130980.992187500000    -47466.601562500000    131634.984375000000    -122077.609375000000    -0.421714246273    0.173983708024    0.000061884894    -0.000430397689    0.125791013241    0.038529962301    0.000000000000    0.000000000000    0.000000000000    0.000000000000    0.000000000000    0.000000000000
-0.000000069056    1.299609184265    -0.009091238491    0.000292005425    131880.296875000000    130733.960937500000    -82831.851562500000    131880.328125000000    -101144.710937500000    -0.420699566603    0.169014930725    0.000065086613    -0.000430364191    0.124994948506    0.038266636431    0.000000000000    0.000000000000    0.000000000000    0.000000000000    0.000000000000    0.000000000000
-0.000000070170    1.299717426300    -0.009238239378    0.000388278568    132071.734375000000    130540.585937500000    -109992.453125000000    132071.765625000000    -70302.929687500000    -0.419030249119    0.161242723465    0.000070082999    -0.000430247135    0.123746097088    0.037852298468    0.000000000000    0.000000000000    0.000000000000    0.000000000000    0.000000000000    0.000000000000
-0.000000071283    1.299850225449    -0.009385414422    0.000446047779    132188.375000000000    130422.476562500000    -126288.820312500000    132188.406250000000    -32575.341796875000    -0.415317147970    0.151788830757    0.000075919314    -0.000428780186    0.122152343392    0.037298377603    0.000000000000    0.000000000000    0.000000000000    0.000000000000    0.000000000000    0.000000000000
-0.000000072397    1.299994349480    -0.009532670490    0.000459655508    132216.187500000000    130394.296875000000    -130127.164062500000    132216.218750000000    8341.991210937500    -0.411195278168    0.141294240952    0.000082398110    -0.000427151739    0.120383158326    0.036683477461    0.000000000000    0.000000000000    0.000000000000    0.000000000000    0.000000000000    0.000000000000
-0.000000073511    1.300135612488    -0.009679905139    0.000427769235    132149.625000000000    130461.742187500000    -121134.375000000000    132149.656250000000    48443.023437500000    -0.407076835632    0.130808368325    0.000088871515    -0.000425524660    0.118615441024    0.036069091409    0.000000000000    0.000000000000    0.000000000000    0.000000000000    0.000000000000    0.000000000000
-0.000000074625    1.300259828568    -0.009827014059    0.000353509095    131992.453125000000    130620.781250000000    -100193.062500000000    131992.484375000000    83804.148437500000    -0.403370589018    0.121371969581    0.000094697025    -0.000424060418    0.117024637759    0.035516194999    0.000000000000    0.000000000000    0.000000000000    0.000000000000    0.000000000000    0.000000000000
-0.000000075739    1.300354957581    -0.009973903187    0.000244140101    131757.578125000000    130857.695312500000    -69353.656250000000    131757.609375000000    110967.593750000000    -0.400437206030    0.113903313875    0.000099307770    -0.000422901503    0.115765564144    0.035078592598    0.000000000000    0.000000000000    0.000000000000    0.000000000000    0.000000000000    0.000000000000
-0.000000076852    1.300411701202    -0.010120496154    0.000110359411    131466.109375000000    131150.531250000000    -31632.988281250000    131466.125000000000    127278.500000000000    -0.398565202951    0.109137013555    0.000102250226    -0.000422161917    0.114962056279    0.034799326211    0.000000000000    0.000000000000    0.000000000000    0.000000000000    0.000000000000    0.000000000000
-0.000000077966    1.300424218178    -0.010266746394    -0.000034750290    131145.390625000000    131471.234375000000    9280.845703125000    131145.406250000000    131143.265625000000    -0.397940039635    0.107545331120    0.000103232844    -0.000421914941    0.114693731070    0.034706067294    0.000000000000    0.000000000000    0.000000000000    0.000000000000    0.000000000000    0.000000000000
-0.000000079080    1.300391435623    -0.010412637144    -0.000176999529    130826.531250000000    131788.546875000000    49388.406250000000    130826.531250000000    122184.328125000000    -0.398627012968    0.109294429421    0.000102153048    -0.000422186335    0.114988595247    0.034808550030    0.000000000000    0.000000000000    0.000000000000    0.000000000000    0.000000000000    0.000000000000
-0.000000080194    1.300316214561    -0.010558188893    -0.000302478264    130541.304687500000    132071.062500000000    84768.867187500000    130541.296875000000    101276.914062500000    -0.400564283133    0.114226892591    0.000099108009    -0.000422951707    0.115820117295    0.035097554326    0.000000000000    0.000000000000    0.000000000000    0.000000000000    0.000000000000    0.000000000000
-0.000000081308    1.300205826759    -0.010703455657    -0.000398914970    130319.062500000000    132290.359375000000    111962.382812500000    130319.054687500000    70463.968750000000    -0.403562963009    0.121861726046    0.000094394687    -0.000424136408    0.117107205093    0.035544890910    0.000000000000    0.000000000000    0.000000000000    0.000000000000    0.000000000000    0.000000000000
-0.000000082421    1.300070881844    -0.010848522186    -0.000456876500    130183.695312500000    132423.578125000000    128308.031250000000    130183.687500000000    32757.583984375000    -0.407337903976    0.131473034620    0.000088461187    -0.000425627775    0.118727490306    0.036108035594    0.000000000000    0.000000000000    0.000000000000    0.000000000000    0.000000000000    0.000000000000
-0.000000083535    1.299924731255    -0.010993491858    -0.000470691914    130151.093750000000    132455.625000000000    132204.421875000000    130151.078125000000    -8154.291992187500    -0.411518156528    0.142116308212    0.000081890605    -0.000427279301    0.120521739125    0.036731645465    0.000000000000    0.000000000000    0.000000000000    0.000000000000    0.000000000000    0.000000000000
-0.000000084649    1.299781322479    -0.011138486676    -0.000439009338    130227.289062500000    132380.718750000000    123267.562500000000    130227.281250000000    -48267.691406250000    -0.415698409081    0.152759581804    0.000075320029    -0.000428930798    0.122315995395    0.037355255336    0.000000000000    0.000000000000    0.000000000000    0.000000000000    0.000000000000    0.000000000000
-0.000000085763    1.299654722214    -0.011283625849    -0.000364931155    130407.648437500000    132203.046875000000    102369.992187500000    130407.640625000000    -83654.281250000000    -0.419348508120    0.162398993969    0.000069349706    -0.000430319575    0.123934984207    0.037916012108    0.000000000000    0.000000000000    0.000000000000    0.000000000000    0.000000000000    0.000000000000
-0.000000086877    1.299557089806    -0.011429016478    -0.000255712803    130676.976562500000    131936.843750000000    71556.781250000000    130676.976562500000    -110846.578125000000    -0.420974612236    0.170361787081    0.000064218744    -0.000430373271    0.125210732222    0.038338012993    0.000000000000    0.000000000000    0.000000000000    0.000000000000    0.000000000000    0.000000000000
-0.000000087990    1.299497842789    -0.011574747041    -0.000122053898    131010.789062500000    131605.390625000000    33846.109375000000    131010.789062500000    -127178.703125000000    -0.422026455402    0.175512552261    0.000060899747    -0.000430407992    0.126035958529    0.038610987365    0.000000000000    0.000000000000    0.000000000000    0.000000000000    0.000000000000    0.000000000000
-0.000000089104    1.299482822418    -0.011720870622    0.000022949382    131377.500000000000    131239.296875000000    -7066.360351562500    131377.515625000000    -131048.929687500000    -0.422403723001    0.177359923720    0.000059709364    -0.000430420449    0.126331925392    0.038708891720    0.000000000000    0.000000000000    0.000000000000    0.000000000000    0.000000000000    0.000000000000
-0.000000090218    1.299513220787    -0.011867403053    0.000165088219    131741.453125000000    130873.945312500000    -47170.316406250000    131741.468750000000    -122077.648437500000    -0.422069221735    0.175721868873    0.000060764873    -0.000430409418    0.126069486141    0.038622081280    0.000000000000    0.000000000000    0.000000000000    0.000000000000    0.000000000000    0.000000000000
-0.000000091332    1.299586057663    -0.012014322914    0.000290434749    132066.328125000000    130546.093750000000    -82534.921875000000    132066.359375000000    -101144.789062500000    -0.421058237553    0.170771300793    0.000063954867    -0.000430376036    0.125276342034    0.038359716535    0.000000000000    0.000000000000    0.000000000000    0.000000000000    0.000000000000    0.000000000000
-0.000000092446    1.299694061279    -0.012161567807    0.000386708038    132318.859375000000    130290.148437500000    -109695.039062500000    132318.890625000000    -70303.046875000000    -0.419473022223    0.163008719683    0.000068956819    -0.000430323678    0.124032676220    0.037948325276    0.000000000000    0.000000000000    0.000000000000    0.000000000000    0.000000000000    0.000000000000
-0.000000093560    1.299826383591    -0.012309040874    0.000444477395    132472.156250000000    130134.289062500000    -125991.132812500000    132472.187500000000    -32575.496093750000    -0.416000694036    0.153529196978    0.000074844917    -0.000429050240    0.122445739806    0.037400346249    0.000000000000    0.000000000000    0.000000000000    0.000000000000    0.000000000000    0.000000000000
-0.000000094673    1.299970030785    -0.012456621043    0.000458085298    132508.625000000000    130097.187500000000    -129829.453125000000    132508.656250000000    8341.816406250000    -0.411895990372    0.143078312278    0.000081296719    -0.000427428575    0.120683915913    0.036788012832    0.000000000000    0.000000000000    0.000000000000    0.000000000000    0.000000000000    0.000000000000
-0.000000095787    1.300110697746    -0.012604173273    0.000426199200    132421.828125000000    130185.523437500000    -120836.906250000000    132421.859375000000    48442.851562500000    -0.407791316509    0.132627442479    0.000087748522    -0.000425806909    0.118922099471    0.036175675690    0.000000000000    0.000000000000    0.000000000000    0.000000000000    0.000000000000    0.000000000000
-0.000000096901    1.300234675407    -0.012751561590    0.000351939263    132217.531250000000    130392.992187500000    -99896.054687500000    132217.562500000000    83803.992187500000    -0.404091924429    0.123208530247    0.000093563242    -0.000424345402    0.117334246635    0.035623803735    0.000000000000    0.000000000000    0.000000000000    0.000000000000    0.000000000000    0.000000000000
-0.000000098015    1.300329566002    -0.012898663990    0.000242570401    131913.265625000000    130700.789062500000    -69057.312500000000    131913.296875000000    110967.484375000000    -0.401165395975    0.115757361054    0.000098163189    -0.000423189194    0.116078123450    0.035187225789    0.000000000000    0.000000000000    0.000000000000    0.000000000000    0.000000000000    0.000000000000
-0.000000099129    1.300385951996    -0.013045385480    0.000108789784    131536.968750000000    131079.515625000000    -31337.429687500000    131536.984375000000    127278.453125000000    -0.399303704500    0.111017301679    0.000101089441    -0.000422453682    0.115279041231    0.034909497947    0.000000000000    0.000000000000    0.000000000000    0.000000000000    0.000000000000    0.000000000000
-0.000000100242    1.300398230553    -0.013191662729    -0.000036319907    131124.218750000000    131492.375000000000    9575.561523437500    131124.234375000000    131143.281250000000    -0.398688852787    0.109451852739    0.000102055863    -0.000422210782    0.115015134215    0.034817773849    0.000000000000    0.000000000000    0.000000000000    0.000000000000    0.000000000000    0.000000000000
-0.000000101356    1.300364851952    -0.013337478973    -0.000178569215    130715.148437500000    131899.062500000000    49682.312500000000    130715.148437500000    122184.421875000000    -0.399389564991    0.111235931516    0.000100954465    -0.000422487617    0.115315899253    0.034922305495    0.000000000000    0.000000000000    0.000000000000    0.000000000000    0.000000000000    0.000000000000
-0.000000102470    1.300289273262    -0.013482861221    -0.000304048095    130350.343750000000    132259.578125000000    85062.078125000000    130350.335937500000    101277.078125000000    -0.401337146759    0.116194635630    0.000097893237    -0.000423257035    0.116151839495    0.035212844610    0.000000000000    0.000000000000    0.000000000000    0.000000000000    0.000000000000    0.000000000000
-0.000000103584    1.300178527832    -0.013627877459    -0.000400485005    130066.945312500000    132538.296875000000    112255.093750000000    130066.937500000000    70464.179687500000    -0.404349535704    0.123864442110    0.000093158313    -0.000424447178    0.117444820702    0.035662233829    0.000000000000    0.000000000000    0.000000000000    0.000000000000    0.000000000000    0.000000000000
-0.000000104698    1.300043344498    -0.013772638515    -0.000458446826    129894.812500000000    132707.000000000000    128600.468750000000    129894.804687500000    32757.826171875000    -0.408131361008    0.133493244648    0.000087214023    -0.000425941253    0.119068056345    0.036226402968    0.000000000000    0.000000000000    0.000000000000    0.000000000000    0.000000000000    0.000000000000
-0.000000105811    1.299896717072    -0.013917280361    -0.000472262531    129853.445312500000    132747.500000000000    132496.859375000000    129853.429687500000    -8154.044921875000    -0.412321925163    0.144162759185    0.000080627244    -0.000427596853    0.120866738260    0.036851551384    0.000000000000    0.000000000000    0.000000000000    0.000000000000    0.000000000000    0.000000000000
-0.000000106925    1.299752950668    -0.014061952941    -0.000440580217    129949.742187500000    132653.234375000000    123560.273437500000    129949.734375000000    -48267.460937500000    -0.416512489319    0.154832273722    0.000074040465    -0.000429252425    0.122665412724    0.037476696074    0.000000000000    0.000000000000    0.000000000000    0.000000000000    0.000000000000    0.000000000000
-0.000000108039    1.299625873566    -0.014206806198    -0.000366502267    130177.101562500000    132430.125000000000    102663.218750000000    130177.093750000000    -83654.101562500000    -0.419796377420    0.164592176676    0.000067936489    -0.000430334359    0.124286368489    0.038032244891    0.000000000000    0.000000000000    0.000000000000    0.000000000000    0.000000000000    0.000000000000
-0.000000109153    1.299527883530    -0.014351977967    -0.000257284060    130515.742187500000    132096.390625000000    71850.726562500000    130515.742187500000    -110846.453125000000    -0.421428054571    0.172582268715    0.000062787942    -0.000430388231    0.125566482544    0.038455691189    0.000000000000    0.000000000000    0.000000000000    0.000000000000    0.000000000000    0.000000000000
-0.000000110267    1.299468398094    -0.014497573487    -0.000123625257    130934.367187500000    131681.468750000000    34140.917968750000    130934.367187500000    -127178.656250000000    -0.422485500574    0.177760332823    0.000059451351    -0.000430423155    0.126396074891    0.038730110973    0.000000000000    0.000000000000    0.000000000000    0.000000000000    0.000000000000    0.000000000000
-0.000000111380    1.299453139305    -0.014643661678    0.000021378013    131393.093750000000    131223.734375000000    -6770.623046875000    131393.109375000000    -131048.960937500000    -0.422864615917    0.179616808891    0.000058255104    -0.000430435670    0.126693516970    0.038828499615    0.000000000000    0.000000000000    0.000000000000    0.000000000000    0.000000000000    0.000000000000
-0.000000112494    1.299483299255    -0.014790263958    0.000163516917    131847.250000000000    130767.429687500000    -46873.679687500000    131847.265625000000    -122077.757812500000    -0.422533810139    0.177996948361    0.000059298884    -0.000430424756    0.126433983445    0.038742654026    0.000000000000    0.000000000000    0.000000000000    0.000000000000    0.000000000000    0.000000000000
-0.000000113608    1.299555897713    -0.014937348664    0.000288863608    132251.656250000000    130358.398437500000    -82237.507812500000    132251.687500000000    -101144.960937500000    -0.421528398991    0.173073679209    0.000062471292    -0.000430391548    0.125645220280    0.038481734693    0.000000000000    0.000000000000    0.000000000000    0.000000000000    0.000000000000    0.000000000000
-0.000000114722    1.299663543701    -0.015084836632    0.000385137129    132565.265625000000    130039.468750000000    -109397.046875000000    132565.296875000000    -70303.257812500000    -0.419946908951    0.165329307318    0.000067461515    -0.000430339336    0.124404460192    0.038071308285    0.000000000000    0.000000000000    0.000000000000    0.000000000000    0.000000000000    0.000000000000
-0.000000115836    1.299795508385    -0.015232606791    0.000442906719    132755.203125000000    129845.554687500000    -125692.820312500000    132755.234375000000    -32575.730468750000    -0.416890323162    0.155794277787    0.000073446572    -0.000429401698    0.122827589512    0.037533063442    0.000000000000    0.000000000000    0.000000000000    0.000000000000    0.000000000000    0.000000000000
-0.000000116949    1.299938797951    -0.015380509198    0.000456514885    132800.281250000000    129799.453125000000    -129531.125000000000    132800.312500000000    8341.579101562500    -0.412792503834    0.145360887051    0.000079887577    -0.000427782768    0.121068716049    0.036921750754    0.000000000000    0.000000000000    0.000000000000    0.000000000000    0.000000000000    0.000000000000
-0.000000118063    1.300079226494    -0.015528377146    0.000424629048    132693.250000000000    129908.843750000000    -120538.859375000000    132693.281250000000    48442.636718750000    -0.408698111773    0.134936243296    0.000086323183    -0.000426165177    0.119311317801    0.036310952157    0.000000000000    0.000000000000    0.000000000000    0.000000000000    0.000000000000    0.000000000000
-0.000000119177    1.300202846527    -0.015676043928    0.000350369344    132441.859375000000    130165.132812500000    -99598.585937500000    132441.890625000000    83803.828125000000    -0.405009031296    0.125543579459    0.000092121707    -0.000424707716    0.117727890611    0.035760618746    0.000000000000    0.000000000000    0.000000000000    0.000000000000    0.000000000000    0.000000000000
-0.000000120291    1.300297379494    -0.015823358670    0.000241000656    132068.250000000000    130544.179687500000    -68760.648437500000    132068.281250000000    110967.367187500000    -0.402092814445    0.118118643761    0.000096705458    -0.000423555612    0.116476193070    0.035325579345    0.000000000000    0.000000000000    0.000000000000    0.000000000000    0.000000000000    0.000000000000
-0.000000121405    1.300353288651    -0.015970205888    0.000107220134    131607.078125000000    131009.093750000000    -31041.736328125000    131607.093750000000    127278.414062500000    -0.400241404772    0.113404817879    0.000099615514    -0.000422824145    0.115681529045    0.035049386322    0.000000000000    0.000000000000    0.000000000000    0.000000000000    0.000000000000    0.000000000000
-0.000000122518    1.300365090370    -0.016116509214    -0.000037889557    131102.328125000000    131514.218750000000    9870.227539062500    131102.343750000000    131143.328125000000    -0.399640321732    0.111874356866    0.000100560341    -0.000422586687    0.115423522890    0.034959714860    0.000000000000    0.000000000000    0.000000000000    0.000000000000    0.000000000000    0.000000000000
-0.000000123632    1.300331592560    -0.016262251884    -0.000180138944    130603.046875000000    132010.078125000000    49975.984375000000    130603.046875000000    122184.546875000000    -0.400347888470    0.113675929606    0.000099448145    -0.000422866229    0.115727230906    0.035065270960    0.000000000000    0.000000000000    0.000000000000    0.000000000000    0.000000000000    0.000000000000
-0.000000124746    1.300255775452    -0.016407463700    -0.000305617985    130158.664062500000    132448.218750000000    85354.890625000000    130158.656250000000    101277.250000000000    -0.402302354574    0.118652120233    0.000096376119    -0.000423638383    0.116566121578    0.035356834531    0.000000000000    0.000000000000    0.000000000000    0.000000000000    0.000000000000    0.000000000000
-0.000000125860    1.300144672394    -0.016552230343    -0.000402055128    129814.093750000000    132785.968750000000    112547.265625000000    129814.085937500000    70464.406250000000    -0.405321627855    0.126339420676    0.000091630398    -0.000424831203    0.117862060666    0.035807248205    0.000000000000    0.000000000000    0.000000000000    0.000000000000    0.000000000000    0.000000000000
-0.000000126974    1.300009131432    -0.016696689650    -0.000460017240    129605.195312500000    132989.859375000000    128892.289062500000    129605.187500000000    32758.074218750000    -0.409113734961    0.135994464159    0.000085669904    -0.000426329381    0.119489714503    0.036372955889    0.000000000000    0.000000000000    0.000000000000    0.000000000000    0.000000000000    0.000000000000
-0.000000128087    1.299862265587    -0.016841003671    -0.000473833206    129555.062500000000    133038.718750000000    132788.640625000000    129555.046875000000    -8153.796875000000    -0.413314610720    0.146690204740    0.000079066929    -0.000427989027    0.121292814612    0.036999639124    0.000000000000    0.000000000000    0.000000000000    0.000000000000    0.000000000000    0.000000000000
-0.000000129201    1.299718141556    -0.016985353082    -0.000442151155    129671.460937500000    132925.250000000000    123852.359375000000    129671.453125000000    -48267.238281250000    -0.417515456676    0.157385960221    0.000072463961    -0.000429648673    0.123095914721    0.037626322359    0.000000000000    0.000000000000    0.000000000000    0.000000000000    0.000000000000    0.000000000000
-0.000000130315    1.299590945244    -0.017129920423    -0.000368073408    129945.828125000000    132657.062500000000    102955.937500000000    129945.820312500000    -83653.921875000000    -0.420340895653    0.167258560658    0.000066218352    -0.000430352346    0.124713554978    0.038173556328    0.000000000000    0.000000000000    0.000000000000    0.000000000000    0.000000000000    0.000000000000
-0.000000131429    1.299492597580    -0.017274869606    -0.000258855376    130353.765625000000    132256.234375000000    72144.343750000000    130353.765625000000    -110846.335937500000    -0.421978145838    0.175275951624    0.000061052211    -0.000430406420    0.125998049974    0.038598448038    0.000000000000    0.000000000000    0.000000000000    0.000000000000    0.000000000000    0.000000000000
-0.000000132543    1.299432754517    -0.017420332879    -0.000125196675    130857.226562500000    131758.140625000000    34435.609375000000    130857.226562500000    -127178.609375000000    -0.423039287329    0.180472224951    0.000057703892    -0.000430441462    0.126830562949    0.038873832673    0.000000000000    0.000000000000    0.000000000000    0.000000000000    0.000000000000    0.000000000000
-0.000000133656    1.299417018890    -0.017566386610    0.000019806588    131407.984375000000    131208.843750000000    -6474.786132812500    131408.000000000000    -131048.992187500000    -0.423425853252    0.182365104556    0.000056484187    -0.000430454209    0.127133816481    0.038974151015    0.000000000000    0.000000000000    0.000000000000    0.000000000000    0.000000000000    0.000000000000
-0.000000134770    1.299446821213    -0.017713055015    0.000161945587    131952.343750000000    130661.390625000000    -46576.738281250000    131952.359375000000    -122077.867187500000    -0.423102498055    0.180781647563    0.000057504516    -0.000430443528    0.126880139112    0.038890231401    0.000000000000    0.000000000000    0.000000000000    0.000000000000    0.000000000000    0.000000000000
-0.000000135884    1.299519062042    -0.017860300839    0.000287292467    132436.296875000000    130170.828125000000    -81939.625000000000    132436.328125000000    -101145.148437500000    -0.422100812197    0.175876572728    0.000060665185    -0.000430410466    0.126094281673    0.038630280644    0.000000000000    0.000000000000    0.000000000000    0.000000000000    0.000000000000    0.000000000000
-0.000000136998    1.299626469612    -0.018008032814    0.000383566221    132811.000000000000    129788.515625000000    -109098.453125000000    132811.031250000000    -70303.500000000000    -0.420524865389    0.168159499764    0.000065637825    -0.000430358428    0.124857895076    0.038221299648    0.000000000000    0.000000000000    0.000000000000    0.000000000000    0.000000000000    0.000000000000
-0.000000138112    1.299758076668    -0.018156098202    0.000441336102    133037.593750000000    129556.242187500000    -125393.851562500000    133037.625000000000    -32576.015625000000    -0.417965441942    0.158531621099    0.000071756687    -0.000429826439    0.123289056122    0.037693448365    0.000000000000    0.000000000000    0.000000000000    0.000000000000    0.000000000000    0.000000000000
-0.000000139225    1.299901127815    -0.018304321915    0.000454944588    133091.312500000000    129501.054687500000    -129232.125000000000    133091.343750000000    8341.290039062500    -0.413877934217    0.148124471307    0.000078181496    -0.000428211584    0.121534600854    0.037083674222    0.000000000000    0.000000000000    0.000000000000    0.000000000000    0.000000000000    0.000000000000
-0.000000140339    1.300041198730    -0.018452504650    0.000423059071    132964.062500000000    129631.687500000000    -120240.210937500000    132964.093750000000    48442.359375000000    -0.409790396690    0.137717321515    0.000084606305    -0.000426596700    0.119780153036    0.036473900080    0.000000000000    0.000000000000    0.000000000000    0.000000000000    0.000000000000    0.000000000000
-0.000000141453    1.300164461136    -0.018600448966    0.000348799658    132665.562500000000    129937.140625000000    -99300.640625000000    132665.593750000000    83803.593750000000    -0.406111627817    0.128350883722    0.000090388632    -0.000425143342    0.118201151490    0.035925105214    0.000000000000    0.000000000000    0.000000000000    0.000000000000    0.000000000000    0.000000000000
-0.000000142567    1.300258755684    -0.018747976050    0.000239431189    132222.593750000000    130387.875000000000    -68463.687500000000    132222.625000000000    110967.210937500000    -0.403202295303    0.120943441987    0.000094961579    -0.000423993915    0.116952396929    0.035491086543    0.000000000000    0.000000000000    0.000000000000    0.000000000000    0.000000000000    0.000000000000
-0.000000143681    1.300314545631    -0.018894949928    0.000105650804    131676.609375000000    130939.250000000000    -30745.951171875000    131676.625000000000    127278.335937500000    -0.401357769966    0.116247110069    0.000097860844    -0.000423265185    0.116160683334    0.035215921700    0.000000000000    0.000000000000    0.000000000000    0.000000000000    0.000000000000    0.000000000000
-0.000000144794    1.300326228142    -0.019041283056    -0.000039458850    131079.812500000000    131536.640625000000    10164.747070312500    131079.828125000000    131143.328125000000    -0.400760084391    0.114725396037    0.000098800265    -0.000423029065    0.115904152393    0.035126760602    0.000000000000    0.000000000000    0.000000000000    0.000000000000    0.000000000000    0.000000000000
-0.000000145908    1.300292253494    -0.019186949357    -0.000181708281    130490.335937500000    132121.484375000000    50269.277343750000    130490.335937500000    122184.648437500000    -0.401477962732    0.116553202271    0.000097671873    -0.000423312682    0.116212286055    0.035233855247    0.000000000000    0.000000000000    0.000000000000    0.000000000000    0.000000000000    0.000000000000
-0.000000147022    1.300215840340    -0.019331989810    -0.000307187496    129966.382812500000    132636.906250000000    85647.132812500000    129966.375000000000    101277.468750000000    -0.403449594975    0.121573120356    0.000094572853    -0.000424091617    0.117058552802    0.035527981818    0.000000000000    0.000000000000    0.000000000000    0.000000000000    0.000000000000    0.000000000000
-0.000000148136    1.300104260445    -0.019476508722    -0.000403624930    129560.656250000000    133033.250000000000    112838.734375000000    129560.648437500000    70464.703125000000    -0.406482607126    0.129295408726    0.000089805537    -0.000425289880    0.118360377848    0.035980444402    0.000000000000    0.000000000000    0.000000000000    0.000000000000    0.000000000000    0.000000000000
-0.000000149250    1.299968361855    -0.019620660692    -0.000461587362    129314.992187500000    133272.062500000000    129183.335937500000    129314.984375000000    32758.431640625000    -0.410288453102    0.138985425234    0.000083823448    -0.000426793471    0.119993932545    0.036548200995    0.000000000000    0.000000000000    0.000000000000    0.000000000000    0.000000000000    0.000000000000
-0.000000150363    1.299821138382    -0.019764643162    -0.000475403765    129256.093750000000    133329.187500000000    133079.687500000000    129256.078125000000    -8153.412109375000    -0.414496213198    0.149698659778    0.000077209676    -0.000428455853    0.121799983084    0.037175908685    0.000000000000    0.000000000000    0.000000000000    0.000000000000    0.000000000000    0.000000000000
-0.000000151477    1.299676775932    -0.019908668473    -0.000443722121    129392.585937500000    133196.734375000000    124143.812500000000    129392.578125000000    -48266.867187500000    -0.418703943491    0.160411909223    0.000070595903    -0.000430118205    0.123606033623    0.037803620100    0.000000000000    0.000000000000    0.000000000000    0.000000000000    0.000000000000    0.000000000000
-0.000000152591    1.299549102783    -0.020052947104    -0.000369644782    129713.953125000000    132883.796875000000    103248.171875000000    129713.945312500000    -83653.593750000000    -0.420991331339    0.170443683863    0.000064165972    -0.000430373824    0.125223860145    0.038342352957    0.000000000000    0.000000000000    0.000000000000    0.000000000000    0.000000000000    0.000000000000
-0.000000153705    1.299450516701    -0.020197676495    -0.000260427099    130191.187500000000    132416.250000000000    72437.656250000000    130191.187500000000    -110846.085937500000    -0.422632306814    0.178479254246    0.000058988098    -0.000430428016    0.126511260867    0.038768213242    0.000000000000    0.000000000000    0.000000000000    0.000000000000    0.000000000000    0.000000000000
-0.000000154819    1.299390435219    -0.020343003795    -0.000126768631    130779.460937500000    131835.281250000000    34730.214843750000    130779.460937500000    -127178.453125000000    -0.423699021339    0.183702856302    0.000055622189    -0.000430463231    0.127348154783    0.039045043290    0.000000000000    0.000000000000    0.000000000000    0.000000000000    0.000000000000    0.000000000000
-0.000000155933    1.299374461174    -0.020489022136    0.000018234516    131422.234375000000    131194.546875000000    -6178.802734375000    131422.250000000000    -131048.976562500000    -0.424089312553    0.185613915324    0.000054390755    -0.000430476124    0.127654328942    0.039146326482    0.000000000000    0.000000000000    0.000000000000    0.000000000000    0.000000000000    0.000000000000
-0.000000157046    1.299404025078    -0.020635757595    0.000160373558    132056.796875000000    130555.804687500000    -46279.433593750000    132056.812500000000    -122077.976562500000    -0.423767805099    0.184039562941    0.000055405220    -0.000430465501    0.127402096987    0.039062891155    0.000000000000    0.000000000000    0.000000000000    0.000000000000    0.000000000000    0.000000000000
-0.000000158160    1.299476027489    -0.020783165470    0.000285720656    132620.281250000000    129983.343750000000    -81641.171875000000    132620.312500000000    -101145.382812500000    -0.422771692276    0.179161787033    0.000058548303    -0.000430432614    0.126620605588    0.038804385811    0.000000000000    0.000000000000    0.000000000000    0.000000000000    0.000000000000    0.000000000000
-0.000000159274    1.299582958221    -0.020931135863    0.000381994731    133056.062500000000    129537.226562500000    -108799.171875000000    133056.093750000000    -70303.851562500000    -0.421201348305    0.171472012997    0.000063503343    -0.000430380751    0.125388607383    0.038396853954    0.000000000000    0.000000000000    0.000000000000    0.000000000000    0.000000000000    0.000000000000
-0.000000160388    1.299714326859    -0.021079497412    0.000439765077    133319.312500000000    129266.265625000000    -125094.125000000000    133319.343750000000    -32576.445312500000    -0.419214695692    0.161743775010    0.000069771908    -0.000430315151    0.123830012977    0.037881288677    0.000000000000    0.000000000000    0.000000000000    0.000000000000    0.000000000000    0.000000000000
-0.000000161502    1.299856901169    -0.021228043362    0.000453374116    133381.671875000000    129201.937500000000    -128932.414062500000    133381.703125000000    8340.812500000000    -0.415148824453    0.151360303164    0.000076183867    -0.000428713684    0.122080102563    0.037273269147    0.000000000000    0.000000000000    0.000000000000    0.000000000000    0.000000000000    0.000000000000
-0.000000162615    1.299996614456    -0.021376542747    0.000421489152    133234.203125000000    129354.000000000000    -119940.968750000000    133234.234375000000    48441.898437500000    -0.411075055599    0.140988141298    0.000082587081    -0.000427104242    0.120331555605    0.036665543914    0.000000000000    0.000000000000    0.000000000000    0.000000000000    0.000000000000    0.000000000000
-0.000000163729    1.300119638443    -0.021524764597    0.000347230205    132888.609375000000    129709.000000000000    -99002.265625000000    132888.640625000000    83803.187500000000    -0.407403171062    0.131639197469    0.000088358604    -0.000425653561    0.118755497038    0.036117773503    0.000000000000    0.000000000000    0.000000000000    0.000000000000    0.000000000000    0.000000000000
-0.000000164843    1.300213456154    -0.021672504023    0.000237862114    132376.265625000000    130231.812500000000    -68166.500000000000    132376.296875000000    110966.906250000000    -0.404507547617    0.124266736209    0.000092909962    -0.000424509606    0.117512643337    0.035685807467    0.000000000000    0.000000000000    0.000000000000    0.000000000000    0.000000000000    0.000000000000
-0.000000165957    1.300268769264    -0.021819602698    0.000104081999    131745.437500000000    130869.953125000000    -30450.167968750000    131745.453125000000    127278.171875000000    -0.402673304081    0.119596637785    0.000095793024    -0.000423784950    0.116725355387    0.035412177444    0.000000000000    0.000000000000    0.000000000000    0.000000000000    0.000000000000    0.000000000000
-0.000000167071    1.300279974937    -0.021965961903    -0.000041027561    131056.648437500000    131559.718750000000    10459.060546875000    131056.656250000000    131143.328125000000    -0.402089387178    0.118109896779    0.000096710857    -0.000423554244    0.116474717855    0.035325065255    0.000000000000    0.000000000000    0.000000000000    0.000000000000    0.000000000000    0.000000000000
-0.000000168184    1.300245642662    -0.022111549973    -0.000183277094    130376.953125000000    132233.343750000000    50562.191406250000    130376.953125000000    122184.804687500000    -0.402821004391    0.119972690940    0.000095560870    -0.000423843274    0.116788744926    0.035434208810    0.000000000000    0.000000000000    0.000000000000    0.000000000000    0.000000000000    0.000000000000
-0.000000169298    1.300168871880    -0.022256419063    -0.000308756542    129773.429687500000    132825.687500000000    85938.851562500000    129773.421875000000    101277.765625000000    -0.404799520969    0.125010102987    0.000092451046    -0.000424624945    0.117637962103    0.035729359835    0.000000000000    0.000000000000    0.000000000000    0.000000000000    0.000000000000    0.000000000000
-0.000000170412    1.300057172775    -0.022400686517    -0.000405194354    129306.546875000000    133280.250000000000    113129.585937500000    129306.539062500000    70465.101562500000    -0.407839387655    0.132749870420    0.000087672932    -0.000425825914    0.118942737579    0.036182850599    0.000000000000    0.000000000000    0.000000000000    0.000000000000    0.000000000000    0.000000000000
-0.000000171526    1.299921035767    -0.022544533014    -0.000463157281    129024.117187500000    133553.687500000000    129473.734375000000    129024.101562500000    32758.898437500000    -0.411648690701    0.142448633909    0.000081685444    -0.000427330873    0.120577767491    0.036751117557    0.000000000000    0.000000000000    0.000000000000    0.000000000000    0.000000000000    0.000000000000
-0.000000172640    1.299773216248    -0.022688182071    -0.000476974208    128956.437500000000    133619.015625000000    133370.078125000000    128956.421875000000    -8152.921875000000    -0.415873587132    0.153205603361    0.000075044678    -0.000429000007    0.122391186655    0.037381388247    0.000000000000    0.000000000000    0.000000000000    0.000000000000    0.000000000000    0.000000000000
-0.000000173753    1.299628376961    -0.022831879556    -0.000445293146    129113.023437500000    133467.718750000000    124434.687500000000    129113.015625000000    -48266.414062500000    -0.419686734676    0.164055258036    0.000068282468    -0.000430330751    0.124200344086    0.038003791124    0.000000000000    0.000000000000    0.000000000000    0.000000000000    0.000000000000    0.000000000000
-0.000000174867    1.299500346184    -0.022975873202    -0.000371216272    129481.390625000000    133110.375000000000    103539.937500000000    129481.382812500000    -83653.226562500000    -0.421751409769    0.174165710807    0.000061767612    -0.000430398912    0.125820174813    0.038539610803    0.000000000000    0.000000000000    0.000000000000    0.000000000000    0.000000000000    0.000000000000
-0.000000175981    1.299401402473    -0.023120380938    -0.000261998910    130027.929687500000    132576.546875000000    72730.671875000000    130027.929687500000    -110845.828125000000    -0.423397958279    0.182228595018    0.000056572146    -0.000430453278    0.127111956477    0.038966916502    0.000000000000    0.000000000000    0.000000000000    0.000000000000    0.000000000000    0.000000000000
-0.000000177095    1.299340844154    -0.023265572265    -0.000128340645    130701.007812500000    131913.062500000000    35024.699218750000    130701.007812500000    -127178.335937500000    -0.424470275640    0.187479481101    0.000053188647    -0.000430488697    0.127953216434    0.039245195687    0.000000000000    0.000000000000    0.000000000000    0.000000000000    0.000000000000    0.000000000000
-0.000000178209    1.299324393272    -0.023411555216    0.000016662452    131435.781250000000    131180.953125000000    -5882.771484375000    131435.796875000000    -131048.984375000000    -0.424867987633    0.189426958561    0.000051933763    -0.000430501823    0.128265231848    0.039348401129    0.000000000000    0.000000000000    0.000000000000    0.000000000000    0.000000000000    0.000000000000
-0.000000179322    1.299353599548    -0.023558355868    0.000158801573    132160.531250000000    130450.773437500000    -45981.921875000000    132160.546875000000    -122078.117187500000    -0.424553900957    0.187888994813    0.000052924770    -0.000430491462    0.128018826246    0.039266895503    0.000000000000    0.000000000000    0.000000000000    0.000000000000    0.000000000000    0.000000000000
-0.000000180436    1.299425005913    -0.023705925792    0.000284148846    132803.562500000000    129796.085937500000    -81342.398437500000    132803.593750000000    -101145.625000000000    -0.423565238714    0.183047622442    0.000056044391    -0.000430458807    0.127243176103    0.039010319859    0.000000000000    0.000000000000    0.000000000000    0.000000000000    0.000000000000    0.000000000000
-0.000000181550    1.299531579018    -0.023854134604    0.000380423182    133300.421875000000    129285.750000000000    -108499.453125000000    133300.453125000000    -70304.132812500000    -0.422000437975    0.175385147333    0.000060981842    -0.000430407148    0.126015543938    0.038604237139    0.000000000000    0.000000000000    0.000000000000    0.000000000000    0.000000000000    0.000000000000
-0.000000182664    1.299662590027    -0.024002792314    0.000438193849    133600.328125000000    128975.804687500000    -124793.875000000000    133600.359375000000    -32576.730468750000    -0.420019388199    0.165684223175    0.000067232817    -0.000430341723    0.124461323023    0.038090117276    0.000000000000    0.000000000000    0.000000000000    0.000000000000    0.000000000000    0.000000000000
-0.000000183778    1.299805045128    -0.024151660502    0.000451803178    133671.328125000000    128902.234375000000    -128632.101562500000    133671.359375000000    8340.551757812500    -0.416643023491    0.155164599419    0.000073835305    -0.000429303996    0.122721433640    0.037496168166    0.000000000000    0.000000000000    0.000000000000    0.000000000000    0.000000000000    0.000000000000
-0.000000184891    1.299944519997    -0.024300470948    0.000419918448    133503.656250000000    129075.898437500000    -119641.085937500000    133503.687500000000    48441.675781250000    -0.412572652102    0.144801184535    0.000080233112    -0.000427695923    0.120974361897    0.036888957024    0.000000000000    0.000000000000    0.000000000000    0.000000000000    0.000000000000    0.000000000000
-0.000000186005    1.300067186356    -0.024448970333    0.000345659733    133110.984375000000    129480.812500000000    -98703.257812500000    133111.015625000000    83803.023437500000    -0.408911079168    0.135478466749    0.000085988446    -0.000426249317    0.119402728975    0.036342721432    0.000000000000    0.000000000000    0.000000000000    0.000000000000    0.000000000000    0.000000000000
-0.000000187119    1.300160765648    -0.024596920237    0.000236291788    132529.296875000000    130076.132812500000    -67868.750000000000    132529.328125000000    110966.804687500000    -0.406022340059    0.128123506904    0.000090529007    -0.000425108039    0.118162818253    0.035911779851    0.000000000000    0.000000000000    0.000000000000    0.000000000000    0.000000000000    0.000000000000
-0.000000188233    1.300215840340    -0.024744141847    0.000102511738    131813.640625000000    130801.296875000000    -30153.935546875000    131813.656250000000    127278.125000000000    -0.404198408127    0.123479641974    0.000093395873    -0.000424387457    0.117379955947    0.035639688373    0.000000000000    0.000000000000    0.000000000000    0.000000000000    0.000000000000    0.000000000000
-0.000000189347    1.300226807594    -0.024890523404    -0.000042597800    131032.835937500000    131583.484375000000    10753.648437500000    131032.843750000000    131143.343750000000    -0.403621345758    0.122010394931    0.000094302901    -0.000424159487    0.117132268846    0.035553604364    0.000000000000    0.000000000000    0.000000000000    0.000000000000    0.000000000000    0.000000000000
-0.000000190460    1.300192236900    -0.025036036968    -0.000184847362    130262.945312500000    132345.703125000000    50855.171875000000    130262.945312500000    122184.859375000000    -0.404356420040    0.123881936073    0.000093147515    -0.000424449885    0.117447771132    0.035663258284    0.000000000000    0.000000000000    0.000000000000    0.000000000000    0.000000000000    0.000000000000
-0.000000191574    1.300115227699    -0.025180732831    -0.000310326897    129579.851562500000    133014.593750000000    86230.421875000000    129579.843750000000    101277.851562500000    -0.406345218420    0.128945589066    0.000090021495    -0.000425235601    0.118301406503    0.035959947854    0.000000000000    0.000000000000    0.000000000000    0.000000000000    0.000000000000    0.000000000000
-0.000000192688    1.300003051758    -0.025324748829    -0.000406764826    129051.804687500000    133526.984375000000    113420.078125000000    129051.796875000000    70465.218750000000    -0.409395396709    0.136711582541    0.000085227191    -0.000426440645    0.119610607624    0.036414973438    0.000000000000    0.000000000000    0.000000000000    0.000000000000    0.000000000000    0.000000000000
-0.000000193802    1.299866557121    -0.025468287989    -0.000464727898    128732.625000000000    133834.734375000000    129763.593750000000    128732.609375000000    32759.009765625000    -0.413218438625    0.146445333958    0.000079218102    -0.000427951018    0.121251530945    0.036985293031    0.000000000000    0.000000000000    0.000000000000    0.000000000000    0.000000000000    0.000000000000
-0.000000194916    1.299718737602    -0.025611603633    -0.000478544913    128656.187500000000    133908.218750000000    133659.828125000000    128656.171875000000    -8152.824218750000    -0.417443335056    0.157202303410    0.000072577335    -0.000429620181    0.123064957559    0.037615563720    0.000000000000    0.000000000000    0.000000000000    0.000000000000    0.000000000000    0.000000000000
-0.000000196029    1.299573659897    -0.025754975155    -0.000446863938    128832.867187500000    133738.234375000000    124724.828125000000    128832.859375000000    -48266.328125000000    -0.420537889004    0.168223202229    0.000065596774    -0.000430358836    0.124868102372    0.038224674761    0.000000000000    0.000000000000    0.000000000000    0.000000000000    0.000000000000    0.000000000000
-0.000000197143    1.299445271492    -0.025898680091    -0.000372787181    129248.226562500000    133336.875000000000    103831.000000000000    129248.218750000000    -83653.156250000000    -0.422608137131    0.178360968828    0.000059064329    -0.000430427201    0.126492306590    0.038761943579    0.000000000000    0.000000000000    0.000000000000    0.000000000000    0.000000000000    0.000000000000
-0.000000198257    1.299346089363    -0.026042966172    -0.000263569906    129864.054687500000    132737.156250000000    73023.062500000000    129864.054687500000    -110845.789062500000    -0.424258410931    0.186442047358    0.000053857140    -0.000430481712    0.127787008882    0.039190214127    0.000000000000    0.000000000000    0.000000000000    0.000000000000    0.000000000000    0.000000000000
-0.000000199371    1.299285411835    -0.026188021526    -0.000129911670    130621.937500000000    131991.421875000000    35318.707031250000    130621.937500000000    -127178.328125000000    -0.425334423780    0.191711127758    0.000050461909    -0.000430517248    0.128631189466    0.039469458163    0.000000000000    0.000000000000    0.000000000000    0.000000000000    0.000000000000    0.000000000000
-0.000000200485    1.299268841743    -0.026333965361    0.000015091438    131448.718750000000    131168.046875000000    -5587.000976562500    131448.734375000000    -131049.007812500000    -0.425733983517    0.193667709827    0.000049201160    -0.000430530432    0.128944650292    0.039573147893    0.000000000000    0.000000000000    0.000000000000    0.000000000000    0.000000000000    0.000000000000
-0.000000201598    1.299297571182    -0.026480829343    0.000157230621    132263.656250000000    130346.257812500000    -45684.421875000000    132263.671875000000    -122078.179687500000    -0.425425499678    0.192157045007    0.000050174578    -0.000430520246    0.128702625632    0.039493087679    0.000000000000    0.000000000000    0.000000000000    0.000000000000    0.000000000000    0.000000000000
-0.000000202712    1.299368619919    -0.026628557593    0.000282577996    132986.234375000000    129608.976562500000    -81043.375000000000    132986.265625000000    -101145.726562500000    -0.424442410469    0.187342971563    0.000053276606    -0.000430487766    0.127931341529    0.039237961173    0.000000000000    0.000000000000    0.000000000000    0.000000000000    0.000000000000    0.000000000000
-0.000000203826    1.299474954605    -0.026777008548    0.000378852506    133544.187500000000    129034.007812500000    -108199.273437500000    133544.218750000000    -70304.273437500000    -0.422883182764    0.179707810283    0.000058196467    -0.000430436281    0.126708090305    0.038833320141    0.000000000000    0.000000000000    0.000000000000    0.000000000000    0.000000000000    0.000000000000
-0.000000204940    1.299605727196    -0.026925960556    0.000436623348    133880.734375000000    128684.789062500000    -124493.039062500000    133880.765625000000    -32576.896484375000    -0.420905858278    0.170025065541    0.000064435713    -0.000430371001    0.125156790018    0.038320168853    0.000000000000    0.000000000000    0.000000000000    0.000000000000    0.000000000000    0.000000000000
-0.000000206054    1.299747586250    -0.027075145394    0.000450232852    133960.359375000000    128601.906250000000    -128331.148437500000    133960.390625000000    8340.378906250000    -0.418295204639    0.159371197224    0.000071238384    -0.000429956737    0.123430587351    0.037742640823    0.000000000000    0.000000000000    0.000000000000    0.000000000000    0.000000000000    0.000000000000
-0.000000207167    1.299886584282    -0.027224268764    0.000418348296    133772.468750000000    128797.351562500000    -119340.578125000000    133772.500000000000    48441.515625000000    -0.414242029190    0.149051502347    0.000077609206    -0.000428355415    0.121690884233    0.037137992680    0.000000000000    0.000000000000    0.000000000000    0.000000000000    0.000000000000    0.000000000000
-0.000000208281    1.300008893013    -0.027373041958    0.000344089727    133332.703125000000    129252.554687500000    -98403.734375000000    133332.734375000000    83802.898437500000    -0.410590738058    0.139755025506    0.000083348335    -0.000426912913    0.120123676956    0.036593295634    0.000000000000    0.000000000000    0.000000000000    0.000000000000    0.000000000000    0.000000000000
-0.000000209395    1.300102114677    -0.027521204203    0.000234721898    132681.656250000000    129920.773437500000    -67570.656250000000    132681.687500000000    110966.718750000000    -0.407712310553    0.132426291704    0.000087872701    -0.000425775710    0.118888191879    0.036163888872    0.000000000000    0.000000000000    0.000000000000    0.000000000000    0.000000000000    0.000000000000
-0.000000210509    1.300156831741    -0.027668550611    0.000100941921    131881.187500000000    130733.265625000000    -29857.566406250000    131881.203125000000    127278.101562500000    -0.405895233154    0.127799928188    0.000090728769    -0.000425057835    0.118108272552    0.035892821848    0.000000000000    0.000000000000    0.000000000000    0.000000000000    0.000000000000    0.000000000000
-0.000000211623    1.300167322159    -0.027814954519    -0.000044167617    131008.375000000000    131607.906250000000    11048.166015625000    131008.382812500000    131143.375000000000    -0.405331909657    0.126365661621    0.000091614202    -0.000424835278    0.117866478860    0.035808786750    0.000000000000    0.000000000000    0.000000000000    0.000000000000    0.000000000000    0.000000000000
-0.000000212736    1.300132393837    -0.027960387990    -0.000186417266    130148.289062500000    132458.531250000000    51147.886718750000    130148.289062500000    122184.945312500000    -0.406080722809    0.128272175789    0.000090437221    -0.000425131118    0.118187882006    0.035920493305    0.000000000000    0.000000000000    0.000000000000    0.000000000000    0.000000000000    0.000000000000
-0.000000213850    1.300055027008    -0.028104908764    -0.000311896933    129385.632812500000    133203.609375000000    86521.546875000000    129385.625000000000    101277.976562500000    -0.408076405525    0.133353322744    0.000087300403    -0.000425919541    0.119044467807    0.036218207330    0.000000000000    0.000000000000    0.000000000000    0.000000000000    0.000000000000    0.000000000000
-0.000000214964    1.299942612648    -0.028248671442    -0.000408335007    128796.429687500000    133773.390625000000    113709.992187500000    128796.421875000000    70465.351562500000    -0.411136895418    0.141145557165    0.000082489896    -0.000427128660    0.120358094573    0.036674767733    0.000000000000    0.000000000000    0.000000000000    0.000000000000    0.000000000000    0.000000000000
-0.000000216078    1.299805879593    -0.028391903266    -0.000466298225    128440.492187500000    134115.203125000000    130052.796875000000    128440.476562500000    32759.156250000000    -0.414963334799    0.150888055563    0.000076475415    -0.000428640400    0.122000493109    0.037245597690    0.000000000000    0.000000000000    0.000000000000    0.000000000000    0.000000000000    0.000000000000
-0.000000217192    1.299657464027    -0.028534885496    -0.000480115385    128355.289062500000    134196.734375000000    133948.890625000000    128355.273437500000    -8152.687500000000    -0.419203549623    0.161689177155    0.000069807094    -0.000430314802    0.123821265996    0.037878394127    0.000000000000    0.000000000000    0.000000000000    0.000000000000    0.000000000000    0.000000000000
-0.000000218306    1.299512028694    -0.028677931055    -0.000448434555    128552.062500000000    134008.250000000000    125014.351562500000    128552.054687500000    -48266.222656250000    -0.421498686075    0.172928065062    0.000062565116    -0.000430390588    0.125621885061    0.038474019617    0.000000000000    0.000000000000    0.000000000000    0.000000000000    0.000000000000    0.000000000000
-0.000000219419    1.299383401871    -0.028821349144    -0.000374357827    129014.414062500000    133563.187500000000    104121.523437500000    129014.406250000000    -83653.085937500000    -0.423572659492    0.183084025979    0.000056020934    -0.000430459069    0.127249002457    0.039012249559    0.000000000000    0.000000000000    0.000000000000    0.000000000000    0.000000000000    0.000000000000
-0.000000220533    1.299283742905    -0.028965406120    -0.000265140610    129699.531250000000    132897.968750000000    73315.046875000000    129699.531250000000    -110845.757812500000    -0.425230354071    0.191201508045    0.000050790291    -0.000430513814    0.128549531102    0.039442449808    0.000000000000    0.000000000000    0.000000000000    0.000000000000    0.000000000000    0.000000000000
-0.000000221647    1.299222588539    -0.029110323638    -0.000131482389    130542.218750000000    132070.328125000000    35612.484375000000    130542.218750000000    -127178.328125000000    -0.426311969757    0.196497887373    0.000047377471    -0.000430549524    0.129398092628    0.039723139256    0.000000000000    0.000000000000    0.000000000000    0.000000000000    0.000000000000    0.000000000000
