wc / wrf: 0.935595
 t  x  y  z vpar vper vx vy vz re(e1)  im(e1)  re(e2)  im(e2)  re(e3)  im(e3)  re(b1)  im(b1)  re(b2)  im(b2)  re(b3)  im(b3)
-0.000000000000    1.299606919289    -0.000029250361    -0.000249445380    131308.484375000000    131308.312500000000    70356.507812500000    131308.484375000000    -110868.570312500000    -0.420201510191    0.166576057673    0.000066658155    -0.000430347747    0.124604210258    0.038137383759    0.000000000000    0.000000000000    0.000000000000    0.000000000000    0.000000000000    0.000000000000
-0.000000001114    1.299549221992    -0.000175503475    -0.000115771298    131311.484375000000    131305.296875000000    32640.062500000000    131311.500000000000    -127183.773437500000    -0.421231061220    0.171617627144    0.000063409519    -0.000430381740    0.125411927700    0.038404569030    0.000000000000    0.000000000000    0.000000000000    0.000000000000    0.000000000000    0.000000000000
-0.000000002228    1.299535632133    -0.000321762607    0.000029227893    131319.328125000000    131297.468750000000    -8272.899414062500    131319.343750000000    -131036.585937500000    -0.421584159136    0.173346683383    0.000062295367    -0.000430393411    0.125688955188    0.038496203721    0.000000000000    0.000000000000    0.000000000000    0.000000000000    0.000000000000    0.000000000000
-0.000000003341    1.299567461014    -0.000468032988    0.000171343767    131331.484375000000    131285.312500000000    -48372.019531250000    131331.500000000000    -122049.101562500000    -0.421227365732    0.171599417925    0.000063421248    -0.000430381624    0.125409021974    0.038403604180    0.000000000000    0.000000000000    0.000000000000    0.000000000000    0.000000000000    0.000000000000
-0.000000004455    1.299641489983    -0.000614318531    0.000296650716    131346.125000000000    131270.656250000000    -83726.937500000000    131346.156250000000    -101102.835937500000    -0.420197784901    0.166557848454    0.000066669876    -0.000430347631    0.124601289630    0.038136418909    0.000000000000    0.000000000000    0.000000000000    0.000000000000    0.000000000000    0.000000000000
-0.000000005569    1.299750804901    -0.000760620518    0.000392871647    131360.390625000000    131256.390625000000    -110873.453125000000    131360.421875000000    -70251.789062500000    -0.418075352907    0.158811479807    0.000071583920    -0.000429869891    0.123336233199    0.037709847093    0.000000000000    0.000000000000    0.000000000000    0.000000000000    0.000000000000    0.000000000000
-0.000000006683    1.299884557724    -0.000906936475    0.000450581050    131370.718750000000    131246.046875000000    -127153.351562500000    131370.750000000000    -32519.953125000000    -0.414334774017    0.149287626147    0.000077463432    -0.000428392057    0.121730692685    0.037151828408    0.000000000000    0.000000000000    0.000000000000    0.000000000000    0.000000000000    0.000000000000
-0.000000007797    1.300029397011    -0.001053260174    0.000464127224    131373.468750000000    131243.281250000000    -130974.421875000000    131373.500000000000    8396.201171875000    -0.410192281008    0.138740539551    0.000083974621    -0.000426755490    0.119952648878    0.036533854902    0.000000000000    0.000000000000    0.000000000000    0.000000000000    0.000000000000    0.000000000000
-0.000000008910    1.300171375275    -0.001199581195    0.000432183704    131365.546875000000    131251.218750000000    -121965.257812500000    131365.578125000000    48490.757812500000    -0.406053245068    0.128202214837    0.000090480411    -0.000425120263    0.118176087737    0.035916391760    0.000000000000    0.000000000000    0.000000000000    0.000000000000    0.000000000000    0.000000000000
-0.000000010024    1.300296664238    -0.001345886383    0.000357876270    131344.921875000000    131271.828125000000    -101010.015625000000    131344.953125000000    83840.734375000000    -0.402316093445    0.118687108159    0.000096354517    -0.000423643796    0.116572022438    0.035358883440    0.000000000000    0.000000000000    0.000000000000    0.000000000000    0.000000000000    0.000000000000
-0.000000011138    1.300392866135    -0.001492161187    0.000248474418    131311.156250000000    131305.578125000000    -70160.492187500000    131311.187500000000    110989.460937500000    -0.399351775646    0.111139729619    0.000101013851    -0.000422472687    0.115299679339    0.034916669130    0.000000000000    0.000000000000    0.000000000000    0.000000000000    0.000000000000    0.000000000000
-0.000000012252    1.300450563431    -0.001638391754    0.000114678616    131265.718750000000    131351.015625000000    -32434.478515625000    131265.734375000000    127283.523437500000    -0.397448837757    0.106294721365    0.000104004896    -0.000421720877    0.114482901990    0.034632790834    0.000000000000    0.000000000000    0.000000000000    0.000000000000    0.000000000000    0.000000000000
-0.000000013366    1.300464034081    -0.001784566557    -0.000030426994    131211.859375000000    131404.796875000000    8479.408203125000    131211.875000000000    131130.953125000000    -0.396799653769    0.104641824961    0.000105025312    -0.000421464414    0.114204257727    0.034535944462    0.000000000000    0.000000000000    0.000000000000    0.000000000000    0.000000000000    0.000000000000
-0.000000014479    1.300431847572    -0.001930678845    -0.000172653352    131154.609375000000    131461.953125000000    48581.730468750000    131154.625000000000    122155.898437500000    -0.397466033697    0.106338456273    0.000103977902    -0.000421727658    0.114490270615    0.034635353833    0.000000000000    0.000000000000    0.000000000000    0.000000000000    0.000000000000    0.000000000000
-0.000000015593    1.300357460976    -0.002076728269    -0.000298092666    131100.187500000000    131516.234375000000    83952.187500000000    131100.187500000000    101235.156250000000    -0.399379253387    0.111209698021    0.000100970661    -0.000422483543    0.115311473608    0.034920770675    0.000000000000    0.000000000000    0.000000000000    0.000000000000    0.000000000000    0.000000000000
-0.000000016707    1.300247907639    -0.002222721931    -0.000394477247    131055.351562500000    131560.921875000000    111131.882812500000    131055.343750000000    70412.968750000000    -0.402357310057    0.118792049587    0.000096289732    -0.000423660094    0.116589717567    0.035365033895    0.000000000000    0.000000000000    0.000000000000    0.000000000000    0.000000000000    0.000000000000
-0.000000017821    1.300113916397    -0.002368674148    -0.000452379143    131026.632812500000    131589.515625000000    127461.234375000000    131026.625000000000    32702.322265625000    -0.406104773283    0.128333389759    0.000090399430    -0.000425140606    0.118198201060    0.035924080759    0.000000000000    0.000000000000    0.000000000000    0.000000000000    0.000000000000    0.000000000000
-0.000000018935    1.299968481064    -0.002514605876    -0.000466133119    131019.468750000000    131596.640625000000    131340.421875000000    131019.453125000000    -8208.401367187500    -0.410260975361    0.138915449381    0.000083866638    -0.000426782615    0.119982138276    0.036544103175    0.000000000000    0.000000000000    0.000000000000    0.000000000000    0.000000000000    0.000000000000
-0.000000020048    1.299826025963    -0.002660543192    -0.000434393383    131037.406250000000    131578.781250000000    122387.132812500000    131037.398437500000    -48315.359375000000    -0.414417207241    0.149497509003    0.000077333854    -0.000428424624    0.121766075492    0.037164125592    0.000000000000    0.000000000000    0.000000000000    0.000000000000    0.000000000000    0.000000000000
-0.000000021162    1.299700379372    -0.002806515200    -0.000360267906    131081.484375000000    131534.875000000000    101475.476562500000    131081.484375000000    -83690.835937500000    -0.418164670467    0.159038856626    0.000071443545    -0.000429905165    0.123374566436    0.037723168731    0.000000000000    0.000000000000    0.000000000000    0.000000000000    0.000000000000    0.000000000000
-0.000000022276    1.299603700638    -0.002952550305    -0.000251016754    131149.859375000000    131466.703125000000    70651.906250000000    131149.859375000000    -110868.429687500000    -0.420251697302    0.166821748018    0.000066499822    -0.000430349406    0.124643571675    0.038150403649    0.000000000000    0.000000000000    0.000000000000    0.000000000000    0.000000000000    0.000000000000
-0.000000023390    1.299545526505    -0.003098672954    -0.000117342759    131237.703125000000    131379.015625000000    32935.597656250000    131237.718750000000    -127183.710937500000    -0.421286821365    0.171890631318    0.000063233601    -0.000430383574    0.125455677509    0.038419038057    0.000000000000    0.000000000000    0.000000000000    0.000000000000    0.000000000000    0.000000000000
-0.000000024504    1.299531459808    -0.003244901076    0.000027656401    131337.562500000000    131279.187500000000    -7977.236328125000    131337.578125000000    -131036.601562500000    -0.421647340059    0.173656105995    0.000062095998    -0.000430395477    0.125738531351    0.038512602448    0.000000000000    0.000000000000    0.000000000000    0.000000000000    0.000000000000    0.000000000000
-0.000000025617    1.299563050270    -0.003391242819    0.000169772335    131439.937500000000    131176.718750000000    -48076.250000000000    131439.953125000000    -122049.195312500000    -0.421296119690    0.171936124563    0.000063204279    -0.000430383894    0.125462964177    0.038421448320    0.000000000000    0.000000000000    0.000000000000    0.000000000000    0.000000000000    0.000000000000
-0.000000026731    1.299636840820    -0.003537695156    0.000295079430    131534.093750000000    131082.281250000000    -83431.093750000000    131534.125000000000    -101103.000000000000    -0.420270264149    0.166912764311    0.000066441185    -0.000430350017    0.124658152461    0.038155227900    0.000000000000    0.000000000000    0.000000000000    0.000000000000    0.000000000000    0.000000000000
-0.000000027845    1.299745798111    -0.003684242256    0.000391300564    131609.421875000000    131006.656250000000    -110577.570312500000    131609.453125000000    -70251.992187500000    -0.418216198683    0.159170046449    0.000071362563    -0.000429925509    0.123396679759    0.037730857730    0.000000000000    0.000000000000    0.000000000000    0.000000000000    0.000000000000    0.000000000000
-0.000000028959    1.299879193306    -0.003830858506    0.000449010200    131656.390625000000    130959.484375000000    -126857.476562500000    131656.421875000000    -32520.187500000000    -0.414485901594    0.149672418833    0.000077225872    -0.000428451778    0.121795557439    0.037174373865    0.000000000000    0.000000000000    0.000000000000    0.000000000000    0.000000000000    0.000000000000
-0.000000030073    1.300024032593    -0.003977507818    0.000462556636    131667.734375000000    130948.054687500000    -130678.601562500000    131667.765625000000    8395.961914062500    -0.410346865654    0.139134094119    0.000083731662    -0.000426816550    0.120018996298    0.036556910723    0.000000000000    0.000000000000    0.000000000000    0.000000000000    0.000000000000    0.000000000000
-0.000000031187    1.300165891647    -0.004124147817    0.000430613378    131639.562500000000    130976.398437500000    -121669.562500000000    131639.593750000000    48490.523437500000    -0.406207829714    0.128595769405    0.000090237460    -0.000425181322    0.118242435157    0.035939451307    0.000000000000    0.000000000000    0.000000000000    0.000000000000    0.000000000000    0.000000000000
-0.000000032300    1.300290703773    -0.004270734265    0.000356306147    131571.828125000000    131044.445312500000    -100714.500000000000    131571.859375000000    83840.531250000000    -0.402484387159    0.119115635753    0.000096089971    -0.000423710298    0.116644263268    0.035383991897    0.000000000000    0.000000000000    0.000000000000    0.000000000000    0.000000000000    0.000000000000
-0.000000033414    1.300386428833    -0.004417225253    0.000246904528    131468.703125000000    131147.906250000000    -69865.187500000000    131468.734375000000    110989.320312500000    -0.399533838034    0.111603245139    0.000100727710    -0.000422544603    0.115377821028    0.034943826497    0.000000000000    0.000000000000    0.000000000000    0.000000000000    0.000000000000    0.000000000000
-0.000000034528    1.300443530083    -0.004563585389    0.000113108843    131338.406250000000    131278.421875000000    -32139.406250000000    131338.421875000000    127283.468750000000    -0.397648066282    0.106801964343    0.000103691760    -0.000421799603    0.114568412304    0.034662511200    0.000000000000    0.000000000000    0.000000000000    0.000000000000    0.000000000000    0.000000000000
-0.000000035642    1.300456643105    -0.004709790461    -0.000031996751    131192.500000000000    131424.187500000000    8774.251953125000    131192.515625000000    131130.984375000000    -0.397009193897    0.105175301433    0.000104695973    -0.000421547185    0.114294186234    0.034567203373    0.000000000000    0.000000000000    0.000000000000    0.000000000000    0.000000000000    0.000000000000
-0.000000036756    1.300424337387    -0.004855831154    -0.000174223213    131045.070312500000    131571.234375000000    48876.367187500000    131045.070312500000    122156.015625000000    -0.397682428360    0.106889419258    0.000103637765    -0.000421813165    0.114583157003    0.034667637199    0.000000000000    0.000000000000    0.000000000000    0.000000000000    0.000000000000    0.000000000000
-0.000000037869    1.300349712372    -0.005001713056    -0.000299662701    130911.085937500000    131704.531250000000    84246.648437500000    130911.078125000000    101235.343750000000    -0.399602532387    0.111778154969    0.000100619727    -0.000422571757    0.115407302976    0.034954078496    0.000000000000    0.000000000000    0.000000000000    0.000000000000    0.000000000000    0.000000000000
-0.000000038983    1.300239801407    -0.005147459917    -0.000396047573    130805.109375000000    131809.796875000000    111426.250000000000    130805.101562500000    70413.210937500000    -0.402587443590    0.119378000498    0.000095928001    -0.000423751015    0.116688497365    0.035399366170    0.000000000000    0.000000000000    0.000000000000    0.000000000000    0.000000000000    0.000000000000
-0.000000040097    1.300105452538    -0.005293110851    -0.000453949760    130739.664062500000    131874.718750000000    127755.578125000000    130739.656250000000    32702.605468750000    -0.406345218420    0.128945589066    0.000090021495    -0.000425235601    0.118301406503    0.035959947854    0.000000000000    0.000000000000    0.000000000000    0.000000000000    0.000000000000    0.000000000000
-0.000000041211    1.299960017204    -0.005438716151    -0.000467704085    130723.781250000000    131890.468750000000    131634.843750000000    130723.765625000000    -8208.106445312500    -0.410504877567    0.139536380768    0.000083483312    -0.000426878978    0.120086818933    0.036580484360    0.000000000000    0.000000000000    0.000000000000    0.000000000000    0.000000000000    0.000000000000
-0.000000042325    1.299817204475    -0.005584333092    -0.000435964670    130761.859375000000    131852.718750000000    122681.710937500000    130761.851562500000    -48315.070312500000    -0.414667934179    0.150135934353    0.000076939730    -0.000428523694    0.121873699129    0.037201531231    0.000000000000    0.000000000000    0.000000000000    0.000000000000    0.000000000000    0.000000000000
-0.000000043438    1.299691200256    -0.005730021745    -0.000361839484    130852.976562500000    131762.296875000000    101770.304687500000    130852.968750000000    -83690.593750000000    -0.418425709009    0.159703522921    0.000071033224    -0.000430008309    0.123486615717    0.037762112916    0.000000000000    0.000000000000    0.000000000000    0.000000000000    0.000000000000    0.000000000000
-0.000000044552    1.299594283104    -0.005875838455    -0.000252588565    130990.679687500000    131625.406250000000    70947.039062500000    130990.679687500000    -110868.257812500000    -0.420396655798    0.167531579733    0.000066042434    -0.000430354179    0.124757297337    0.038188021630    0.000000000000    0.000000000000    0.000000000000    0.000000000000    0.000000000000    0.000000000000
-0.000000045666    1.299535751343    -0.006021829322    -0.000118914722    131163.359375000000    131453.312500000000    33231.082031250000    131163.375000000000    -127183.617187500000    -0.421437352896    0.172627761960    0.000062758620    -0.000430388551    0.125573769212    0.038458101451    0.000000000000    0.000000000000    0.000000000000    0.000000000000    0.000000000000    0.000000000000
-0.000000046780    1.299521446228    -0.006168025546    0.000026084395    131355.250000000000    131261.562500000000    -7681.398437500000    131355.265625000000    -131036.625000000000    -0.421803474426    0.174420520663    0.000061603423    -0.000430400629    0.125860989094    0.038553114980    0.000000000000    0.000000000000    0.000000000000    0.000000000000    0.000000000000    0.000000000000
-0.000000047894    1.299552440643    -0.006314437371    0.000168200422    131547.796875000000    131068.601562500000    -47780.093750000000    131547.812500000000    -122049.343750000000    -0.421459645033    0.172736972570    0.000062688254    -0.000430389278    0.125591263175    0.038463890553    0.000000000000    0.000000000000    0.000000000000    0.000000000000    0.000000000000    0.000000000000
-0.000000049007    1.299625873566    -0.006461055018    0.000293507735    131721.484375000000    130894.023437500000    -83134.687500000000    131721.515625000000    -101103.250000000000    -0.420439392328    0.167740881443    0.000065907567    -0.000430355605    0.124790832400    0.038199115545    0.000000000000    0.000000000000    0.000000000000    0.000000000000    0.000000000000    0.000000000000
-0.000000050121    1.299734473228    -0.006607847288    0.000389729219    131857.859375000000    130756.617187500000    -110281.007812500000    131857.890625000000    -70252.335937500000    -0.418542504311    0.160000860691    0.000070849659    -0.000430054439    0.123536735773    0.037779536098    0.000000000000    0.000000000000    0.000000000000    0.000000000000    0.000000000000    0.000000000000
-0.000000051235    1.299867391586    -0.006754762959    0.000447439263    131941.421875000000    130672.281250000000    -126560.867187500000    131941.453125000000    -32520.595703125000    -0.414822518826    0.150529488921    0.000076696771    -0.000428584754    0.121940046549    0.037224590778    0.000000000000    0.000000000000    0.000000000000    0.000000000000    0.000000000000    0.000000000000
-0.000000052349    1.300011634827    -0.006901737303    0.000460986164    131961.375000000000    130652.148437500000    -130382.109375000000    131961.406250000000    8395.533203125000    -0.410700649023    0.140034884214    0.000083175568    -0.000426956336    0.120170854032    0.036609690636    0.000000000000    0.000000000000    0.000000000000    0.000000000000    0.000000000000    0.000000000000
-0.000000053463    1.300152897835    -0.007048695348    0.000429043372    131912.906250000000    130701.062500000000    -121373.273437500000    131912.937500000000    48490.128906250000    -0.406578779221    0.129540279508    0.000089654364    -0.000425327889    0.118401661515    0.035994794220    0.000000000000    0.000000000000    0.000000000000    0.000000000000    0.000000000000    0.000000000000
-0.000000054576    1.300277471542    -0.007195562590    0.000354736578    131798.015625000000    130816.906250000000    -100418.523437500000    131798.046875000000    83840.210937500000    -0.402862250805    0.120077639818    0.000095496085    -0.000423859572    0.116806440055    0.035440359265    0.000000000000    0.000000000000    0.000000000000    0.000000000000    0.000000000000    0.000000000000
-0.000000055690    1.300372958183    -0.007342269178    0.000245335250    131625.468750000000    130990.492187500000    -69569.593750000000    131625.500000000000    110989.093750000000    -0.399918526411    0.112582743168    0.000100123019    -0.000422696583    0.115542940795    0.035001218319    0.000000000000    0.000000000000    0.000000000000    0.000000000000    0.000000000000    0.000000000000
-0.000000056804    1.300429940224    -0.007488757372    0.000111539754    131410.296875000000    131206.343750000000    -31844.255859375000    131410.312500000000    127283.343750000000    -0.398039638996    0.107798948884    0.000103076272    -0.000421954290    0.114736482501    0.034720927477    0.000000000000    0.000000000000    0.000000000000    0.000000000000    0.000000000000    0.000000000000
-0.000000057918    1.300442814827    -0.007634990849    -0.000033565775    131172.390625000000    131444.203125000000    9068.952148437500    131172.406250000000    131130.984375000000    -0.397407621145    0.106189779937    0.000104069688    -0.000421704608    0.114465206861    0.034626644105    0.000000000000    0.000000000000    0.000000000000    0.000000000000    0.000000000000    0.000000000000
-0.000000059032    1.300410032272    -0.007780957501    -0.000175792287    130934.742187500000    131680.937500000000    49170.652343750000    130934.742187500000    122156.132812500000    -0.398091167212    0.107930138707    0.000102995284    -0.000421974662    0.114758603275    0.034728612751    0.000000000000    0.000000000000    0.000000000000    0.000000000000    0.000000000000    0.000000000000
-0.000000060145    1.300335049629    -0.007926670834    -0.000301231979    130721.195312500000    131892.921875000000    84540.601562500000    130721.187500000000    101235.562500000000    -0.400021582842    0.112845107913    0.000099961049    -0.000422737299    0.115587174892    0.035016592592    0.000000000000    0.000000000000    0.000000000000    0.000000000000    0.000000000000    0.000000000000
-0.000000061259    1.300224900246    -0.008072169498    -0.000397617114    130554.078125000000    132058.359375000000    111719.984375000000    130554.070312500000    70413.515625000000    -0.403016805649    0.120471186936    0.000095253126    -0.000423920632    0.116872787476    0.035463418812    0.000000000000    0.000000000000    0.000000000000    0.000000000000    0.000000000000    0.000000000000
-0.000000062373    1.300090312958    -0.008217518218    -0.000455519650    130451.890625000000    132159.296875000000    128049.226562500000    130451.882812500000    32702.957031250000    -0.406781435013    0.130056262016    0.000089335823    -0.000425407954    0.118488647044    0.036025024951    0.000000000000    0.000000000000    0.000000000000    0.000000000000    0.000000000000    0.000000000000
-0.000000063487    1.299944281578    -0.008362794295    -0.000469274353    130427.273437500000    132183.578125000000    131928.546875000000    130427.257812500000    -8207.740234375000    -0.410954833031    0.140682041645    0.000082776045    -0.000427056744    0.120279952884    0.036647610366    0.000000000000    0.000000000000    0.000000000000    0.000000000000    0.000000000000    0.000000000000
-0.000000064601    1.299801230431    -0.008508088998    -0.000437535346    130485.484375000000    132126.125000000000    122975.640625000000    130485.476562500000    -48314.734375000000    -0.415128231049    0.151307836175    0.000076216260    -0.000428705534    0.122071258724    0.037270195782    0.000000000000    0.000000000000    0.000000000000    0.000000000000    0.000000000000    0.000000000000
-0.000000065714    1.299674749374    -0.008653494529    -0.000363410509    130623.640625000000    131989.531250000000    102064.578125000000    130623.632812500000    -83690.312500000000    -0.418896287680    0.160901650786    0.000070293558    -0.000430194195    0.123688593507    0.037832316011    0.000000000000    0.000000000000    0.000000000000    0.000000000000    0.000000000000    0.000000000000
-0.000000066828    1.299577355385    -0.008799094707    -0.000254159822    130830.671875000000    131784.328125000000    71241.757812500000    130830.671875000000    -110868.054687500000    -0.420658677816    0.168814718723    0.000065215616    -0.000430362852    0.124962873757    0.038256026804    0.000000000000    0.000000000000    0.000000000000    0.000000000000    0.000000000000    0.000000000000
-0.000000067942    1.299518465996    -0.008944954723    -0.000120486147    131088.203125000000    131528.171875000000    33526.312500000000    131088.218750000000    -127183.523437500000    -0.421706825495    0.173947304487    0.000061908351    -0.000430397457    0.125785186887    0.038528032601    0.000000000000    0.000000000000    0.000000000000    0.000000000000    0.000000000000    0.000000000000
-0.000000069056    1.299503803253    -0.009091118351    0.000024512925    131372.125000000000    131244.593750000000    -7385.630859375000    131372.140625000000    -131036.625000000000    -0.422076642513    0.175758272409    0.000060741422    -0.000430409651    0.126075327396    0.038624010980    0.000000000000    0.000000000000    0.000000000000    0.000000000000    0.000000000000    0.000000000000
-0.000000070170    1.299534678459    -0.009237599559    0.000166628990    131654.875000000000    130960.960937500000    -47483.820312500000    131654.890625000000    -122049.421875000000    -0.421736568213    0.174092918634    0.000061814528    -0.000430398417    0.125808507204    0.038535751402    0.000000000000    0.000000000000    0.000000000000    0.000000000000    0.000000000000    0.000000000000
-0.000000071283    1.299607872963    -0.009384382516    0.000291936449    131908.078125000000    130705.898437500000    -82837.984375000000    131908.109375000000    -101103.406250000000    -0.420720010996    0.169115036726    0.000065022105    -0.000430364860    0.125010982156    0.038271941245    0.000000000000    0.000000000000    0.000000000000    0.000000000000    0.000000000000    0.000000000000
-0.000000072397    1.299716114998    -0.009531418793    0.000388158165    132105.531250000000    130506.328125000000    -109983.992187500000    132105.562500000000    -70252.546875000000    -0.419068038464    0.161338925362    0.000070023612    -0.000430262065    0.123762309551    0.037857934833    0.000000000000    0.000000000000    0.000000000000    0.000000000000    0.000000000000    0.000000000000
-0.000000073511    1.299848794937    -0.009678633884    0.000445868471    132225.734375000000    130384.562500000000    -126263.710937500000    132225.765625000000    -32520.835937500000    -0.415358364582    0.151893779635    0.000075854528    -0.000428796455    0.122170038521    0.037304528058    0.000000000000    0.000000000000    0.000000000000    0.000000000000    0.000000000000    0.000000000000
-0.000000074625    1.299992680550    -0.009825931862    0.000459415663    132254.265625000000    130355.601562500000    -130084.968750000000    132254.296875000000    8395.286132812500    -0.411243379116    0.141416668892    0.000082322527    -0.000427170744    0.120403796434    0.036690652370    0.000000000000    0.000000000000    0.000000000000    0.000000000000    0.000000000000    0.000000000000
-0.000000075739    1.300133705139    -0.009973207489    0.000427473133    132185.546875000000    130425.273437500000    -121076.335937500000    132185.578125000000    48489.898437500000    -0.407131791115    0.130948305130    0.000088785127    -0.000425546372    0.118639029562    0.036077290773    0.000000000000    0.000000000000    0.000000000000    0.000000000000    0.000000000000    0.000000000000
-0.000000076852    1.300257921219    -0.010120353661    0.000353166542    132023.515625000000    130589.281250000000    -100121.968750000000    132023.546875000000    83840.023437500000    -0.403425544500    0.121511906385    0.000094610645    -0.000424082129    0.117048233747    0.035524394363    0.000000000000    0.000000000000    0.000000000000    0.000000000000    0.000000000000    0.000000000000
-0.000000077966    1.300352931023    -0.010267274454    0.000243765389    131781.578125000000    130833.398437500000    -69273.562500000000    131781.609375000000    110988.968750000000    -0.400495588779    0.114051982760    0.000099215991    -0.000422924582    0.115790627897    0.035087306052    0.000000000000    0.000000000000    0.000000000000    0.000000000000    0.000000000000    0.000000000000
-0.000000079080    1.300409436226    -0.010413889773    0.000109969980    131481.562500000000    131134.906250000000    -31548.824218750000    131481.578125000000    127283.289062500000    -0.398627012968    0.109294429421    0.000102153048    -0.000422186335    0.114988595247    0.034808550030    0.000000000000    0.000000000000    0.000000000000    0.000000000000    0.000000000000    0.000000000000
-0.000000080194    1.300421833992    -0.010560152121    -0.000035135523    131151.625000000000    131464.859375000000    9363.750000000000    131151.640625000000    131130.984375000000    -0.398008733988    0.107720240951    0.000103124868    -0.000421942095    0.114723220468    0.034716315567    0.000000000000    0.000000000000    0.000000000000    0.000000000000    0.000000000000    0.000000000000
-0.000000081308    1.300388813019    -0.010706044734    -0.000177362061    130823.773437500000    131791.140625000000    49464.843750000000    130823.773437500000    122156.203125000000    -0.398702591658    0.109486833215    0.000102034268    -0.000422216195    0.115021035075    0.034819822758    0.000000000000    0.000000000000    0.000000000000    0.000000000000    0.000000000000    0.000000000000
-0.000000082421    1.300313472748    -0.010851589032    -0.000302801840    130530.664062500000    132081.453125000000    84834.265625000000    130530.656250000000    101235.687500000000    -0.400643289089    0.114428043365    0.000098983830    -0.000422982936    0.115854024887    0.035109337419    0.000000000000    0.000000000000    0.000000000000    0.000000000000    0.000000000000    0.000000000000
-0.000000083535    1.300202965736    -0.010996839963    -0.000399187149    130302.406250000000    132306.640625000000    112013.257812500000    130302.398437500000    70413.671875000000    -0.403645396233    0.122071608901    0.000094265110    -0.000424168975    0.117142587900    0.035557188094    0.000000000000    0.000000000000    0.000000000000    0.000000000000    0.000000000000    0.000000000000
-0.000000084649    1.300068020821    -0.011141884141    -0.000457089889    130163.492187500000    132443.312500000000    128342.296875000000    130163.484375000000    32703.128906250000    -0.407420337200    0.131682917476    0.000088331610    -0.000425660372    0.118762873113    0.036120332778    0.000000000000    0.000000000000    0.000000000000    0.000000000000    0.000000000000    0.000000000000
-0.000000085763    1.299921870232    -0.011286831461    -0.000470844796    130130.156250000000    132476.093750000000    132221.625000000000    130130.140625000000    -8207.581054687500    -0.411600589752    0.142326205969    0.000081761034    -0.000427311868    0.120557129383    0.036743942648    0.000000000000    0.000000000000    0.000000000000    0.000000000000    0.000000000000    0.000000000000
-0.000000086877    1.299778342247    -0.011431803927    -0.000439105934    130208.500000000000    132399.093750000000    123268.914062500000    130208.492187500000    -48314.601562500000    -0.415784299374    0.152978226542    0.000075185053    -0.000428964733    0.122352853417    0.037368066609    0.000000000000    0.000000000000    0.000000000000    0.000000000000    0.000000000000    0.000000000000
-0.000000087990    1.299651741982    -0.011576924473    -0.000364981242    130393.703125000000    132216.703125000000    102358.250000000000    130393.695312500000    -83690.218750000000    -0.419394969940    0.162626504898    0.000069203110    -0.000430321117    0.123971439898    0.037928070873    0.000000000000    0.000000000000    0.000000000000    0.000000000000    0.000000000000    0.000000000000
-0.000000089104    1.299554109573    -0.011722302996    -0.000255730673    130670.070312500000    131943.578125000000    71535.992187500000    130670.070312500000    -110868.000000000000    -0.421021074057    0.170589298010    0.000064072148    -0.000430374814    0.125247180462    0.038350071758    0.000000000000    0.000000000000    0.000000000000    0.000000000000    0.000000000000    0.000000000000
-0.000000090218    1.299494862556    -0.011868029833    -0.000122057048    131012.429687500000    131603.640625000000    33821.230468750000    131012.429687500000    -127183.515625000000    -0.422072917223    0.175740063190    0.000060753144    -0.000430409535    0.126072406769    0.038623046130    0.000000000000    0.000000000000    0.000000000000    0.000000000000    0.000000000000    0.000000000000
-0.000000091332    1.299479842186    -0.012014159001    0.000022942038    131388.359375000000    131228.328125000000    -7089.982421875000    131388.375000000000    -131036.664062500000    -0.422450184822    0.177587434649    0.000059562768    -0.000430421991    0.126368373632    0.038720950484    0.000000000000    0.000000000000    0.000000000000    0.000000000000    0.000000000000    0.000000000000
-0.000000092446    1.299510240555    -0.012160710059    0.000165058169    131761.296875000000    130853.875000000000    -47187.457031250000    131761.312500000000    -122049.500000000000    -0.422115683556    0.175949379802    0.000060618277    -0.000430410961    0.126105934381    0.038634136319    0.000000000000    0.000000000000    0.000000000000    0.000000000000    0.000000000000    0.000000000000
-0.000000093560    1.299583077431    -0.012307656929    0.000290365744    132094.031250000000    130517.960937500000    -82541.000000000000    132094.062500000000    -101103.507812500000    -0.421104699373    0.170998811722    0.000063808271    -0.000430377579    0.125312790275    0.038371775299    0.000000000000    0.000000000000    0.000000000000    0.000000000000    0.000000000000    0.000000000000
-0.000000094673    1.299691081047    -0.012454936281    0.000386587577    132352.562500000000    130255.804687500000    -109686.531250000000    132352.593750000000    -70252.656250000000    -0.419519484043    0.163236230612    0.000068810223    -0.000430325221    0.124069124460    0.037960384041    0.000000000000    0.000000000000    0.000000000000    0.000000000000    0.000000000000    0.000000000000
-0.000000095787    1.299823403358    -0.012602448463    0.000444297999    132509.359375000000    130096.273437500000    -125965.968750000000    132509.390625000000    -32520.937500000000    -0.416086554527    0.153747826815    0.000074709940    -0.000429084146    0.122482597828    0.037413157523    0.000000000000    0.000000000000    0.000000000000    0.000000000000    0.000000000000    0.000000000000
-0.000000096901    1.299967050552    -0.012750070542    0.000457845279    132546.515625000000    130058.429687500000    -129787.179687500000    132546.546875000000    8395.200195312500    -0.411981850863    0.143296957016    0.000081161743    -0.000427462510    0.120720773935    0.036800820380    0.000000000000    0.000000000000    0.000000000000    0.000000000000    0.000000000000    0.000000000000
-0.000000098015    1.300107717514    -0.012897664681    0.000425902806    132457.531250000000    130149.054687500000    -120778.757812500000    132457.562500000000    48489.832031250000    -0.407877177000    0.132846072316    0.000087613545    -0.000425840844    0.118958957493    0.036188486964    0.000000000000    0.000000000000    0.000000000000    0.000000000000    0.000000000000    0.000000000000
-0.000000099129    1.300231575966    -0.013045090251    0.000351596304    132248.375000000000    130361.570312500000    -99824.812500000000    132248.406250000000    83839.984375000000    -0.404181241989    0.123435914516    0.000093422866    -0.000424380676    0.117372579873    0.035637125373    0.000000000000    0.000000000000    0.000000000000    0.000000000000    0.000000000000    0.000000000000
-0.000000100242    1.300326347351    -0.013192224316    0.000242195179    131937.062500000000    130676.625000000000    -68977.031250000000    131937.093750000000    110988.953125000000    -0.401258140802    0.115993484855    0.000098017408    -0.000423225836    0.116117931902    0.035201061517    0.000000000000    0.000000000000    0.000000000000    0.000000000000    0.000000000000    0.000000000000
-0.000000101356    1.300382614136    -0.013338967226    0.000108399778    131552.187500000000    131064.085937500000    -31253.054687500000    131552.203125000000    127283.312500000000    -0.399399876595    0.111262172461    0.000100938269    -0.000422491692    0.115320317447    0.034923844039    0.000000000000    0.000000000000    0.000000000000    0.000000000000    0.000000000000    0.000000000000
-0.000000102470    1.300394773483    -0.013485257514    -0.000036705758    131130.218750000000    131486.250000000000    9658.688476562500    131130.234375000000    131131.031250000000    -0.398788452148    0.109705470502    0.000101899292    -0.000422250130    0.115057885647    0.034832634032    0.000000000000    0.000000000000    0.000000000000    0.000000000000    0.000000000000    0.000000000000
-0.000000103584    1.300361394882    -0.013631075621    -0.000178932358    130712.164062500000    131901.859375000000    49758.957031250000    130712.164062500000    122156.250000000000    -0.399489164352    0.111489549279    0.000100797901    -0.000422526966    0.115358650684    0.034937165678    0.000000000000    0.000000000000    0.000000000000    0.000000000000    0.000000000000    0.000000000000
-0.000000104698    1.300285577774    -0.013776449487    -0.000304372195    130339.492187500000    132270.125000000000    85127.648437500000    130339.484375000000    101235.750000000000    -0.401443630457    0.116465747356    0.000097725868    -0.000423299120    0.116197541356    0.035228732973    0.000000000000    0.000000000000    0.000000000000    0.000000000000    0.000000000000    0.000000000000
-0.000000105811    1.300174593925    -0.013921451755    -0.000400757592    130050.101562500000    132554.656250000000    112306.070312500000    130050.093750000000    70413.726562500000    -0.404459446669    0.124144300818    0.000092985545    -0.000424490601    0.117492005229    0.035678632557    0.000000000000    0.000000000000    0.000000000000    0.000000000000    0.000000000000    0.000000000000
-0.000000106925    1.300039291382    -0.014066193253    -0.000458660390    129874.460937500000    132726.750000000000    128634.765625000000    129874.453125000000    32703.167968750000    -0.408248126507    0.133790582418    0.000087030450    -0.000425987411    0.119118183851    0.036243826151    0.000000000000    0.000000000000    0.000000000000    0.000000000000    0.000000000000    0.000000000000
-0.000000108039    1.299892663956    -0.014210811816    -0.000472415355    129832.406250000000    132767.890625000000    132513.984375000000    129832.390625000000    -8207.556640625000    -0.412438690662    0.144460111856    0.000080443679    -0.000427642983    0.120916858315    0.036868974566    0.000000000000    0.000000000000    0.000000000000    0.000000000000    0.000000000000    0.000000000000
-0.000000109153    1.299748897552    -0.014355461113    -0.000440676551    129930.875000000000    132671.500000000000    123561.468750000000    129930.867187500000    -48314.582031250000    -0.416629254818    0.155129626393    0.000073856900    -0.000429298554    0.122715540230    0.037494119257    0.000000000000    0.000000000000    0.000000000000    0.000000000000    0.000000000000    0.000000000000
-0.000000110267    1.299621820450    -0.014500296675    -0.000366551860    130163.117187500000    132443.671875000000    102651.265625000000    130163.109375000000    -83690.203125000000    -0.419859558344    0.164901584387    0.000067737121    -0.000430336455    0.124335937202    0.038048643619    0.000000000000    0.000000000000    0.000000000000    0.000000000000    0.000000000000    0.000000000000
-0.000000111380    1.299523830414    -0.014645457268    -0.000257301319    130508.804687500000    132103.031250000000    71829.710937500000    130508.804687500000    -110867.992187500000    -0.421491235495    0.172891676426    0.000062588566    -0.000430390326    0.125616058707    0.038472089916    0.000000000000    0.000000000000    0.000000000000    0.000000000000    0.000000000000    0.000000000000
-0.000000112494    1.299464344978    -0.014791049995    -0.000123627688    130936.007812500000    131679.640625000000    34115.800781250000    130936.007812500000    -127183.507812500000    -0.422548681498    0.178069740534    0.000059251975    -0.000430425251    0.126445651054    0.038746509701    0.000000000000    0.000000000000    0.000000000000    0.000000000000    0.000000000000    0.000000000000
-0.000000113608    1.299449086189    -0.014937145635    0.000021371385    131403.968750000000    131212.656250000000    -6794.471679687500    131403.984375000000    -131036.632812500000    -0.422927796841    0.179926216602    0.000058055728    -0.000430437765    0.126743078232    0.038844898343    0.000000000000    0.000000000000    0.000000000000    0.000000000000    0.000000000000    0.000000000000
-0.000000114722    1.299479246140    -0.015083764680    0.000163487493    131867.109375000000    130747.210937500000    -46891.007812500000    131867.125000000000    -122049.445312500000    -0.422596991062    0.178306356072    0.000059099515    -0.000430426851    0.126483559608    0.038759049028    0.000000000000    0.000000000000    0.000000000000    0.000000000000    0.000000000000    0.000000000000
-0.000000115836    1.299551844597    -0.015230875462    0.000288794981    132279.375000000000    130330.078125000000    -82243.695312500000    132279.406250000000    -101103.429687500000    -0.421591609716    0.173383086920    0.000062271916    -0.000430393644    0.125694781542    0.038498133421    0.000000000000    0.000000000000    0.000000000000    0.000000000000    0.000000000000    0.000000000000
-0.000000116949    1.299659490585    -0.015378396958    0.000385016698    132598.953125000000    130004.929687500000    -109388.562500000000    132598.984375000000    -70252.562500000000    -0.420010089874    0.165638715029    0.000067262139    -0.000430341432    0.124454036355    0.038087707013    0.000000000000    0.000000000000    0.000000000000    0.000000000000    0.000000000000    0.000000000000
-0.000000118063    1.299791455269    -0.015526206233    0.000442727003    132792.375000000000    129807.359375000000    -125667.585937500000    132792.406250000000    -32520.832031250000    -0.417007118464    0.156091630459    0.000073263007    -0.000429447828    0.122877717018    0.037550486624    0.000000000000    0.000000000000    0.000000000000    0.000000000000    0.000000000000    0.000000000000
-0.000000119177    1.299934625626    -0.015674149618    0.000456274167    132838.093750000000    129760.554687500000    -129488.671875000000    132838.125000000000    8395.313476562500    -0.412912726402    0.145666986704    0.000079698613    -0.000427830266    0.121120318770    0.036939688027    0.000000000000    0.000000000000    0.000000000000    0.000000000000    0.000000000000    0.000000000000
-0.000000120291    1.300074934959    -0.015822058544    0.000424331549    132728.859375000000    129872.289062500000    -120480.429687500000    132728.890625000000    48489.945312500000    -0.408821761608    0.135251089931    0.000086128821    -0.000426214014    0.119364395738    0.036329399794    0.000000000000    0.000000000000    0.000000000000    0.000000000000    0.000000000000    0.000000000000
-0.000000121405    1.300198554993    -0.015969762579    0.000350024930    132472.562500000000    130133.703125000000    -99526.968750000000    132472.593750000000    83840.085937500000    -0.405132710934    0.125858426094    0.000091927344    -0.000424756581    0.117780968547    0.035779066384    0.000000000000    0.000000000000    0.000000000000    0.000000000000    0.000000000000    0.000000000000
-0.000000122518    1.300292968750    -0.016117108986    0.000240623718    132091.875000000000    130520.093750000000    -68679.929687500000    132091.906250000000    110989.015625000000    -0.402219921350    0.118442229927    0.000096505697    -0.000423605816    0.116530738771    0.035344537348    0.000000000000    0.000000000000    0.000000000000    0.000000000000    0.000000000000    0.000000000000
-0.000000123632    1.300348877907    -0.016263976693    0.000106828287    131622.140625000000    130993.789062500000    -30956.894531250000    131622.156250000000    127283.320312500000    -0.400368511677    0.113728404045    0.000099415753    -0.000422874378    0.115736082196    0.035068344325    0.000000000000    0.000000000000    0.000000000000    0.000000000000    0.000000000000    0.000000000000
-0.000000124746    1.300360679626    -0.016410293058    -0.000038277234    131108.140625000000    131508.234375000000    9953.805664062500    131108.156250000000    131131.000000000000    -0.399767398834    0.112197935581    0.000100360572    -0.000422636891    0.115478068590    0.034978672862    0.000000000000    0.000000000000    0.000000000000    0.000000000000    0.000000000000    0.000000000000
-0.000000125860    1.300326943398    -0.016556037590    -0.000180503775    130599.890625000000    132013.000000000000    50053.035156250000    130599.890625000000    122156.171875000000    -0.400481849909    0.114017009735    0.000099237586    -0.000422919140    0.115784734488    0.035085253417    0.000000000000    0.000000000000    0.000000000000    0.000000000000    0.000000000000    0.000000000000
-0.000000126974    1.300250768661    -0.016701241955    -0.000305943482    130147.656250000000    132458.859375000000    85420.781250000000    130147.648437500000    101235.601562500000    -0.402443170547    0.119010686874    0.000096154763    -0.000423694000    0.116626575589    0.035377845168    0.000000000000    0.000000000000    0.000000000000    0.000000000000    0.000000000000    0.000000000000
-0.000000128087    1.300139665604    -0.016845993698    -0.000402328646    129797.125000000000    132802.359375000000    112598.445312500000    129797.117187500000    70413.523437500000    -0.405465871096    0.126706734300    0.000091403643    -0.000424888218    0.117923982441    0.035828769207    0.000000000000    0.000000000000    0.000000000000    0.000000000000    0.000000000000    0.000000000000
-0.000000129201    1.300004124641    -0.016990428790    -0.000460231182    129584.750000000000    133009.578125000000    128926.632812500000    129584.742187500000    32702.925781250000    -0.409258008003    0.136361762881    0.000085443149    -0.000426386367    0.119551636279    0.036394476891    0.000000000000    0.000000000000    0.000000000000    0.000000000000    0.000000000000    0.000000000000
-0.000000130315    1.299857139587    -0.017134716734    -0.000473985885    129533.960937500000    133059.078125000000    132805.703125000000    129533.945312500000    -8207.814453125000    -0.413462311029    0.147066265345    0.000078834775    -0.000428047380    0.121356211603    0.037021674216    0.000000000000    0.000000000000    0.000000000000    0.000000000000    0.000000000000    0.000000000000
-0.000000131429    1.299712896347    -0.017279041931    -0.000442246790    129652.585937500000    132943.453125000000    123853.335937500000    129652.578125000000    -48314.839843750000    -0.417666614056    0.157770767808    0.000072226401    -0.000429708394    0.123160786927    0.037648867816    0.000000000000    0.000000000000    0.000000000000    0.000000000000    0.000000000000    0.000000000000
-0.000000132543    1.299585700035    -0.017423590645    -0.000368121808    129931.851562500000    132670.531250000000    102943.625000000000    129931.843750000000    -83690.429687500000    -0.420422673225    0.167658984661    0.000065960339    -0.000430355052    0.124777704477    0.038194775581    0.000000000000    0.000000000000    0.000000000000    0.000000000000    0.000000000000    0.000000000000
-0.000000133656    1.299487352371    -0.017568526790    -0.000258871034    130346.867187500000    132262.796875000000    72122.851562500000    130346.867187500000    -110868.156250000000    -0.422059923410    0.175676375628    0.000060794195    -0.000430409098    0.126062199473    0.038619667292    0.000000000000    0.000000000000    0.000000000000    0.000000000000    0.000000000000    0.000000000000
-0.000000134770    1.299427509308    -0.017713984475    -0.000125197272    130858.898437500000    131756.234375000000    34409.949218750000    130858.898437500000    -127183.585937500000    -0.423121064901    0.180872648954    0.000057445879    -0.000430444139    0.126894712448    0.038895055652    0.000000000000    0.000000000000    0.000000000000    0.000000000000    0.000000000000    0.000000000000
-0.000000135884    1.299411773682    -0.017860045657    0.000019801828    131418.859375000000    131197.687500000000    -6499.186523437500    131418.875000000000    -131036.625000000000    -0.423507630825    0.182765513659    0.000056226174    -0.000430456916    0.127197980881    0.038995370269    0.000000000000    0.000000000000    0.000000000000    0.000000000000    0.000000000000    0.000000000000
-0.000000136998    1.299441576004    -0.018006732687    0.000161917851    131972.171875000000    130641.093750000000    -46594.570312500000    131972.187500000000    -122049.343750000000    -0.423184245825    0.181182056665    0.000057246503    -0.000430446235    0.126944288611    0.038911450654    0.000000000000    0.000000000000    0.000000000000    0.000000000000    0.000000000000    0.000000000000
-0.000000138112    1.299513816833    -0.018154004589    0.000287225179    132463.968750000000    130142.414062500000    -81946.210937500000    132464.000000000000    -101103.234375000000    -0.422182559967    0.176276981831    0.000060407172    -0.000430413173    0.126158431172    0.038651499897    0.000000000000    0.000000000000    0.000000000000    0.000000000000    0.000000000000    0.000000000000
-0.000000139225    1.299621224403    -0.018301768228    0.000383446604    132844.609375000000    129753.843750000000    -109090.218750000000    132844.640625000000    -70252.273437500000    -0.420606642962    0.168559908867    0.000065379812    -0.000430361106    0.124922052026    0.038242522627    0.000000000000    0.000000000000    0.000000000000    0.000000000000    0.000000000000    0.000000000000
-0.000000140339    1.299752831459    -0.018449876457    0.000441156590    133074.671875000000    129517.914062500000    -125368.671875000000    133074.703125000000    -32520.490234375000    -0.418116569519    0.158916428685    0.000071519135    -0.000429886160    0.123353920877    0.037715997547    0.000000000000    0.000000000000    0.000000000000    0.000000000000    0.000000000000    0.000000000000
-0.000000141453    1.299895882607    -0.018598143011    0.000454703346    133129.000000000000    129462.062500000000    -129189.531250000000    133129.031250000000    8395.681640625000    -0.414029061794    0.148509278893    0.000077943943    -0.000428271305    0.121599473059    0.037106223404    0.000000000000    0.000000000000    0.000000000000    0.000000000000    0.000000000000    0.000000000000
-0.000000142567    1.300035953522    -0.018746366724    0.000422760349    132999.500000000000    129595.109375000000    -120181.445312500000    132999.531250000000    48490.296875000000    -0.409941554070    0.138102129102    0.000084368745    -0.000426656421    0.119845025241    0.036496445537    0.000000000000    0.000000000000    0.000000000000    0.000000000000    0.000000000000    0.000000000000
-0.000000143681    1.300159215927    -0.018894348294    0.000348453352    132696.062500000000    129905.765625000000    -99228.515625000000    132696.093750000000    83840.375000000000    -0.406262785196    0.128735691309    0.000090151072    -0.000425203034    0.118266023695    0.035947650671    0.000000000000    0.000000000000    0.000000000000    0.000000000000    0.000000000000    0.000000000000
-0.000000144794    1.300253391266    -0.019041907042    0.000239051849    132245.984375000000    130363.929687500000    -68382.328125000000    132246.015625000000    110989.234375000000    -0.403356850147    0.121336996555    0.000094718627    -0.000424054975    0.117018744349    0.035514146090    0.000000000000    0.000000000000    0.000000000000    0.000000000000    0.000000000000    0.000000000000
-0.000000145908    1.300309062004    -0.019188901410    0.000105256229    131691.390625000000    130924.140625000000    -30660.392578125000    131691.406250000000    127283.429687500000    -0.401515752077    0.116649404168    0.000097612487    -0.000423327612    0.116228505969    0.035239491612    0.000000000000    0.000000000000    0.000000000000    0.000000000000    0.000000000000    0.000000000000
-0.000000147022    1.300320625305    -0.019335243851    -0.000039849354    131085.359375000000    131530.890625000000    10249.059570312500    131085.375000000000    131130.984375000000    -0.400921523571    0.115136429667    0.000098546516    -0.000423092861    0.115973442793    0.035150844604    0.000000000000    0.000000000000    0.000000000000    0.000000000000    0.000000000000    0.000000000000
-0.000000148136    1.300286650658    -0.019480910152    -0.000182075804    130486.914062500000    132124.625000000000    50347.011718750000    130486.914062500000    122156.046875000000    -0.401639401913    0.116964235902    0.000097418124    -0.000423376478    0.116281583905    0.035257939249    0.000000000000    0.000000000000    0.000000000000    0.000000000000    0.000000000000    0.000000000000
-0.000000149250    1.300210237503    -0.019625943154    -0.000307515351    129955.140625000000    132647.703125000000    85713.585937500000    129955.132812500000    101235.382812500000    -0.403611034155    0.121984153986    0.000094319097    -0.000424155412    0.117127843201    0.035552065820    0.000000000000    0.000000000000    0.000000000000    0.000000000000    0.000000000000    0.000000000000
-0.000000150363    1.300098657608    -0.019770445302    -0.000403900223    129543.484375000000    133049.750000000000    112890.296875000000    129543.476562500000    70413.242187500000    -0.406644046307    0.129706442356    0.000089551788    -0.000425353675    0.118429675698    0.036004528403    0.000000000000    0.000000000000    0.000000000000    0.000000000000    0.000000000000    0.000000000000
-0.000000151477    1.299962759018    -0.019914576784    -0.000461802410    129294.382812500000    133291.828125000000    129217.875000000000    129294.375000000000    32702.611328125000    -0.410449892282    0.139396458864    0.000083569699    -0.000426857267    0.120063230395    0.036572284997    0.000000000000    0.000000000000    0.000000000000    0.000000000000    0.000000000000    0.000000000000
-0.000000152591    1.299815535545    -0.020058531314    -0.000475556706    129234.867187500000    133349.531250000000    133096.703125000000    129234.851562500000    -8208.129882812500    -0.414657652378    0.150109708309    0.000076955926    -0.000428519619    0.121869273484    0.037199992687    0.000000000000    0.000000000000    0.000000000000    0.000000000000    0.000000000000    0.000000000000
-0.000000153705    1.299671173096    -0.020202532411    -0.000443817233    129373.632812500000    133214.921875000000    124144.554687500000    129373.625000000000    -48315.128906250000    -0.418865382671    0.160822942853    0.000070342154    -0.000430182001    0.123675324023    0.037827704102    0.000000000000    0.000000000000    0.000000000000    0.000000000000    0.000000000000    0.000000000000
-0.000000154819    1.299543499947    -0.020346794277    -0.000369691959    129699.937500000000    132897.250000000000    103235.460937500000    129699.929687500000    -83690.664062500000    -0.421078681946    0.170871406794    0.000063890366    -0.000430376705    0.125292375684    0.038365021348    0.000000000000    0.000000000000    0.000000000000    0.000000000000    0.000000000000    0.000000000000
-0.000000155933    1.299444913864    -0.020491510630    -0.000260440953    130184.289062500000    132422.843750000000    72415.648437500000    130184.289062500000    -110868.335937500000    -0.422719657421    0.178906977177    0.000058712492    -0.000430430897    0.126579791307    0.038790881634    0.000000000000    0.000000000000    0.000000000000    0.000000000000    0.000000000000    0.000000000000
-0.000000157046    1.299384832382    -0.020636836067    -0.000126767030    130781.156250000000    131833.421875000000    34703.960937500000    130781.156250000000    -127183.687500000000    -0.423786371946    0.184130564332    0.000055346583    -0.000430466112    0.127416670322    0.039067711681    0.000000000000    0.000000000000    0.000000000000    0.000000000000    0.000000000000    0.000000000000
-0.000000158160    1.299368858337    -0.020782861859    0.000018232144    131433.156250000000    131183.406250000000    -6203.816406250000    131433.171875000000    -131036.640625000000    -0.424176633358    0.186041623354    0.000054115149    -0.000430479005    0.127722859383    0.039168991148    0.000000000000    0.000000000000    0.000000000000    0.000000000000    0.000000000000    0.000000000000
-0.000000159274    1.299398422241    -0.020929614082    0.000160348136    132076.687500000000    130535.492187500000    -46297.828125000000    132076.703125000000    -122049.281250000000    -0.423855155706    0.184467285872    0.000055129614    -0.000430468383    0.127470627427    0.039085555822    0.000000000000    0.000000000000    0.000000000000    0.000000000000    0.000000000000    0.000000000000
-0.000000160388    1.299470424652    -0.021077049896    0.000285655347    132648.000000000000    129954.890625000000    -81648.226562500000    132648.031250000000    -101103.109375000000    -0.422859042883    0.179589509964    0.000058272697    -0.000430435495    0.126689136028    0.038827050477    0.000000000000    0.000000000000    0.000000000000    0.000000000000    0.000000000000    0.000000000000
-0.000000161502    1.299577355385    -0.021225055680    0.000381876627    133089.703125000000    129502.507812500000    -108791.250000000000    133089.734375000000    -70252.125000000000    -0.421288669109    0.171899735928    0.000063227737    -0.000430383632    0.125457137823    0.038419522345    0.000000000000    0.000000000000    0.000000000000    0.000000000000    0.000000000000    0.000000000000
-0.000000162615    1.299708724022    -0.021373456344    0.000439586409    133356.359375000000    129227.906250000000    -125069.085937500000    133356.390625000000    -32520.328125000000    -0.419302046299    0.162171483040    0.000069496302    -0.000430318032    0.123898535967    0.037903957069    0.000000000000    0.000000000000    0.000000000000    0.000000000000    0.000000000000    0.000000000000
-0.000000163729    1.299851179123    -0.021522039548    0.000453132991    133419.281250000000    129162.937500000000    -128889.765625000000    133419.312500000000    8395.837890625000    -0.415313720703    0.151780098677    0.000075924712    -0.000428778818    0.122150875628    0.037297863513    0.000000000000    0.000000000000    0.000000000000    0.000000000000    0.000000000000    0.000000000000
-0.000000164843    1.299990773201    -0.021670576185    0.000421189790    133269.515625000000    129317.468750000000    -119881.945312500000    133269.546875000000    48490.445312500000    -0.411243379116    0.141416668892    0.000082322527    -0.000427170744    0.120403796434    0.036690652370    0.000000000000    0.000000000000    0.000000000000    0.000000000000    0.000000000000    0.000000000000
-0.000000165957    1.300113677979    -0.021818833426    0.000346882647    132918.968750000000    129677.742187500000    -98929.703125000000    132919.000000000000    83840.492187500000    -0.407574892044    0.132076472044    0.000088088658    -0.000425721431    0.118829213083    0.036143392324    0.000000000000    0.000000000000    0.000000000000    0.000000000000    0.000000000000    0.000000000000
-0.000000167071    1.300207495689    -0.021966604516    0.000237481043    132399.531250000000    130208.070312500000    -68084.585937500000    132399.562500000000    110989.320312500000    -0.404679298401    0.124704010785    0.000092640010    -0.000424577447    0.117586359382    0.035711426288    0.000000000000    0.000000000000    0.000000000000    0.000000000000    0.000000000000    0.000000000000
-0.000000168184    1.300262808800    -0.022113723680    0.000103685350    131760.109375000000    130855.085937500000    -30363.974609375000    131760.125000000000    127283.476562500000    -0.402845054865    0.120033912361    0.000095523079    -0.000423852791    0.116799071431    0.035437796265    0.000000000000    0.000000000000    0.000000000000    0.000000000000    0.000000000000    0.000000000000
-0.000000169298    1.300273895264    -0.022260094061    -0.000041420259    131062.070312500000    131554.218750000000    10544.016601562500    131062.078125000000    131131.000000000000    -0.402264565229    0.118555918336    0.000096435506    -0.000423623453    0.116549909115    0.035351198167    0.000000000000    0.000000000000    0.000000000000    0.000000000000    0.000000000000    0.000000000000
-0.000000170412    1.300239562988    -0.022405683994    -0.000183646713    130373.421875000000    132236.734375000000    50640.519531250000    130373.421875000000    122156.023437500000    -0.402996182442    0.120418712497    0.000095285519    -0.000423912483    0.116863936186    0.035460341722    0.000000000000    0.000000000000    0.000000000000    0.000000000000    0.000000000000    0.000000000000
-0.000000171526    1.300162792206    -0.022550543770    -0.000309086172    129762.085937500000    132836.671875000000    86005.796875000000    129762.078125000000    101235.320312500000    -0.404974699020    0.125456124544    0.000092175702    -0.000424694153    0.117713153362    0.035755492747    0.000000000000    0.000000000000    0.000000000000    0.000000000000    0.000000000000    0.000000000000
-0.000000172640    1.300050973892    -0.022694794461    -0.000405470957    129289.296875000000    133296.875000000000    113181.507812500000    129289.289062500000    70413.140625000000    -0.408017992973    0.133204638958    0.000087392182    -0.000425896491    0.119019404054    0.036209493876    0.000000000000    0.000000000000    0.000000000000    0.000000000000    0.000000000000    0.000000000000
-0.000000173753    1.299914836884    -0.022838618606    -0.000463373028    129003.476562500000    133573.515625000000    129508.445312500000    129003.460937500000    32702.486328125000    -0.411827296019    0.142903402448    0.000081404694    -0.000427401421    0.120654433966    0.036777764559    0.000000000000    0.000000000000    0.000000000000    0.000000000000    0.000000000000    0.000000000000
-0.000000174867    1.299767017365    -0.022982243448    -0.000477127178    128935.234375000000    133639.375000000000    133387.093750000000    128935.218750000000    -8208.269531250000    -0.416052222252    0.153660371900    0.000074763928    -0.000429070584    0.122467853129    0.037408035249    0.000000000000    0.000000000000    0.000000000000    0.000000000000    0.000000000000    0.000000000000
-0.000000175981    1.299622178078    -0.023125920445    -0.000445387559    129094.132812500000    133485.875000000000    124435.210937500000    129094.125000000000    -48315.269531250000    -0.419783353806    0.164528474212    0.000067977540    -0.000430333923    0.124276161194    0.038028869778    0.000000000000    0.000000000000    0.000000000000    0.000000000000    0.000000000000    0.000000000000
-0.000000177095    1.299494147301    -0.023269895464    -0.000371262140    129467.476562500000    133123.812500000000    103526.843750000000    129467.468750000000    -83690.796875000000    -0.421848058701    0.174638926983    0.000061462692    -0.000430402113    0.125895991921    0.038564689457    0.000000000000    0.000000000000    0.000000000000    0.000000000000    0.000000000000    0.000000000000
-0.000000178209    1.299395203590    -0.023414388299    -0.000262011017    130021.148437500000    132583.109375000000    72708.156250000000    130021.148437500000    -110868.429687500000    -0.423494607210    0.182701811194    0.000056267225    -0.000430456479    0.127187773585    0.038991995156    0.000000000000    0.000000000000    0.000000000000    0.000000000000    0.000000000000    0.000000000000
-0.000000179322    1.299334764481    -0.023559577763    -0.000128337022    130702.835937500000    131911.125000000000    34997.875000000000    130702.835937500000    -127183.718750000000    -0.424565047026    0.187943607569    0.000052889587    -0.000430491840    0.128027573228    0.039269790053    0.000000000000    0.000000000000    0.000000000000    0.000000000000    0.000000000000    0.000000000000
-0.000000180436    1.299318432808    -0.023705566302    0.000016662147    131446.843750000000    131169.734375000000    -5908.343750000000    131446.859375000000    -131036.601562500000    -0.424960911274    0.189881965518    0.000051640563    -0.000430504908    0.128338128328    0.039372518659    0.000000000000    0.000000000000    0.000000000000    0.000000000000    0.000000000000    0.000000000000
-0.000000181550    1.299347639084    -0.023852383718    0.000158778086    132180.546875000000    130430.343750000000    -46000.796875000000    132180.562500000000    -122049.179687500000    -0.424646824598    0.188344001770    0.000052631571    -0.000430494518    0.128091722727    0.039291009307    0.000000000000    0.000000000000    0.000000000000    0.000000000000    0.000000000000    0.000000000000
-0.000000182664    1.299419283867    -0.023999981582    0.000284085167    132831.359375000000    129767.476562500000    -81349.789062500000    132831.390625000000    -101102.960937500000    -0.423654437065    0.183484435081    0.000055762921    -0.000430461747    0.127313151956    0.039033468813    0.000000000000    0.000000000000    0.000000000000    0.000000000000    0.000000000000    0.000000000000
-0.000000183778    1.299525856972    -0.024148225784    0.000380306243    133334.109375000000    129250.867187500000    -108491.710937500000    133334.140625000000    -70251.921875000000    -0.422089666128    0.175821974874    0.000060700371    -0.000430410088    0.126085519791    0.038627386093    0.000000000000    0.000000000000    0.000000000000    0.000000000000    0.000000000000    0.000000000000
-0.000000184891    1.299656867981    -0.024296922609    0.000438015792    133637.390625000000    128937.281250000000    -124768.835937500000    133637.421875000000    -32520.085937500000    -0.420108586550    0.166121035814    0.000066951347    -0.000430344662    0.124531306326    0.038113269955    0.000000000000    0.000000000000    0.000000000000    0.000000000000    0.000000000000    0.000000000000
-0.000000186005    1.299799323082    -0.024445829913    0.000451562111    133708.921875000000    128863.117187500000    -128589.289062500000    133708.953125000000    8396.089843750000    -0.416807889938    0.155584380031    0.000073576150    -0.000429369131    0.122792206705    0.037520766258    0.000000000000    0.000000000000    0.000000000000    0.000000000000    0.000000000000    0.000000000000
-0.000000187119    1.299938797951    -0.024594683200    0.000419618678    133538.890625000000    129039.312500000000    -119581.750000000000    133538.921875000000    48490.671875000000    -0.412737548351    0.145220965147    0.000079973965    -0.000427761057    0.121045127511    0.036913555115    0.000000000000    0.000000000000    0.000000000000    0.000000000000    0.000000000000    0.000000000000
-0.000000188233    1.300061225891    -0.024743219838    0.000345311273    133141.203125000000    129449.585937500000    -98630.289062500000    133141.234375000000    83840.679687500000    -0.409082829952    0.135915741324    0.000085718493    -0.000426317158    0.119476445019    0.036368343979    0.000000000000    0.000000000000    0.000000000000    0.000000000000    0.000000000000    0.000000000000
-0.000000189347    1.300154685974    -0.024891201407    0.000235909523    132552.359375000000    130052.468750000000    -67786.351562500000    132552.390625000000    110989.437500000000    -0.406197518110    0.128569528461    0.000090253656    -0.000425177248    0.118238009512    0.035937912762    0.000000000000    0.000000000000    0.000000000000    0.000000000000    0.000000000000    0.000000000000
-0.000000190460    1.300209760666    -0.025038445368    0.000102113736    131828.078125000000    130786.593750000000    -30067.246093750000    131828.093750000000    127283.523437500000    -0.404373586178    0.123925656080    0.000093120521    -0.000424456666    0.117455147207    0.035665821284    0.000000000000    0.000000000000    0.000000000000    0.000000000000    0.000000000000    0.000000000000
-0.000000191574    1.300220608711    -0.025184839964    -0.000042991873    131038.023437500000    131578.140625000000    10839.069335937500    131038.031250000000    131130.953125000000    -0.403796523809    0.122456416488    0.000094027549    -0.000424228696    0.117207460105    0.035579737276    0.000000000000    0.000000000000    0.000000000000    0.000000000000    0.000000000000    0.000000000000
-0.000000192688    1.300186038017    -0.025330351666    -0.000185218232    130259.187500000000    132349.234375000000    50933.894531250000    130259.187500000000    122155.898437500000    -0.404535025358    0.124336704612    0.000092866772    -0.000424520462    0.117524437606    0.035689905286    0.000000000000    0.000000000000    0.000000000000    0.000000000000    0.000000000000    0.000000000000
-0.000000193802    1.300109028816    -0.025475038216    -0.000310657546    129568.312500000000    133025.671875000000    86297.656250000000    129568.304687500000    101235.125000000000    -0.406523823738    0.129400342703    0.000089740752    -0.000425306178    0.118378072977    0.035986594856    0.000000000000    0.000000000000    0.000000000000    0.000000000000    0.000000000000    0.000000000000
-0.000000194916    1.299996852875    -0.025619037449    -0.000407042127    129034.414062500000    133543.640625000000    113472.148437500000    129034.406250000000    70412.914062500000    -0.409574002028    0.137166351080    0.000084946441    -0.000426511222    0.119687274098    0.036441620439    0.000000000000    0.000000000000    0.000000000000    0.000000000000    0.000000000000    0.000000000000
-0.000000196029    1.299860358238    -0.025762556121    -0.000464943936    128711.867187500000    133854.531250000000    129798.320312500000    128711.851562500000    32702.242187500000    -0.413397043943    0.146900102496    0.000078937359    -0.000428021594    0.121328197420    0.037011936307    0.000000000000    0.000000000000    0.000000000000    0.000000000000    0.000000000000    0.000000000000
-0.000000197143    1.299712538719    -0.025905851275    -0.000478697853    128634.906250000000    133928.484375000000    133676.734375000000    128634.890625000000    -8208.497070312500    -0.417621940374    0.157657071948    0.000072296592    -0.000429690757    0.123141616583    0.037642206997    0.000000000000    0.000000000000    0.000000000000    0.000000000000    0.000000000000    0.000000000000
-0.000000198257    1.299567461014    -0.026049202308    -0.000446958002    128813.945312500000    133756.281250000000    124725.171875000000    128813.937500000000    -48315.453125000000    -0.420634508133    0.168696418405    0.000065291853    -0.000430362037    0.124943919480    0.038249757141    0.000000000000    0.000000000000    0.000000000000    0.000000000000    0.000000000000    0.000000000000
-0.000000199371    1.299439072609    -0.026192888618    -0.000372832379    129234.296875000000    133350.187500000000    103817.664062500000    129234.289062500000    -83690.921875000000    -0.422704786062    0.178834170103    0.000058759400    -0.000430430402    0.126568123698    0.038787022233    0.000000000000    0.000000000000    0.000000000000    0.000000000000    0.000000000000    0.000000000000
-0.000000200485    1.299339890480    -0.026337161660    -0.000263581111    129857.289062500000    132743.578125000000    73000.281250000000    129857.289062500000    -110868.492187500000    -0.424355059862    0.186915263534    0.000053552212    -0.000430484884    0.127862825990    0.039215292782    0.000000000000    0.000000000000    0.000000000000    0.000000000000    0.000000000000    0.000000000000
-0.000000201598    1.299279212952    -0.026482213289    -0.000129907101    130623.796875000000    131989.390625000000    35291.644531250000    130623.796875000000    -127183.734375000000    -0.425431072712    0.192184343934    0.000050156985    -0.000430520420    0.128706991673    0.039494536817    0.000000000000    0.000000000000    0.000000000000    0.000000000000    0.000000000000    0.000000000000
-0.000000202712    1.299262642860    -0.026628164575    0.000015092057    131459.812500000000    131156.718750000000    -5612.769531250000    131459.828125000000    -131036.578125000000    -0.425830632448    0.194140911102    0.000048896236    -0.000430533633    0.129020467401    0.039598226547    0.000000000000    0.000000000000    0.000000000000    0.000000000000    0.000000000000    0.000000000000
-0.000000203826    1.299291491508    -0.026775049046    0.000157207935    132283.687500000000    130325.734375000000    -45703.441406250000    132283.703125000000    -122049.140625000000    -0.425520271063    0.192621171474    0.000049875514    -0.000430523360    0.128776982427    0.039517685771    0.000000000000    0.000000000000    0.000000000000    0.000000000000    0.000000000000    0.000000000000
-0.000000204940    1.299362659454    -0.026922807097    0.000282514957    133014.031250000000    129580.242187500000    -81050.843750000000    133014.062500000000    -101102.914062500000    -0.424535334110    0.187797993422    0.000052983411    -0.000430490851    0.128004252911    0.039262074977    0.000000000000    0.000000000000    0.000000000000    0.000000000000    0.000000000000    0.000000000000
-0.000000206054    1.299468994141    -0.027071287856    0.000378736033    133577.828125000000    128998.992187500000    -108191.539062500000    133577.859375000000    -70251.890625000000    -0.422976106405    0.180162817240    0.000057903268    -0.000430439366    0.126780986786    0.038857437670    0.000000000000    0.000000000000    0.000000000000    0.000000000000    0.000000000000    0.000000000000
-0.000000207167    1.299599766731    -0.027220278978    0.000436445553    133917.703125000000    128646.117187500000    -124467.921875000000    133917.734375000000    -32520.072265625000    -0.420998752117    0.170480087399    0.000064142514    -0.000430374057    0.125229686499    0.038344282657    0.000000000000    0.000000000000    0.000000000000    0.000000000000    0.000000000000    0.000000000000
-0.000000208281    1.299741625786    -0.027369506657    0.000449991872    133997.796875000000    128562.664062500000    -128288.195312500000    133997.828125000000    8396.079101562500    -0.418466925621    0.159808471799    0.000070968439    -0.000430024578    0.123504303396    0.037768263370    0.000000000000    0.000000000000    0.000000000000    0.000000000000    0.000000000000    0.000000000000
-0.000000209395    1.299880623817    -0.027518672869    0.000418048468    133807.515625000000    128760.710937500000    -119281.070312500000    133807.546875000000    48490.644531250000    -0.414413779974    0.149488776922    0.000077339253    -0.000428423285    0.121764600277    0.037163611501    0.000000000000    0.000000000000    0.000000000000    0.000000000000    0.000000000000    0.000000000000
-0.000000210509    1.300002932549    -0.027667481452    0.000343741092    133362.718750000000    129221.351562500000    -98330.570312500000    133362.750000000000    83840.648437500000    -0.410762488842    0.140192300081    0.000083078383    -0.000426980754    0.120197393000    0.036618914455    0.000000000000    0.000000000000    0.000000000000    0.000000000000    0.000000000000    0.000000000000
-0.000000211623    1.300096154213    -0.027815669775    0.000234339357    132704.500000000000    129897.218750000000    -67488.078125000000    132704.531250000000    110989.398437500000    -0.407884031534    0.132863566279    0.000087602748    -0.000425843551    0.118961907923    0.036189511418    0.000000000000    0.000000000000    0.000000000000    0.000000000000    0.000000000000    0.000000000000
-0.000000212736    1.300150871277    -0.027963036671    0.000100543606    131895.375000000000    130718.718750000000    -29770.738281250000    131895.390625000000    127283.492187500000    -0.406066983938    0.128237187862    0.000090458816    -0.000425125676    0.118181988597    0.035918444395    0.000000000000    0.000000000000    0.000000000000    0.000000000000    0.000000000000    0.000000000000
-0.000000213850    1.300161361694    -0.028109455481    -0.000044561995    131013.320312500000    131602.734375000000    11133.673828125000    131013.328125000000    131130.953125000000    -0.405503660440    0.126802936196    0.000091344249    -0.000424903119    0.117940194905    0.035834405571    0.000000000000    0.000000000000    0.000000000000    0.000000000000    0.000000000000    0.000000000000
-0.000000214964    1.300126314163    -0.028254890814    -0.000186788398    130144.289062500000    132462.203125000000    51226.628906250000    130144.289062500000    122155.937500000000    -0.406252473593    0.128709450364    0.000090167268    -0.000425198959    0.118261598051    0.035946112126    0.000000000000    0.000000000000    0.000000000000    0.000000000000    0.000000000000    0.000000000000
-0.000000216078    1.300048947334    -0.028399404138    -0.000312227727    129373.867187500000    133214.781250000000    86588.750000000000    129373.859375000000    101235.226562500000    -0.408251583576    0.133799329400    0.000087025051    -0.000425988750    0.119119659066    0.036244340241    0.000000000000    0.000000000000    0.000000000000    0.000000000000    0.000000000000    0.000000000000
-0.000000217192    1.299936532974    -0.028543150052    -0.000408612454    128778.835937500000    133790.078125000000    113762.000000000000    128778.828125000000    70413.054687500000    -0.411312073469    0.141591578722    0.000082214545    -0.000427197869    0.120433285832    0.036700900644    0.000000000000    0.000000000000    0.000000000000    0.000000000000    0.000000000000    0.000000000000
-0.000000218306    1.299799561501    -0.028686361387    -0.000466514437    128419.578125000000    134134.968750000000    130087.460937500000    128419.562500000000    32702.425781250000    -0.415145397186    0.151351556182    0.000076189266    -0.000428712316    0.122078627348    0.037272755057    0.000000000000    0.000000000000    0.000000000000    0.000000000000    0.000000000000    0.000000000000
-0.000000219419    1.299651145935    -0.028829321265    -0.000480268558    128333.898437500000    134216.953125000000    133965.750000000000    128333.882812500000    -8208.298828125000    -0.419302046299    0.162171483040    0.000069496302    -0.000430318032    0.123898535967    0.037903957069    0.000000000000    0.000000000000    0.000000000000    0.000000000000    0.000000000000    0.000000000000
-0.000000220533    1.299505710602    -0.028972346336    -0.000448528939    128533.070312500000    134026.218750000000    125014.679687500000    128533.062500000000    -48315.265625000000    -0.421597182751    0.173410385847    0.000062254323    -0.000430393819    0.125699162483    0.038499578834    0.000000000000    0.000000000000    0.000000000000    0.000000000000    0.000000000000    0.000000000000
-0.000000221647    1.299377083778    -0.029115743935    -0.000374403578    129000.460937500000    133576.421875000000    104108.218750000000    129000.453125000000    -83690.757812500000    -0.423671156168    0.183566346765    0.000055710148    -0.000430462300    0.127326279879    0.039037812501    0.000000000000    0.000000000000    0.000000000000    0.000000000000    0.000000000000    0.000000000000
