wc / wrf: 0.935595
 t  x  y  z vpar vper vx vy vz re(e1)  im(e1)  re(e2)  im(e2)  re(e3)  im(e3)  re(b1)  im(b1)  re(b2)  im(b2)  re(b3)  im(b3)
-0.000000000000    1.299828529358    -0.000029250359    -0.000432842353    131308.437500000000    131308.343750000000    122087.109375000000    131308.437500000000    -48338.683593750000    -0.414345055819    0.149313867092    0.000077447236    -0.000428396132    0.121735110879    0.037153363228    0.000000000000    0.000000000000    0.000000000000    0.000000000000    0.000000000000    0.000000000000
-0.000000001114    1.299703121185    -0.000175502850    -0.000358697289    131310.187500000000    131306.609375000000    101169.890625000000    131310.187500000000    -83702.351562500000    -0.418085664511    0.158837720752    0.000071567723    -0.000429873937    0.123340651393    0.037711385638    0.000000000000    0.000000000000    0.000000000000    0.000000000000    0.000000000000    0.000000000000
-0.000000002228    1.299606919289    -0.000321759464    -0.000249440462    131316.156250000000    131300.625000000000    70344.640625000000    131316.156250000000    -110867.007812500000    -0.420201510191    0.166576057673    0.000066658155    -0.000430347747    0.124604210258    0.038137383759    0.000000000000    0.000000000000    0.000000000000    0.000000000000    0.000000000000    0.000000000000
-0.000000003341    1.299549221992    -0.000468025741    -0.000115775270    131327.640625000000    131289.125000000000    32630.710937500000    131327.656250000000    -127169.476562500000    -0.421231061220    0.171617627144    0.000063409519    -0.000430381740    0.125411927700    0.038404569030    0.000000000000    0.000000000000    0.000000000000    0.000000000000    0.000000000000    0.000000000000
-0.000000004455    1.299535632133    -0.000614307995    0.000029201497    131344.687500000000    131272.078125000000    -8275.916992187500    131344.703125000000    -131010.953125000000    -0.421584159136    0.173346683383    0.000062295367    -0.000430393411    0.125688955188    0.038496203721    0.000000000000    0.000000000000    0.000000000000    0.000000000000    0.000000000000    0.000000000000
-0.000000005569    1.299567461014    -0.000760611729    0.000171283624    131365.875000000000    131250.890625000000    -48365.515625000000    131365.890625000000    -122014.648437500000    -0.421227365732    0.171599417925    0.000063421248    -0.000430381624    0.125409021974    0.038403604180    0.000000000000    0.000000000000    0.000000000000    0.000000000000    0.000000000000    0.000000000000
-0.000000006683    1.299641489983    -0.000906940142    0.000296548824    131388.468750000000    131228.265625000000    -83708.656250000000    131388.500000000000    -101062.937500000000    -0.420197784901    0.166557848454    0.000066669876    -0.000430347631    0.124601289630    0.038136418909    0.000000000000    0.000000000000    0.000000000000    0.000000000000    0.000000000000    0.000000000000
-0.000000007797    1.299750685692    -0.001053292770    0.000392724090    131408.859375000000    131207.859375000000    -110842.281250000000    131408.890625000000    -70210.335937500000    -0.418078780174    0.158820226789    0.000071578521    -0.000429871230    0.123337708414    0.037710361183    0.000000000000    0.000000000000    0.000000000000    0.000000000000    0.000000000000    0.000000000000
-0.000000008910    1.299884319305    -0.001199665014    0.000450388325    131422.843750000000    131193.859375000000    -127109.437500000000    131422.875000000000    -32481.023437500000    -0.414338201284    0.149296373129    0.000077458033    -0.000428393425    0.121732160449    0.037152338773    0.000000000000    0.000000000000    0.000000000000    0.000000000000    0.000000000000    0.000000000000
-0.000000010024    1.300029158592    -0.001346047386    0.000463894336    131426.453125000000    131190.250000000000    -130919.187500000000    131426.484375000000    8428.808593750000    -0.410199165344    0.138758033514    0.000083963823    -0.000426758197    0.119955599308    0.036534879357    0.000000000000    0.000000000000    0.000000000000    0.000000000000    0.000000000000    0.000000000000
-0.000000011138    1.300171017647    -0.001492426614    0.000431919529    131416.484375000000    131200.234375000000    -121901.210937500000    131416.515625000000    48513.855468750000    -0.406060129404    0.128219708800    0.000090469613    -0.000425122969    0.118179038167    0.035917416215    0.000000000000    0.000000000000    0.000000000000    0.000000000000    0.000000000000    0.000000000000
-0.000000012252    1.300296068192    -0.001638786169    0.000357592682    131391.140625000000    131225.609375000000    -100940.523437500000    131391.171875000000    83852.078125000000    -0.402329832315    0.118722081184    0.000096332922    -0.000423649239    0.116577923298    0.035360936075    0.000000000000    0.000000000000    0.000000000000    0.000000000000    0.000000000000    0.000000000000
-0.000000013366    1.300392150879    -0.001785108820    0.000248185330    131350.437500000000    131266.343750000000    -70089.445312500000    131350.468750000000    110987.937500000000    -0.399368941784    0.111183464527    0.000100986857    -0.000422479468    0.115307047963    0.034919232130    0.000000000000    0.000000000000    0.000000000000    0.000000000000    0.000000000000    0.000000000000
-0.000000014479    1.300449728966    -0.001931378385    0.000114398397    131296.500000000000    131320.296875000000    -32365.927734375000    131296.515625000000    127269.281250000000    -0.397472888231    0.106355942786    0.000103967104    -0.000421730394    0.114493221045    0.034636378288    0.000000000000    0.000000000000    0.000000000000    0.000000000000    0.000000000000    0.000000000000
-0.000000015593    1.300463199615    -0.002077582525    -0.000030684852    131233.453125000000    131383.312500000000    8541.650390625000    131233.468750000000    131105.375000000000    -0.396823704243    0.104703038931    0.000104987514    -0.000421473902    0.114214576781    0.034539531916    0.000000000000    0.000000000000    0.000000000000    0.000000000000    0.000000000000    0.000000000000
-0.000000016707    1.300431013107    -0.002223713789    -0.000172877524    131167.156250000000    131449.468750000000    48634.476562500000    131167.171875000000    122121.484375000000    -0.397490084171    0.106399670243    0.000103940110    -0.000421737175    0.114500597119    0.034638941288    0.000000000000    0.000000000000    0.000000000000    0.000000000000    0.000000000000    0.000000000000
-0.000000017821    1.300356626511    -0.002369772876    -0.000298275088    131104.796875000000    131511.687500000000    83993.156250000000    131104.796875000000    101195.257812500000    -0.399403303862    0.111270919442    0.000100932870    -0.000422493031    0.115321792662    0.034924358130    0.000000000000    0.000000000000    0.000000000000    0.000000000000    0.000000000000    0.000000000000
-0.000000018935    1.300247073174    -0.002515767934    -0.000394614006    131053.851562500000    131562.437500000000    111159.968750000000    131053.843750000000    70371.492187500000    -0.402381360531    0.118853271008    0.000096251941    -0.000423669582    0.116600036621    0.035368621349    0.000000000000    0.000000000000    0.000000000000    0.000000000000    0.000000000000    0.000000000000
-0.000000020048    1.300113081932    -0.002661716193    -0.000452470704    131021.468750000000    131594.687500000000    127476.570312500000    131021.460937500000    32663.330078125000    -0.406128823757    0.128394618630    0.000090361631    -0.000425150123    0.118208527565    0.035927664489    0.000000000000    0.000000000000    0.000000000000    0.000000000000    0.000000000000    0.000000000000
-0.000000021162    1.299967646599    -0.002807641635    -0.000466184458    131013.460937500000    131602.640625000000    131344.390625000000    131013.445312500000    -8241.091796875000    -0.410285025835    0.138976678252    0.000083828847    -0.000426792132    0.119992457330    0.036547690630    0.000000000000    0.000000000000    0.000000000000    0.000000000000    0.000000000000    0.000000000000
-0.000000022276    1.299825191498    -0.002953573363    -0.000434413349    131033.437500000000    131582.750000000000    122382.250000000000    131033.429687500000    -48338.539062500000    -0.414441257715    0.149558737874    0.000077296063    -0.000428434141    0.121776394546    0.037167713046    0.000000000000    0.000000000000    0.000000000000    0.000000000000    0.000000000000    0.000000000000
-0.000000023390    1.299699544907    -0.003099543275    -0.000360268430    131082.250000000000    131534.125000000000    101465.125000000000    131082.250000000000    -83702.234375000000    -0.418188720942    0.159100085497    0.000071405753    -0.000429914653    0.123384885490    0.037726756185    0.000000000000    0.000000000000    0.000000000000    0.000000000000    0.000000000000    0.000000000000
-0.000000024504    1.299602866173    -0.003245582804    -0.000251011719    131157.578125000000    131459.031250000000    70639.992187500000    131157.578125000000    -110866.921875000000    -0.420264691114    0.166885465384    0.000066458779    -0.000430349843    0.124653778970    0.038153782487    0.000000000000    0.000000000000    0.000000000000    0.000000000000    0.000000000000    0.000000000000
-0.000000025617    1.299544692039    -0.003391718492    -0.000117346608    131253.921875000000    131362.828125000000    32926.199218750000    131253.937500000000    -127169.429687500000    -0.421299815178    0.171954333782    0.000063192558    -0.000430384011    0.125465884805    0.038422413170    0.000000000000    0.000000000000    0.000000000000    0.000000000000    0.000000000000    0.000000000000
-0.000000026731    1.299530625343    -0.003537969664    0.000027630120    131363.015625000000    131253.765625000000    -7980.285156250000    131363.031250000000    -131010.945312500000    -0.421660363674    0.173719793558    0.000062054947    -0.000430395914    0.125748723745    0.038515977561    0.000000000000    0.000000000000    0.000000000000    0.000000000000    0.000000000000    0.000000000000
-0.000000027845    1.299562215805    -0.003684344701    0.000169712264    131474.390625000000    131142.218750000000    -48069.742187500000    131474.406250000000    -122014.671875000000    -0.421309113503    0.171999841928    0.000063163236    -0.000430384331    0.125473171473    0.038424827158    0.000000000000    0.000000000000    0.000000000000    0.000000000000    0.000000000000    0.000000000000
-0.000000028959    1.299636006355    -0.003830839647    0.000294977537    131576.500000000000    131039.757812500000    -83412.757812500000    131576.531250000000    -101062.992187500000    -0.420283287764    0.166976451874    0.000066400135    -0.000430350454    0.124668359756    0.038158603013    0.000000000000    0.000000000000    0.000000000000    0.000000000000    0.000000000000    0.000000000000
-0.000000030073    1.299744844437    -0.003977438435    0.000391152862    131657.921875000000    130957.960937500000    -110546.281250000000    131657.953125000000    -70210.429687500000    -0.418243676424    0.159240007401    0.000071319373    -0.000429936365    0.123408474028    0.037734955549    0.000000000000    0.000000000000    0.000000000000    0.000000000000    0.000000000000    0.000000000000
-0.000000031187    1.299878239632    -0.004124111030    0.000448817213    131708.500000000000    130907.093750000000    -126813.398437500000    131708.531250000000    -32481.128906250000    -0.414513379335    0.149742394686    0.000077182682    -0.000428462634    0.121807351708    0.037178471684    0.000000000000    0.000000000000    0.000000000000    0.000000000000    0.000000000000    0.000000000000
-0.000000032300    1.300022721291    -0.004270818550    0.000462323340    131720.656250000000    130894.835937500000    -130623.164062500000    131720.687500000000    8428.693359375000    -0.410381197929    0.139221549034    0.000083677674    -0.000426830113    0.120033740997    0.036562036723    0.000000000000    0.000000000000    0.000000000000    0.000000000000    0.000000000000    0.000000000000
-0.000000033414    1.300164341927    -0.004417516757    0.000430348678    131690.406250000000    130925.257812500000    -121605.250000000000    131690.437500000000    48513.742187500000    -0.406252473593    0.128709450364    0.000090167268    -0.000425198959    0.118261598051    0.035946112126    0.000000000000    0.000000000000    0.000000000000    0.000000000000    0.000000000000    0.000000000000
-0.000000034528    1.300289154053    -0.004564157221    0.000356021977    131617.906250000000    130998.132812500000    -100644.710937500000    131617.937500000000    83851.968750000000    -0.402529060841    0.119229324162    0.000096019779    -0.000423727935    0.116663433611    0.035390656441    0.000000000000    0.000000000000    0.000000000000    0.000000000000    0.000000000000    0.000000000000
-0.000000035642    1.300384759903    -0.004710695706    0.000246614771    131507.796875000000    131108.671875000000    -69793.835937500000    131507.828125000000    110987.851562500000    -0.399581909180    0.111725687981    0.000100652120    -0.000422563608    0.115398459136    0.034951001406    0.000000000000    0.000000000000    0.000000000000    0.000000000000    0.000000000000    0.000000000000
-0.000000036756    1.300441861153    -0.004857094493    0.000112827911    131369.000000000000    131247.750000000000    -32070.558593750000    131369.015625000000    127269.218750000000    -0.397696167231    0.106924399734    0.000103616170    -0.000421818579    0.114589050412    0.034669686109    0.000000000000    0.000000000000    0.000000000000    0.000000000000    0.000000000000    0.000000000000
-0.000000037869    1.300454854965    -0.005003327969    -0.000032255281    131213.890625000000    131402.796875000000    8836.771484375000    131213.906250000000    131105.343750000000    -0.397060722113    0.105306483805    0.000104614985    -0.000421567529    0.114316299558    0.034574888647    0.000000000000    0.000000000000    0.000000000000    0.000000000000    0.000000000000    0.000000000000
-0.000000038983    1.300422430038    -0.005149387289    -0.000174447938    131057.437500000000    131558.875000000000    48929.355468750000    131057.437500000000    122121.492187500000    -0.397737383842    0.107029348612    0.000103551385    -0.000421834877    0.114606745541    0.034675836563    0.000000000000    0.000000000000    0.000000000000    0.000000000000    0.000000000000    0.000000000000
-0.000000040097    1.300347685814    -0.005295278039    -0.000299845531    130915.507812500000    131700.109375000000    84287.828125000000    130915.500000000000    101195.289062500000    -0.399660915136    0.111926823854    0.000100527948    -0.000422594807    0.115432366729    0.034962788224    0.000000000000    0.000000000000    0.000000000000    0.000000000000    0.000000000000    0.000000000000
-0.000000041211    1.300237774849    -0.005441026762    -0.000396184449    130803.445312500000    131811.406250000000    111454.484375000000    130803.437500000000    70371.523437500000    -0.402645826340    0.119526669383    0.000095836222    -0.000423774065    0.116713561118    0.035408075899    0.000000000000    0.000000000000    0.000000000000    0.000000000000    0.000000000000    0.000000000000
-0.000000042325    1.300103425980    -0.005586673506    -0.000454041176    130734.359375000000    131879.921875000000    127770.992187500000    130734.351562500000    32663.365234375000    -0.406403601170    0.129094257951    0.000089929716    -0.000425258680    0.118326470256    0.035968657583    0.000000000000    0.000000000000    0.000000000000    0.000000000000    0.000000000000    0.000000000000
-0.000000043438    1.299957871437    -0.005732271820    -0.000467754959    130717.656250000000    131896.500000000000    131638.812500000000    130717.640625000000    -8241.061523437500    -0.410566687584    0.139693811536    0.000083386127    -0.000426903396    0.120113350451    0.036589708179    0.000000000000    0.000000000000    0.000000000000    0.000000000000    0.000000000000    0.000000000000
-0.000000044552    1.299815058708    -0.005877882708    -0.000435983879    130757.789062500000    131856.703125000000    122676.750000000000    130757.781250000000    -48338.511718750000    -0.414729773998    0.150293350220    0.000076842545    -0.000428548141    0.121900238097    0.037210755050    0.000000000000    0.000000000000    0.000000000000    0.000000000000    0.000000000000    0.000000000000
-0.000000045666    1.299689054489    -0.006023569498    -0.000361838989    130853.648437500000    131761.562500000000    101759.796875000000    130853.640625000000    -83702.210937500000    -0.418487548828    0.159860938787    0.000070936039    -0.000430032727    0.123513147235    0.037771336734    0.000000000000    0.000000000000    0.000000000000    0.000000000000    0.000000000000    0.000000000000
-0.000000046780    1.299592137337    -0.006169391330    -0.000252582307    130998.320312500000    131617.718750000000    70934.921875000000    130998.320312500000    -110866.898437500000    -0.420430094004    0.167695388198    0.000065936882    -0.000430355285    0.124783538282    0.038196705282    0.000000000000    0.000000000000    0.000000000000    0.000000000000    0.000000000000    0.000000000000
-0.000000047894    1.299533724785    -0.006315396167    -0.000118917211    131179.515625000000    131437.140625000000    33221.441406250000    131179.531250000000    -127169.421875000000    -0.421468943357    0.172782465816    0.000062658932    -0.000430389598    0.125598549843    0.038466300815    0.000000000000    0.000000000000    0.000000000000    0.000000000000    0.000000000000    0.000000000000
-0.000000049007    1.299519419670    -0.006461614743    0.000026059513    131380.609375000000    131236.125000000000    -7684.694335937500    131380.625000000000    -131010.945312500000    -0.421835064888    0.174575224519    0.000061503735    -0.000430401677    0.125885784626    0.038561314344    0.000000000000    0.000000000000    0.000000000000    0.000000000000    0.000000000000    0.000000000000
-0.000000050121    1.299550414085    -0.006608060095    0.000168141662    131582.171875000000    131034.031250000000    -47773.800781250000    131582.187500000000    -122014.679687500000    -0.421491235495    0.172891676426    0.000062588566    -0.000430390326    0.125616058707    0.038472089916    0.000000000000    0.000000000000    0.000000000000    0.000000000000    0.000000000000    0.000000000000
-0.000000051235    1.299623847008    -0.006754720584    0.000293406949    131763.796875000000    130851.375000000000    -83116.500000000000    131763.828125000000    -101063.000000000000    -0.420470982790    0.167895585299    0.000065807879    -0.000430356653    0.124815613031    0.038207314909    0.000000000000    0.000000000000    0.000000000000    0.000000000000    0.000000000000    0.000000000000
-0.000000052349    1.299732446671    -0.006901563145    0.000389582303    131906.281250000000    130707.789062500000    -110249.796875000000    131906.312500000000    -70210.437500000000    -0.418600887060    0.160149544477    0.000070757873    -0.000430077518    0.123561799526    0.037788245827    0.000000000000    0.000000000000    0.000000000000    0.000000000000    0.000000000000    0.000000000000
-0.000000053463    1.299865365028    -0.007048535161    0.000447246653    131993.468750000000    130619.750000000000    -126516.765625000000    131993.500000000000    -32481.128906250000    -0.414880901575    0.150678157806    0.000076604993    -0.000428607833    0.121965110302    0.037233300507    0.000000000000    0.000000000000    0.000000000000    0.000000000000    0.000000000000    0.000000000000
-0.000000054576    1.300009608269    -0.007195568178    0.000460752781    132014.218750000000    130598.781250000000    -130326.492187500000    132014.250000000000    8428.707031250000    -0.410759031773    0.140183553100    0.000083083789    -0.000426979386    0.120195917785    0.036618400365    0.000000000000    0.000000000000    0.000000000000    0.000000000000    0.000000000000    0.000000000000
-0.000000055690    1.300150871277    -0.007342584431    0.000428778061    131963.671875000000    130649.843750000000    -121308.671875000000    131963.703125000000    48513.757812500000    -0.406637191772    0.129688948393    0.000089562585    -0.000425350940    0.118426725268    0.036003503948    0.000000000000    0.000000000000    0.000000000000    0.000000000000    0.000000000000    0.000000000000
-0.000000056804    1.300275325775    -0.007489505224    0.000354451360    131844.031250000000    130770.585937500000    -100348.335937500000    131844.062500000000    83851.984375000000    -0.402924060822    0.120235055685    0.000095398900    -0.000423883990    0.116832979023    0.035449583083    0.000000000000    0.000000000000    0.000000000000    0.000000000000    0.000000000000    0.000000000000
-0.000000057918    1.300370693207    -0.007636258379    0.000245044124    131664.515625000000    130951.320312500000    -69497.781250000000    131664.546875000000    110987.867187500000    -0.399983793497    0.112748906016    0.000100020443    -0.000422722369    0.115570954978    0.035010956228    0.000000000000    0.000000000000    0.000000000000    0.000000000000    0.000000000000    0.000000000000
-0.000000059032    1.300427556038    -0.007782785688    0.000111257257    131440.843750000000    131175.843750000000    -31774.900390625000    131440.859375000000    127269.234375000000    -0.398108363152    0.107973858714    0.000102968290    -0.000421981444    0.114765971899    0.034731175750    0.000000000000    0.000000000000    0.000000000000    0.000000000000    0.000000000000    0.000000000000
-0.000000060145    1.300440311432    -0.007929049432    -0.000033825952    131193.703125000000    131423.000000000000    9131.980468750000    131193.718750000000    131105.359375000000    -0.397479772568    0.106373429298    0.000103956307    -0.000421733101    0.114496171474    0.034637402743    0.000000000000    0.000000000000    0.000000000000    0.000000000000    0.000000000000    0.000000000000
-0.000000061259    1.300407528877    -0.008075035177    -0.000176018628    130947.031250000000    131668.781250000000    49224.113281250000    130947.031250000000    122121.492187500000    -0.398163318634    0.108113788068    0.000102881910    -0.000422003155    0.114789560437    0.034739375114    0.000000000000    0.000000000000    0.000000000000    0.000000000000    0.000000000000    0.000000000000
-0.000000062373    1.300332307816    -0.008220757358    -0.000301416236    130725.546875000000    131888.671875000000    84582.171875000000    130725.539062500000    101195.281250000000    -0.400100588799    0.113046258688    0.000099836878    -0.000422768528    0.115621082485    0.035028375685    0.000000000000    0.000000000000    0.000000000000    0.000000000000    0.000000000000    0.000000000000
-0.000000063487    1.300222039223    -0.008366256952    -0.000397755153    130552.359375000000    132060.093750000000    111748.500000000000    130552.351562500000    70371.515625000000    -0.403095811605    0.120672330260    0.000095128948    -0.000423951860    0.116906695068    0.035475201905    0.000000000000    0.000000000000    0.000000000000    0.000000000000    0.000000000000    0.000000000000
-0.000000064601    1.300087451935    -0.008511601016    -0.000455611880    130446.570312500000    132164.609375000000    128064.812500000000    130446.562500000000    32663.345703125000    -0.406863868237    0.130266159773    0.000089206253    -0.000425440521    0.118524029851    0.036037322134    0.000000000000    0.000000000000    0.000000000000    0.000000000000    0.000000000000    0.000000000000
-0.000000065714    1.299941420555    -0.008656871505    -0.000469325634    130421.156250000000    132189.687500000000    131932.578125000000    130421.140625000000    -8241.091796875000    -0.411037266254    0.140891939402    0.000082646467    -0.000427089311    0.120315335691    0.036659907550    0.000000000000    0.000000000000    0.000000000000    0.000000000000    0.000000000000    0.000000000000
-0.000000066828    1.299798369408    -0.008802160621    -0.000437554496    130481.453125000000    132130.171875000000    122970.617187500000    130481.445312500000    -48338.550781250000    -0.415210664272    0.151517733932    0.000076086682    -0.000428738102    0.122106641531    0.037282492965    0.000000000000    0.000000000000    0.000000000000    0.000000000000    0.000000000000    0.000000000000
-0.000000067942    1.299672007561    -0.008947564289    -0.000363409577    130624.382812500000    131988.859375000000    102053.906250000000    130624.375000000000    -83702.257812500000    -0.418978720903    0.161111548543    0.000070163987    -0.000430226792    0.123723976314    0.037844613194    0.000000000000    0.000000000000    0.000000000000    0.000000000000    0.000000000000    0.000000000000
-0.000000069056    1.299574613571    -0.009093166329    -0.000254152837    130838.398437500000    131776.718750000000    71229.414062500000    130838.398437500000    -110866.945312500000    -0.420701414347    0.169024035335    0.000065080749    -0.000430364249    0.124996408820    0.038267116994    0.000000000000    0.000000000000    0.000000000000    0.000000000000    0.000000000000    0.000000000000
-0.000000070170    1.299515724182    -0.009239039384    -0.000120487690    131104.421875000000    131512.046875000000    33516.417968750000    131104.437500000000    -127169.453125000000    -0.421749562025    0.174156606197    0.000061773477    -0.000430398853    0.125818714499    0.038539126515    0.000000000000    0.000000000000    0.000000000000    0.000000000000    0.000000000000    0.000000000000
-0.000000071283    1.299501061440    -0.009385225363    0.000024489065    131397.562500000000    131219.171875000000    -7389.183593750000    131397.578125000000    -131010.960937500000    -0.422119379044    0.175967574120    0.000060606548    -0.000430411077    0.126108855009    0.038635101169    0.000000000000    0.000000000000    0.000000000000    0.000000000000    0.000000000000    0.000000000000
-0.000000072397    1.299531817436    -0.009531741031    0.000166571190    131689.328125000000    130926.367187500000    -47477.753906250000    131689.343750000000    -122014.656250000000    -0.421779304743    0.174302220345    0.000061679653    -0.000430399843    0.125842034817    0.038546845317    0.000000000000    0.000000000000    0.000000000000    0.000000000000    0.000000000000    0.000000000000
-0.000000073511    1.299605011940    -0.009678565897    0.000291836390    131950.468750000000    130663.171875000000    -82819.960937500000    131950.500000000000    -101062.945312500000    -0.420764595270    0.169333443046    0.000064881373    -0.000430366345    0.125045984983    0.038283515722    0.000000000000    0.000000000000    0.000000000000    0.000000000000    0.000000000000    0.000000000000
-0.000000074625    1.299713253975    -0.009825651534    0.000388011656    132153.968750000000    130457.367187500000    -109952.851562500000    132154.000000000000    -70210.343750000000    -0.419150471687    0.161548823118    0.000069894035    -0.000430294633    0.123797692358    0.037870232016    0.000000000000    0.000000000000    0.000000000000    0.000000000000    0.000000000000    0.000000000000
-0.000000075739    1.299845814705    -0.009972922504    0.000445675891    132277.734375000000    130331.867187500000    -126219.554687500000    132277.765625000000    -32480.994140625000    -0.415444225073    0.152112424374    0.000075719552    -0.000428830390    0.122206896544    0.037317335606    0.000000000000    0.000000000000    0.000000000000    0.000000000000    0.000000000000    0.000000000000
-0.000000076852    1.299989581108    -0.010120281018    0.000459181843    132307.046875000000    130302.101562500000    -130029.179687500000    132307.078125000000    8428.867187500000    -0.411332666874    0.141644060612    0.000082182152    -0.000427206018    0.120442129672    0.036703974009    0.000000000000    0.000000000000    0.000000000000    0.000000000000    0.000000000000    0.000000000000
-0.000000077966    1.300130486488    -0.010267616250    0.000427206920    132236.218750000000    130373.976562500000    -121011.437500000000    132236.250000000000    48513.937500000000    -0.407224535942    0.131184428930    0.000088639354    -0.000425583014    0.118678838015    0.036091126502    0.000000000000    0.000000000000    0.000000000000    0.000000000000    0.000000000000    0.000000000000
-0.000000079080    1.300254702568    -0.010414817370    0.000352880044    132069.390625000000    130542.945312500000    -100051.359375000000    132069.421875000000    83852.164062500000    -0.403518289328    0.121748030186    0.000094464871    -0.000424118771    0.117088034749    0.035538230091    0.000000000000    0.000000000000    0.000000000000    0.000000000000    0.000000000000    0.000000000000
-0.000000080194    1.300349712372    -0.010561783798    0.000243472619    131820.453125000000    130794.296875000000    -69201.226562500000    131820.484375000000    110988.007812500000    -0.400588333607    0.114288114011    0.000099070217    -0.000422961224    0.115830436349    0.035101138055    0.000000000000    0.000000000000    0.000000000000    0.000000000000    0.000000000000    0.000000000000
-0.000000081308    1.300406217575    -0.010708438233    0.000109685614    131511.906250000000    131104.546875000000    -31478.894531250000    131511.921875000000    127269.320312500000    -0.398719757795    0.109530560672    0.000102007267    -0.000422222976    0.115028403699    0.034822385758    0.000000000000    0.000000000000    0.000000000000    0.000000000000    0.000000000000    0.000000000000
-0.000000082421    1.300418496132    -0.010854729451    -0.000035397650    131172.750000000000    131443.875000000000    9427.363281250000    131172.765625000000    131105.375000000000    -0.398104906082    0.107965111732    0.000102973689    -0.000421980076    0.114764496684    0.034730665386    0.000000000000    0.000000000000    0.000000000000    0.000000000000    0.000000000000    0.000000000000
-0.000000083535    1.300385355949    -0.011000640690    -0.000177590293    130835.890625000000    131779.187500000000    49518.851562500000    130835.890625000000    122121.421875000000    -0.398802191019    0.109740450978    0.000101877697    -0.000422255544    0.115063786507    0.034834682941    0.000000000000    0.000000000000    0.000000000000    0.000000000000    0.000000000000    0.000000000000
-0.000000084649    1.300309777260    -0.011146194302    -0.000302987726    130534.875000000000    132077.375000000000    84876.304687500000    130534.867187500000    101195.117187500000    -0.400746345520    0.114690408111    0.000098821867    -0.000423023652    0.115898251534    0.035124711692    0.000000000000    0.000000000000    0.000000000000    0.000000000000    0.000000000000    0.000000000000
-0.000000085763    1.300199270248    -0.011291447096    -0.000399326469    130300.578125000000    132308.515625000000    112042.117187500000    130300.570312500000    70371.273437500000    -0.403751879930    0.122342720628    0.000094097741    -0.000424211030    0.117188289762    0.035573072731    0.000000000000    0.000000000000    0.000000000000    0.000000000000    0.000000000000    0.000000000000
-0.000000086877    1.300064325333    -0.011436488479    -0.000457182876    130158.085937500000    132448.703125000000    128358.062500000000    130158.078125000000    32663.035156250000    -0.407526820898    0.131954029202    0.000088164241    -0.000425702427    0.118808574975    0.036136217415    0.000000000000    0.000000000000    0.000000000000    0.000000000000    0.000000000000    0.000000000000
-0.000000087990    1.299918055534    -0.011581430212    -0.000470896281    130123.968750000000    132482.234375000000    132225.671875000000    130123.953125000000    -8241.441406250000    -0.411710500717    0.142606064677    0.000081588267    -0.000427355291    0.120604306459    0.036760341376    0.000000000000    0.000000000000    0.000000000000    0.000000000000    0.000000000000    0.000000000000
-0.000000089104    1.299774527550    -0.011726397090    -0.000439124793    130204.421875000000    132403.140625000000    123263.742187500000    130204.414062500000    -48338.910156250000    -0.415894210339    0.153258085251    0.000075012285    -0.000429008156    0.122400030494    0.037384461612    0.000000000000    0.000000000000    0.000000000000    0.000000000000    0.000000000000    0.000000000000
-0.000000090218    1.299647927284    -0.011871515773    -0.000364979438    130394.406250000000    132216.046875000000    102347.296875000000    130394.398437500000    -83702.585937500000    -0.419454425573    0.162917718291    0.000069015463    -0.000430323067    0.124018095434    0.037943504751    0.000000000000    0.000000000000    0.000000000000    0.000000000000    0.000000000000    0.000000000000
-0.000000091332    1.299550294876    -0.012016899884    -0.000255722378    130677.781250000000    131936.000000000000    71523.257812500000    130677.781250000000    -110867.203125000000    -0.421080529690    0.170880496502    0.000063884501    -0.000430376764    0.125293835998    0.038365505636    0.000000000000    0.000000000000    0.000000000000    0.000000000000    0.000000000000    0.000000000000
-0.000000092446    1.299491047859    -0.012162639759    -0.000122057012    131028.671875000000    131587.531250000000    33810.871093750000    131028.671875000000    -127169.601562500000    -0.422132402658    0.176031276584    0.000060565504    -0.000430411514    0.126119062304    0.038638480008    0.000000000000    0.000000000000    0.000000000000    0.000000000000    0.000000000000    0.000000000000
-0.000000093560    1.299476027489    -0.012308793142    0.000022919832    131413.828125000000    131202.890625000000    -7094.014648437500    131413.843750000000    -131010.976562500000    -0.422509670258    0.177878648043    0.000059375121    -0.000430423970    0.126415029168    0.038736380637    0.000000000000    0.000000000000    0.000000000000    0.000000000000    0.000000000000    0.000000000000
-0.000000094673    1.299506425858    -0.012455376796    0.000165001911    131795.765625000000    130819.226562500000    -47181.828125000000    131795.781250000000    -122014.531250000000    -0.422175139189    0.176240593195    0.000060430630    -0.000430412911    0.126152589917    0.038649570197    0.000000000000    0.000000000000    0.000000000000    0.000000000000    0.000000000000    0.000000000000
-0.000000095787    1.299579262733    -0.012602366507    0.000290266937    132136.421875000000    130475.132812500000    -82523.312500000000    132136.453125000000    -101062.664062500000    -0.421164155006    0.171290010214    0.000063620624    -0.000430379529    0.125359445810    0.038387209177    0.000000000000    0.000000000000    0.000000000000    0.000000000000    0.000000000000    0.000000000000
-0.000000096901    1.299687266350    -0.012749697082    0.000386441825    132400.968750000000    130206.671875000000    -109655.570312500000    132401.000000000000    -70209.914062500000    -0.419578939676    0.163527429104    0.000068622576    -0.000430327171    0.124115779996    0.037975817919    0.000000000000    0.000000000000    0.000000000000    0.000000000000    0.000000000000    0.000000000000
-0.000000098015    1.299819469452    -0.012897265144    0.000444105506    132561.343750000000    130043.398437500000    -125921.804687500000    132561.375000000000    -32480.472656250000    -0.416199922562    0.154036432505    0.000074531774    -0.000429128937    0.122531250119    0.037430066615    0.000000000000    0.000000000000    0.000000000000    0.000000000000    0.000000000000    0.000000000000
-0.000000099129    1.299963116646    -0.013044945896    0.000457610848    132599.218750000000    130004.765625000000    -129731.179687500000    132599.250000000000    8429.435546875000    -0.412095218897    0.143585562706    0.000080983576    -0.000427507272    0.120769426227    0.036817733198    0.000000000000    0.000000000000    0.000000000000    0.000000000000    0.000000000000    0.000000000000
-0.000000100242    1.300103783607    -0.013192596845    0.000425635313    132508.093750000000    130097.625000000000    -120713.437500000000    132508.125000000000    48514.484375000000    -0.407990515232    0.133134678006    0.000087435379    -0.000425885635    0.119007609785    0.036205396056    0.000000000000    0.000000000000    0.000000000000    0.000000000000    0.000000000000    0.000000000000
-0.000000101356    1.300227642059    -0.013340075500    0.000351307855    132294.125000000000    130315.195312500000    -99753.625000000000    132294.156250000000    83852.632812500000    -0.404294580221    0.123724520206    0.000093244700    -0.000424425467    0.117421232164    0.035654038191    0.000000000000    0.000000000000    0.000000000000    0.000000000000    0.000000000000    0.000000000000
-0.000000102470    1.300322413445    -0.013487256132    0.000241900008    131975.796875000000    130637.562500000000    -68903.992187500000    131975.828125000000    110988.343750000000    -0.401371479034    0.116282090545    0.000097839249    -0.000423270627    0.116166584194    0.035217970610    0.000000000000    0.000000000000    0.000000000000    0.000000000000    0.000000000000    0.000000000000
-0.000000103584    1.300378680229    -0.013634037226    0.000108112712    131582.390625000000    131033.820312500000    -31182.359375000000    131582.406250000000    127269.492187500000    -0.399513214827    0.111550778151    0.000100760102    -0.000422536454    0.115368969738    0.034940753132    0.000000000000    0.000000000000    0.000000000000    0.000000000000    0.000000000000    0.000000000000
-0.000000104698    1.300390839577    -0.013780355453    -0.000036970650    131151.203125000000    131465.375000000000    9723.059570312500    131151.218750000000    131105.343750000000    -0.398901820183    0.109994068742    0.000101721125    -0.000422294921    0.115106545389    0.034849543124    0.000000000000    0.000000000000    0.000000000000    0.000000000000    0.000000000000    0.000000000000
-0.000000105811    1.300357460976    -0.013926192187    -0.000179163151    130724.148437500000    131890.046875000000    49813.648437500000    130724.148437500000    122121.210937500000    -0.399602532387    0.111778154969    0.000100619727    -0.000422571757    0.115407302976    0.034954078496    0.000000000000    0.000000000000    0.000000000000    0.000000000000    0.000000000000    0.000000000000
-0.000000106925    1.300281643867    -0.014071575366    -0.000304560323    130343.578125000000    132266.156250000000    85170.234375000000    130343.570312500000    101194.734375000000    -0.401556968689    0.116754353046    0.000097547701    -0.000423343910    0.116246193647    0.035245642066    0.000000000000    0.000000000000    0.000000000000    0.000000000000    0.000000000000    0.000000000000
-0.000000108039    1.300170660019    -0.014216578566    -0.000400898512    130048.156250000000    132556.625000000000    112335.312500000000    130048.148437500000    70370.765625000000    -0.404572814703    0.124432899058    0.000092807379    -0.000424535363    0.117540657520    0.035695541650    0.000000000000    0.000000000000    0.000000000000    0.000000000000    0.000000000000    0.000000000000
-0.000000109153    1.300035357475    -0.014361315407    -0.000458754279    129868.945312500000    132732.203125000000    128650.726562500000    129868.937500000000    32662.457031250000    -0.408361494541    0.134079188108    0.000086852284    -0.000426032173    0.119166836143    0.036260735244    0.000000000000    0.000000000000    0.000000000000    0.000000000000    0.000000000000    0.000000000000
-0.000000110267    1.299888730049    -0.014505926520    -0.000472467014    129826.140625000000    132774.078125000000    132518.046875000000    129826.125000000000    -8242.038085937500    -0.412552058697    0.144748702645    0.000080265512    -0.000427687773    0.120965518057    0.036885883659    0.000000000000    0.000000000000    0.000000000000    0.000000000000    0.000000000000    0.000000000000
-0.000000111380    1.299744963646    -0.014650570229    -0.000440694857    129926.765625000000    132675.609375000000    123556.148437500000    129926.757812500000    -48339.460937500000    -0.416742622852    0.155418217182    0.000073678733    -0.000429343345    0.122764192522    0.037511028349    0.000000000000    0.000000000000    0.000000000000    0.000000000000    0.000000000000    0.000000000000
-0.000000112494    1.299617886543    -0.014795402996    -0.000366548978    130163.812500000000    132443.062500000000    102640.015625000000    130163.804687500000    -83703.039062500000    -0.419920891523    0.165201902390    0.000067543609    -0.000430338463    0.124384045601    0.038064558059    0.000000000000    0.000000000000    0.000000000000    0.000000000000    0.000000000000    0.000000000000
-0.000000113608    1.299519896507    -0.014940566383    -0.000257291482    130516.523437500000    132095.484375000000    71816.570312500000    130516.523437500000    -110867.507812500000    -0.421552568674    0.173191979527    0.000062395055    -0.000430392363    0.125664174557    0.038488004357    0.000000000000    0.000000000000    0.000000000000    0.000000000000    0.000000000000    0.000000000000
-0.000000114722    1.299460411072    -0.015086173080    -0.000123625869    130952.265625000000    131663.546875000000    34105.000000000000    130952.265625000000    -127169.726562500000    -0.422610014677    0.178370058537    0.000059058464    -0.000430427259    0.126493766904    0.038762424141    0.000000000000    0.000000000000    0.000000000000    0.000000000000    0.000000000000    0.000000000000
-0.000000115836    1.299445152283    -0.015232292935    0.000021351012    131429.453125000000    131187.203125000000    -6798.921875000000    131429.468750000000    -131010.906250000000    -0.422989130020    0.180226534605    0.000057862217    -0.000430439803    0.126791194081    0.038860812783    0.000000000000    0.000000000000    0.000000000000    0.000000000000    0.000000000000    0.000000000000
-0.000000116949    1.299475312233    -0.015378945507    0.000163432924    131901.578125000000    130712.492187500000    -46885.718750000000    131901.593750000000    -122014.289062500000    -0.422658324242    0.178606659174    0.000058906004    -0.000430428860    0.126531675458    0.038774967194    0.000000000000    0.000000000000    0.000000000000    0.000000000000    0.000000000000    0.000000000000
-0.000000118063    1.299547910690    -0.015526098199    0.000288697571    132321.718750000000    130287.140625000000    -82226.242187500000    132321.750000000000    -101062.273437500000    -0.421652913094    0.173683404922    0.000062078405    -0.000430395681    0.125742897391    0.038514047861    0.000000000000    0.000000000000    0.000000000000    0.000000000000    0.000000000000    0.000000000000
-0.000000119177    1.299655437469    -0.015673672780    0.000384871964    132647.296875000000    129955.648437500000    -109357.695312500000    132647.328125000000    -70209.429687500000    -0.420073270798    0.165948122740    0.000067062763    -0.000430343498    0.124503605068    0.038104105741    0.000000000000    0.000000000000    0.000000000000    0.000000000000    0.000000000000    0.000000000000
-0.000000120291    1.299787402153    -0.015821540728    0.000442535093    132844.281250000000    129754.312500000000    -125623.367187500000    132844.312500000000    -32479.937500000000    -0.417123883963    0.156388968229    0.000073079442    -0.000429493986    0.122927844524    0.037567906082    0.000000000000    0.000000000000    0.000000000000    0.000000000000    0.000000000000    0.000000000000
-0.000000121405    1.299930453300    -0.015969542786    0.000456039852    132890.734375000000    129706.734375000000    -129432.484375000000    132890.765625000000    8429.973632812500    -0.413032948971    0.145973071456    0.000079509649    -0.000427877763    0.121171921492    0.036957621574    0.000000000000    0.000000000000    0.000000000000    0.000000000000    0.000000000000    0.000000000000
-0.000000122518    1.300070643425    -0.016117511317    0.000424063735    132779.328125000000    129820.781250000000    -120414.812500000000    132779.359375000000    48514.988281250000    -0.408945411444    0.135565921664    0.000085934458    -0.000426262879    0.119417473674    0.036347847432    0.000000000000    0.000000000000    0.000000000000    0.000000000000    0.000000000000    0.000000000000
-0.000000123632    1.300194144249    -0.016265267506    0.000349735754    132518.218750000000    130087.320312500000    -99455.382812500000    132518.250000000000    83853.054687500000    -0.405259788036    0.126182004809    0.000091727583    -0.000424806785    0.117835521698    0.035798024386    0.000000000000    0.000000000000    0.000000000000    0.000000000000    0.000000000000    0.000000000000
-0.000000124746    1.300288558006    -0.016412660480    0.000240327470    132130.484375000000    130481.117187500000    -68606.414062500000    132130.515625000000    110988.648437500000    -0.402346998453    0.118765816092    0.000096305928    -0.000423656020    0.116585291922    0.035363495350    0.000000000000    0.000000000000    0.000000000000    0.000000000000    0.000000000000    0.000000000000
-0.000000125860    1.300344467163    -0.016559569165    0.000106539956    131652.203125000000    130963.664062500000    -30885.685546875000    131652.218750000000    127269.625000000000    -0.400495588779    0.114051982760    0.000099215991    -0.000422924582    0.115790627897    0.035087306052    0.000000000000    0.000000000000    0.000000000000    0.000000000000    0.000000000000    0.000000000000
-0.000000126974    1.300356149673    -0.016705915332    -0.000038543458    131128.984375000000    131487.546875000000    10018.683593750000    131129.000000000000    131105.312500000000    -0.399897933006    0.112530268729    0.000100155419    -0.000422688463    0.115534096956    0.034998144954    0.000000000000    0.000000000000    0.000000000000    0.000000000000    0.000000000000    0.000000000000
-0.000000128087    1.300322413445    -0.016851674765    -0.000180735835    130611.734375000000    132001.375000000000    50108.183593750000    130611.734375000000    122120.992187500000    -0.400612384081    0.114349335432    0.000099032426    -0.000422970712    0.115840755403    0.035104725510    0.000000000000    0.000000000000    0.000000000000    0.000000000000    0.000000000000    0.000000000000
-0.000000129201    1.300246238708    -0.016996886581    -0.000306132628    130151.625000000000    132455.046875000000    85463.742187500000    130151.617187500000    101194.351562500000    -0.402573704720    0.119343012571    0.000095949596    -0.000423745572    0.116682596505    0.035397317261    0.000000000000    0.000000000000    0.000000000000    0.000000000000    0.000000000000    0.000000000000
-0.000000130315    1.300135016441    -0.017141638324    -0.000402470323    129795.109375000000    132804.437500000000    112627.960937500000    129795.101562500000    70370.234375000000    -0.405599832535    0.127047806978    0.000091193084    -0.000424941129    0.117981478572    0.035848755389    0.000000000000    0.000000000000    0.000000000000    0.000000000000    0.000000000000    0.000000000000
-0.000000131429    1.299999475479    -0.017286069691    -0.000460325478    129579.187500000000    133015.109375000000    128942.750000000000    129579.179687500000    32661.830078125000    -0.409391969442    0.136702835560    0.000085232590    -0.000426439306    0.119609132409    0.036414459348    0.000000000000    0.000000000000    0.000000000000    0.000000000000    0.000000000000    0.000000000000
-0.000000132543    1.299852490425    -0.017430348322    -0.000474037486    129527.679687500000    133065.265625000000    132809.765625000000    129527.664062500000    -8242.697265625000    -0.413596272469    0.147407338023    0.000078624216    -0.000428100291    0.121413707733    0.037041656673    0.000000000000    0.000000000000    0.000000000000    0.000000000000    0.000000000000    0.000000000000
-0.000000133656    1.299708247185    -0.017574667931    -0.000442264631    129648.468750000000    132947.593750000000    123847.906250000000    129648.460937500000    -48340.093750000000    -0.417800575495    0.158111840487    0.000072015842    -0.000429761305    0.123218283057    0.037668853998    0.000000000000    0.000000000000    0.000000000000    0.000000000000    0.000000000000    0.000000000000
-0.000000134770    1.299581050873    -0.017719214782    -0.000368118112    129932.570312500000    132669.937500000000    102932.171875000000    129932.562500000000    -83703.570312500000    -0.420495152473    0.168013900518    0.000065731649    -0.000430357439    0.124834567308    0.038213584572    0.000000000000    0.000000000000    0.000000000000    0.000000000000    0.000000000000    0.000000000000
-0.000000135884    1.299482703209    -0.017864160240    -0.000258860120    130354.632812500000    132255.265625000000    72109.445312500000    130354.632812500000    -110867.890625000000    -0.422132402658    0.176031276584    0.000060565504    -0.000430411514    0.126119062304    0.038638480008    0.000000000000    0.000000000000    0.000000000000    0.000000000000    0.000000000000    0.000000000000
-0.000000136998    1.299422860146    -0.018009630963    -0.000125194172    130875.226562500000    131740.156250000000    34398.851562500000    130875.226562500000    -127169.921875000000    -0.423193544149    0.181227564812    0.000057217181    -0.000430446555    0.126951575279    0.038913864642    0.000000000000    0.000000000000    0.000000000000    0.000000000000    0.000000000000    0.000000000000
-0.000000138112    1.299407124519    -0.018155716360    0.000019782803    131444.421875000000    131172.218750000000    -6503.931640625000    131444.437500000000    -131010.875000000000    -0.423580110073    0.183120429516    0.000055997483    -0.000430459302    0.127254843712    0.039014179260    0.000000000000    0.000000000000    0.000000000000    0.000000000000    0.000000000000    0.000000000000
-0.000000139225    1.299436926842    -0.018302435055    0.000161864547    132006.734375000000    130606.304687500000    -46589.535156250000    132006.750000000000    -122014.023437500000    -0.423256725073    0.181536972523    0.000057017813    -0.000430448621    0.127001151443    0.038930259645    0.000000000000    0.000000000000    0.000000000000    0.000000000000    0.000000000000    0.000000000000
-0.000000140339    1.299509167671    -0.018449749798    0.000287128758    132506.406250000000    130099.335937500000    -81928.921875000000    132506.437500000000    -101061.796875000000    -0.422255039215    0.176631897688    0.000060178481    -0.000430415559    0.126215294003    0.038670308888    0.000000000000    0.000000000000    0.000000000000    0.000000000000    0.000000000000    0.000000000000
-0.000000141453    1.299616456032    -0.018597561866    0.000383302482    132893.015625000000    129704.390625000000    -109059.406250000000    132893.046875000000    -70208.781250000000    -0.420680969954    0.168923929334    0.000065145250    -0.000430363580    0.124980367720    0.038261812180    0.000000000000    0.000000000000    0.000000000000    0.000000000000    0.000000000000    0.000000000000
-0.000000142567    1.299748063087    -0.018745725974    0.000440964825    133126.562500000000    129464.671875000000    -125324.375000000000    133126.593750000000    -32479.179687500000    -0.418253958225    0.159266248345    0.000071303177    -0.000429940439    0.123412892222    0.037736494094    0.000000000000    0.000000000000    0.000000000000    0.000000000000    0.000000000000    0.000000000000
-0.000000143681    1.299891114235    -0.018894050270    0.000454468682    133181.593750000000    129408.070312500000    -129133.132812500000    133181.625000000000    8430.765625000000    -0.414166450500    0.148859098554    0.000077727978    -0.000428325584    0.121658444405    0.037126719952    0.000000000000    0.000000000000    0.000000000000    0.000000000000    0.000000000000    0.000000000000
-0.000000144794    1.300031185150    -0.019042331725    0.000422491692    133049.890625000000    129543.453125000000    -120115.476562500000    133049.921875000000    48515.722656250000    -0.410078942776    0.138451948762    0.000084152787    -0.000426710700    0.119903996587    0.036516942084    0.000000000000    0.000000000000    0.000000000000    0.000000000000    0.000000000000    0.000000000000
-0.000000145908    1.300154209137    -0.019190367311    0.000348162954    132741.625000000000    129859.320312500000    -99156.476562500000    132741.656250000000    83853.656250000000    -0.406407028437    0.129103004932    0.000089924317    -0.000425260019    0.118327945471    0.035969171673    0.000000000000    0.000000000000    0.000000000000    0.000000000000    0.000000000000    0.000000000000
-0.000000147022    1.300248265266    -0.019337972626    0.000238754088    132284.484375000000    130324.968750000000    -68308.296875000000    132284.515625000000    110989.062500000000    -0.403504550457    0.121713049710    0.000094486466    -0.000424113328    0.117082141340    0.035536181182    0.000000000000    0.000000000000    0.000000000000    0.000000000000    0.000000000000    0.000000000000
-0.000000148136    1.300303936005    -0.019485004246    0.000104966202    131721.359375000000    130894.117187500000    -30588.644531250000    131721.375000000000    127269.812500000000    -0.401663452387    0.117025457323    0.000097380333    -0.000423385965    0.116291902959    0.035261526704    0.000000000000    0.000000000000    0.000000000000    0.000000000000    0.000000000000    0.000000000000
-0.000000149250    1.300315380096    -0.019631376490    -0.000040117280    131106.125000000000    131510.343750000000    10314.462890625000    131106.140625000000    131105.250000000000    -0.401069223881    0.115512490273    0.000098314355    -0.000423151214    0.116036839783    0.035172879696    0.000000000000    0.000000000000    0.000000000000    0.000000000000    0.000000000000    0.000000000000
-0.000000150363    1.300281405449    -0.019777061418    -0.000182309450    130498.695312500000    132113.140625000000    50402.632812500000    130498.695312500000    122120.687500000000    -0.401790559292    0.117349043489    0.000097180571    -0.000423436170    0.116346448660    0.035280484706    0.000000000000    0.000000000000    0.000000000000    0.000000000000    0.000000000000    0.000000000000
-0.000000151477    1.300204992294    -0.019922100008    -0.000307705806    129959.046875000000    132644.031250000000    85756.937500000000    129959.039062500000    101193.843750000000    -0.403762161732    0.122368961573    0.000094081544    -0.000424215104    0.117192715406    0.035574611276    0.000000000000    0.000000000000    0.000000000000    0.000000000000    0.000000000000    0.000000000000
-0.000000152591    1.300093412399    -0.020066604018    -0.000404042861    129541.406250000000    133051.937500000000    112920.101562500000    129541.398437500000    70369.578125000000    -0.406795173883    0.130091249943    0.000089314228    -0.000425413367    0.118494540453    0.036027073860    0.000000000000    0.000000000000    0.000000000000    0.000000000000    0.000000000000    0.000000000000
-0.000000153705    1.299957513809    -0.020210729912    -0.000461897231    129288.796875000000    133297.421875000000    129234.140625000000    129288.789062500000    32661.082031250000    -0.410601049662    0.139781266451    0.000083332139    -0.000426916959    0.120128095150    0.036594830453    0.000000000000    0.000000000000    0.000000000000    0.000000000000    0.000000000000    0.000000000000
-0.000000154819    1.299810290337    -0.020354682580    -0.000475608365    129228.593750000000    133355.781250000000    133100.781250000000    129228.578125000000    -8243.458007812500    -0.414808779955    0.150494500995    0.000076718366    -0.000428579340    0.121934145689    0.037222538143    0.000000000000    0.000000000000    0.000000000000    0.000000000000    0.000000000000    0.000000000000
-0.000000155933    1.299665927887    -0.020498678088    -0.000443834637    129369.546875000000    133219.031250000000    124138.984375000000    129369.539062500000    -48340.785156250000    -0.419016510248    0.161207750440    0.000070104594    -0.000430241693    0.123740196228    0.037850249559    0.000000000000    0.000000000000    0.000000000000    0.000000000000    0.000000000000    0.000000000000
-0.000000157046    1.299538254738    -0.020642938092    -0.000369687419    129700.710937500000    132896.640625000000    103223.750000000000    129700.703125000000    -83704.140625000000    -0.421160459518    0.171271800995    0.000063632353    -0.000430379412    0.125356525183    0.038386240602    0.000000000000    0.000000000000    0.000000000000    0.000000000000    0.000000000000    0.000000000000
-0.000000158160    1.299439668655    -0.020787661895    -0.000260428846    130192.117187500000    132415.265625000000    72401.906250000000    130192.117187500000    -110868.273437500000    -0.422801434994    0.179307401180    0.000058454480    -0.000430433603    0.126643940806    0.038812100887    0.000000000000    0.000000000000    0.000000000000    0.000000000000    0.000000000000    0.000000000000
-0.000000159274    1.299379587173    -0.020933000371    -0.000126762592    130797.539062500000    131817.281250000000    34692.503906250000    130797.539062500000    -127170.085937500000    -0.423868149519    0.184530973434    0.000055088571    -0.000430468819    0.127480819821    0.039088934660    0.000000000000    0.000000000000    0.000000000000    0.000000000000    0.000000000000    0.000000000000
-0.000000160388    1.299363613129    -0.021079050377    0.000018214449    131458.750000000000    131157.875000000000    -6208.899414062500    131458.765625000000    -131010.835937500000    -0.424258410931    0.186442047358    0.000053857140    -0.000430481712    0.127787008882    0.039190214127    0.000000000000    0.000000000000    0.000000000000    0.000000000000    0.000000000000    0.000000000000
-0.000000161502    1.299393177032    -0.021225837991    0.000160296026    132111.250000000000    130500.625000000000    -46293.070312500000    132111.265625000000    -122013.789062500000    -0.423936903477    0.184867680073    0.000054871602    -0.000430471089    0.127534776926    0.039106778800    0.000000000000    0.000000000000    0.000000000000    0.000000000000    0.000000000000    0.000000000000
-0.000000162615    1.299465179443    -0.021373318508    0.000285559887    132690.437500000000    129911.679687500000    -81631.117187500000    132690.468750000000    -101061.390625000000    -0.422940790653    0.179989919066    0.000058014684    -0.000430438202    0.126753285527    0.038848273456    0.000000000000    0.000000000000    0.000000000000    0.000000000000    0.000000000000    0.000000000000
-0.000000163729    1.299572110176    -0.021521372721    0.000381733145    133138.093750000000    129452.875000000000    -108760.500000000000    133138.125000000000    -70208.250000000000    -0.421370446682    0.172300145030    0.000062969724    -0.000430386339    0.125521287322    0.038440741599    0.000000000000    0.000000000000    0.000000000000    0.000000000000    0.000000000000    0.000000000000
-0.000000164843    1.299703478813    -0.021669834852    0.000439394877    133408.234375000000    129174.468750000000    -125024.718750000000    133408.265625000000    -32478.593750000000    -0.419383823872    0.162571907043    0.000069238289    -0.000430320739    0.123962685466    0.037925176322    0.000000000000    0.000000000000    0.000000000000    0.000000000000    0.000000000000    0.000000000000
-0.000000165957    1.299845933914    -0.021818483248    0.000452898064    133471.812500000000    129108.765625000000    -128833.148437500000    133471.843750000000    8431.350585937500    -0.415464848280    0.152164891362    0.000075687160    -0.000428838539    0.122215740383    0.037320412695    0.000000000000    0.000000000000    0.000000000000    0.000000000000    0.000000000000    0.000000000000
-0.000000167071    1.299985527992    -0.021967079490    0.000420920464    133319.828125000000    129265.695312500000    -119815.648437500000    133319.859375000000    48516.253906250000    -0.411394506693    0.141801476479    0.000082084975    -0.000427230436    0.120468668640    0.036713197827    0.000000000000    0.000000000000    0.000000000000    0.000000000000    0.000000000000    0.000000000000
-0.000000168184    1.300108432770    -0.022115392610    0.000346591201    132964.406250000000    129631.265625000000    -98857.242187500000    132964.437500000000    83854.093750000000    -0.407726049423    0.132461279631    0.000087851098    -0.000425781123    0.118894085288    0.036165937781    0.000000000000    0.000000000000    0.000000000000    0.000000000000    0.000000000000    0.000000000000
-0.000000169298    1.300202250481    -0.022263208404    0.000237181943    132437.875000000000    130169.156250000000    -68010.078125000000    132437.906250000000    110989.359375000000    -0.404830425978    0.125088810921    0.000092402457    -0.000424637168    0.117651231587    0.035733971745    0.000000000000    0.000000000000    0.000000000000    0.000000000000    0.000000000000    0.000000000000
-0.000000170412    1.300257444382    -0.022410366684    0.000103393817    131789.875000000000    130825.187500000000    -30291.738281250000    131789.890625000000    127269.953125000000    -0.402999639511    0.120427459478    0.000095280120    -0.000423913851    0.116865411401    0.035460855812    0.000000000000    0.000000000000    0.000000000000    0.000000000000    0.000000000000    0.000000000000
-0.000000171526    1.300268530846    -0.022556761280    -0.000041689731    131082.609375000000    131533.828125000000    10609.879882812500    131082.625000000000    131105.234375000000    -0.402419149876    0.118949472904    0.000096192554    -0.000423684512    0.116616249084    0.035374257714    0.000000000000    0.000000000000    0.000000000000    0.000000000000    0.000000000000    0.000000000000
-0.000000172640    1.300233960152    -0.022702367976    -0.000183881784    130384.984375000000    132225.406250000000    50696.539062500000    130384.984375000000    122120.531250000000    -0.403154194355    0.120821006596    0.000095037169    -0.000423974911    0.116931758821    0.035483915359    0.000000000000    0.000000000000    0.000000000000    0.000000000000    0.000000000000    0.000000000000
-0.000000173753    1.300157189369    -0.022847237065    -0.000309277879    129765.789062500000    132833.140625000000    86049.460937500000    129765.781250000000    101193.570312500000    -0.405136138201    0.125867158175    0.000091921946    -0.000424757920    0.117782443762    0.035779576749    0.000000000000    0.000000000000    0.000000000000    0.000000000000    0.000000000000    0.000000000000
-0.000000174867    1.300045371056    -0.022991489619    -0.000405614614    129287.039062500000    133299.156250000000    113211.500000000000    129287.031250000000    70369.218750000000    -0.408179432154    0.133615672588    0.000087138433    -0.000425960257    0.119088694453    0.036233577877    0.000000000000    0.000000000000    0.000000000000    0.000000000000    0.000000000000    0.000000000000
-0.000000175981    1.299908995628    -0.023135310039    -0.000463468576    128997.734375000000    133579.140625000000    129524.796875000000    128997.718750000000    32660.679687500000    -0.411995619535    0.143331930041    0.000081140148    -0.000427467923    0.120726674795    0.036802873015    0.000000000000    0.000000000000    0.000000000000    0.000000000000    0.000000000000    0.000000000000
-0.000000177095    1.299761176109    -0.023278929293    -0.000477179274    128928.820312500000    133645.656250000000    133391.187500000000    128928.804687500000    -8243.873046875000    -0.416220515966    0.154088899493    0.000074499381    -0.000429137086    0.122540093958    0.037433143705    0.000000000000    0.000000000000    0.000000000000    0.000000000000    0.000000000000    0.000000000000
-0.000000178209    1.299616336823    -0.023422598839    -0.000445405109    129089.937500000000    133490.046875000000    124429.601562500000    129089.929687500000    -48341.183593750000    -0.419874429703    0.164974391460    0.000067690205    -0.000430336950    0.124347597361    0.038052499294    0.000000000000    0.000000000000    0.000000000000    0.000000000000    0.000000000000    0.000000000000
-0.000000179322    1.299488306046    -0.023566571996    -0.000371257483    129468.156250000000    133123.234375000000    103515.039062500000    129468.148437500000    -83704.476562500000    -0.421939134598    0.175084844232    0.000061175357    -0.000430405111    0.125967428088    0.038588318974    0.000000000000    0.000000000000    0.000000000000    0.000000000000    0.000000000000    0.000000000000
-0.000000180436    1.299389362335    -0.023711072281    -0.000261998619    130028.898437500000    132575.578125000000    72694.281250000000    130028.898437500000    -110868.523437500000    -0.423585683107    0.183147728443    0.000055979890    -0.000430459477    0.127259209752    0.039015624672    0.000000000000    0.000000000000    0.000000000000    0.000000000000    0.000000000000    0.000000000000
-0.000000181550    1.299328923225    -0.023856271058    -0.000128332162    130719.171875000000    131895.031250000000    34986.269531250000    130719.171875000000    -127170.218750000000    -0.424656122923    0.188389509916    0.000052602252    -0.000430494838    0.128099009395    0.039293423295    0.000000000000    0.000000000000    0.000000000000    0.000000000000    0.000000000000    0.000000000000
-0.000000182664    1.299312591553    -0.024002283812    0.000016644950    131472.421875000000    131144.203125000000    -5913.567382812500    131472.437500000000    -131010.820312500000    -0.425051957369    0.190327882767    0.000051353232    -0.000430507906    0.128409564495    0.039396148175    0.000000000000    0.000000000000    0.000000000000    0.000000000000    0.000000000000    0.000000000000
-0.000000183778    1.299341797829    -0.024149134755    0.000158726427    132215.093750000000    130395.429687500000    -45996.148437500000    132215.109375000000    -122013.617187500000    -0.424737900496    0.188789933920    0.000052344240    -0.000430497545    0.128163173795    0.039314642549    0.000000000000    0.000000000000    0.000000000000    0.000000000000    0.000000000000    0.000000000000
-0.000000184891    1.299413204193    -0.024296775460    0.000283990026    132873.750000000000    129724.171875000000    -81332.742187500000    132873.781250000000    -101061.093750000000    -0.423749208450    0.183948546648    0.000055463865    -0.000430464890    0.127387508750    0.039058066905    0.000000000000    0.000000000000    0.000000000000    0.000000000000    0.000000000000    0.000000000000
-0.000000186005    1.299519777298    -0.024445071816    0.000380162848    133382.437500000000    129201.078125000000    -108460.937500000000    133382.468750000000    -70207.843750000000    -0.422184437513    0.176286086440    0.000060401308    -0.000430413231    0.126159891486    0.038651980460    0.000000000000    0.000000000000    0.000000000000    0.000000000000    0.000000000000    0.000000000000
-0.000000187119    1.299650788307    -0.024593824521    0.000437824056    133689.171875000000    128883.671875000000    -124724.375000000000    133689.203125000000    -32478.109375000000    -0.420203357935    0.166585147381    0.000066652290    -0.000430347805    0.124605663121    0.038137864321    0.000000000000    0.000000000000    0.000000000000    0.000000000000    0.000000000000    0.000000000000
-0.000000188233    1.299793243408    -0.024742789567    0.000451326690    133761.343750000000    128808.781250000000    -128532.492187500000    133761.375000000000    8431.860351562500    -0.416983067989    0.156030401587    0.000073300806    -0.000429438340    0.122867397964    0.037546899170    0.000000000000    0.000000000000    0.000000000000    0.000000000000    0.000000000000    0.000000000000
-0.000000189347    1.299932718277    -0.024891700596    0.000419348566    133589.078125000000    128987.437500000000    -119515.195312500000    133589.109375000000    48516.730468750000    -0.412912726402    0.145666986704    0.000079698613    -0.000427830266    0.121120318770    0.036939688027    0.000000000000    0.000000000000    0.000000000000    0.000000000000    0.000000000000    0.000000000000
-0.000000190460    1.300055146217    -0.025040289387    0.000345018809    133186.484375000000    129403.078125000000    -98557.500000000000    133186.515625000000    83854.476562500000    -0.409258008003    0.136361762881    0.000085443149    -0.000426386367    0.119551636279    0.036394476891    0.000000000000    0.000000000000    0.000000000000    0.000000000000    0.000000000000    0.000000000000
-0.000000191574    1.300148487091    -0.025188315660    0.000235609172    132590.546875000000    130013.625000000000    -67711.492187500000    132590.578125000000    110989.617187500000    -0.406376123428    0.129024296999    0.000089972906    -0.000425247825    0.118314675987    0.035964559764    0.000000000000    0.000000000000    0.000000000000    0.000000000000    0.000000000000    0.000000000000
-0.000000192688    1.300203204155    -0.025335598737    0.000101820850    131857.687500000000    130756.812500000000    -29994.640625000000    131857.703125000000    127270.054687500000    -0.404559075832    0.124397918582    0.000092828974    -0.000424529950    0.117534756660    0.035693492740    0.000000000000    0.000000000000    0.000000000000    0.000000000000    0.000000000000    0.000000000000
-0.000000193802    1.300213932991    -0.025482019410    -0.000043262720    131058.421875000000    131557.906250000000    10905.304687500000    131058.429687500000    131105.156250000000    -0.403988867998    0.122946165502    0.000093725212    -0.000424304686    0.117290019989    0.035608433187    0.000000000000    0.000000000000    0.000000000000    0.000000000000    0.000000000000    0.000000000000
-0.000000194916    1.300179362297    -0.025627549738    -0.000185454599    130270.601562500000    132338.062500000000    50990.253906250000    130270.601562500000    122120.273437500000    -0.404727369547    0.124826446176    0.000092564427    -0.000424596452    0.117606997490    0.035718601197    0.000000000000    0.000000000000    0.000000000000    0.000000000000    0.000000000000    0.000000000000
-0.000000196029    1.300102353096    -0.025772245601    -0.000310850330    129571.882812500000    133022.234375000000    86341.585937500000    129571.875000000000    101193.156250000000    -0.406716167927    0.129890099168    0.000089438407    -0.000425382168    0.118460632861    0.036015290767    0.000000000000    0.000000000000    0.000000000000    0.000000000000    0.000000000000    0.000000000000
-0.000000197143    1.299990177155    -0.025916244835    -0.000407186511    129032.031250000000    133545.953125000000    113502.320312500000    129032.023437500000    70368.687500000000    -0.409766376019    0.137656107545    0.000084644096    -0.000426587212    0.119769833982    0.036470312625    0.000000000000    0.000000000000    0.000000000000    0.000000000000    0.000000000000    0.000000000000
-0.000000198257    1.299853444099    -0.026059756055    -0.000465039775    128706.039062500000    133860.171875000000    129814.750000000000    128706.023437500000    32660.089843750000    -0.413592815399    0.147398591042    0.000078629615    -0.000428098952    0.121412232518    0.037041146308    0.000000000000    0.000000000000    0.000000000000    0.000000000000    0.000000000000    0.000000000000
-0.000000199371    1.299705624580    -0.026203041896    -0.000478749804    128628.421875000000    133934.734375000000    133680.781250000000    128628.406250000000    -8244.456054687500    -0.417821168900    0.158164307475    0.000071983450    -0.000429769454    0.123227134347    0.037671927363    0.000000000000    0.000000000000    0.000000000000    0.000000000000    0.000000000000    0.000000000000
-0.000000200485    1.299560546875    -0.026346383616    -0.000446975057    128809.695312500000    133760.390625000000    124719.406250000000    128809.687500000000    -48341.691406250000    -0.420742303133    0.169224232435    0.000064951739    -0.000430365588    0.125028491020    0.038277730346    0.000000000000    0.000000000000    0.000000000000    0.000000000000    0.000000000000    0.000000000000
-0.000000201598    1.299432158470    -0.026490068063    -0.000372826908    129234.976562500000    133349.562500000000    103805.617187500000    129234.968750000000    -83704.859375000000    -0.422812581062    0.179361999035    0.000058419293    -0.000430433953    0.126652687788    0.038814995438    0.000000000000    0.000000000000    0.000000000000    0.000000000000    0.000000000000    0.000000000000
-0.000000202712    1.299332976341    -0.026634344831    -0.000263567665    129865.062500000000    132736.000000000000    72986.109375000000    129865.062500000000    -110868.742187500000    -0.424462854862    0.187443077564    0.000053212105    -0.000430488464    0.127947390079    0.039243265986    0.000000000000    0.000000000000    0.000000000000    0.000000000000    0.000000000000    0.000000000000
-0.000000203826    1.299272298813    -0.026779411361    -0.000129901076    130640.156250000000    131973.218750000000    35279.707031250000    130640.156250000000    -127170.257812500000    -0.425538867712    0.192712157965    0.000049816874    -0.000430524000    0.128791555762    0.039522510022    0.000000000000    0.000000000000    0.000000000000    0.000000000000    0.000000000000    0.000000000000
-0.000000204940    1.299255728722    -0.026925388724    0.000015075986    131485.421875000000    131131.109375000000    -5618.305664062500    131485.437500000000    -131010.695312500000    -0.425938427448    0.194668740034    0.000048556125    -0.000430537184    0.129105031490    0.039626199752    0.000000000000    0.000000000000    0.000000000000    0.000000000000    0.000000000000    0.000000000000
-0.000000206054    1.299284577370    -0.027072304860    0.000157157236    132318.265625000000    130290.664062500000    -45699.035156250000    132318.281250000000    -122013.343750000000    -0.425628066063    0.193148970604    0.000049535407    -0.000430526939    0.128861546516    0.039545658976    0.000000000000    0.000000000000    0.000000000000    0.000000000000    0.000000000000    0.000000000000
-0.000000207167    1.299355626106    -0.027220107615    0.000282420457    133056.437500000000    129536.734375000000    -81033.937500000000    133056.468750000000    -101060.703125000000    -0.424644976854    0.188334912062    0.000052637435    -0.000430494460    0.128090262413    0.039290528744    0.000000000000    0.000000000000    0.000000000000    0.000000000000    0.000000000000    0.000000000000
-0.000000208281    1.299461841583    -0.027368644252    0.000378592813    133626.156250000000    128948.953125000000    -108160.781250000000    133626.187500000000    -70207.375000000000    -0.423087626696    0.180708840489    0.000057551431    -0.000430443033    0.126868471503    0.038886372000    0.000000000000    0.000000000000    0.000000000000    0.000000000000    0.000000000000    0.000000000000
-0.000000209395    1.299592494965    -0.027517691255    0.000436253496    133969.484375000000    128592.226562500000    -124423.320312500000    133969.515625000000    -32477.613281250000    -0.421110272408    0.171026110649    0.000063790678    -0.000430377753    0.125317171216    0.038373220712    0.000000000000    0.000000000000    0.000000000000    0.000000000000    0.000000000000    0.000000000000
-0.000000210509    1.299734354019    -0.027666976675    0.000449755607    134050.203125000000    128508.085937500000    -128231.117187500000    134050.234375000000    8432.334960937500    -0.418676465750    0.160341948271    0.000070639100    -0.000430107350    0.123594239354    0.037799518555    0.000000000000    0.000000000000    0.000000000000    0.000000000000    0.000000000000    0.000000000000
-0.000000211623    1.299873232841    -0.027816200629    0.000417776988    133857.640625000000    128708.648437500000    -119214.093750000000    133857.671875000000    48517.144531250000    -0.414623290300    0.150022238493    0.000077009914    -0.000428506057    0.121854536235    0.037194870412    0.000000000000    0.000000000000    0.000000000000    0.000000000000    0.000000000000    0.000000000000
-0.000000212736    1.299995303154    -0.027965061367    0.000343446824    133407.890625000000    129174.750000000000    -98257.250000000000    133407.921875000000    83854.804687500000    -0.410978883505    0.140743270516    0.000082738246    -0.000427066232    0.120290271938    0.036651197821    0.000000000000    0.000000000000    0.000000000000    0.000000000000    0.000000000000    0.000000000000
-0.000000213850    1.300088405609    -0.028113298118    0.000234036939    132742.562500000000    129858.359375000000    -67412.570312500000    132742.593750000000    110989.812500000000    -0.408103883266    0.133423283696    0.000087257213    -0.000425930397    0.119056262076    0.036222305149    0.000000000000    0.000000000000    0.000000000000    0.000000000000    0.000000000000    0.000000000000
-0.000000214964    1.300143003464    -0.028260702267    0.000100248479    131924.828125000000    130689.023437500000    -29697.421875000000    131924.843750000000    127270.125000000000    -0.406293690205    0.128814399242    0.000090102483    -0.000425215258    0.118279293180    0.035952262580    0.000000000000    0.000000000000    0.000000000000    0.000000000000    0.000000000000    0.000000000000
-0.000000216078    1.300153493881    -0.028407149017    -0.000044835077    131033.531250000000    131582.640625000000    11200.617187500000    131033.539062500000    131105.078125000000    -0.405730366707    0.127380132675    0.000090987916    -0.000424992701    0.118037499487    0.035868227482    0.000000000000    0.000000000000    0.000000000000    0.000000000000    0.000000000000    0.000000000000
-0.000000217192    1.300118327141    -0.028552601114    -0.000187026788    130155.539062500000    132451.187500000000    51283.648437500000    130155.539062500000    122120.062500000000    -0.406482607126    0.129295408726    0.000089805537    -0.000425289880    0.118360377848    0.035980444402    0.000000000000    0.000000000000    0.000000000000    0.000000000000    0.000000000000    0.000000000000
-0.000000218306    1.300040960312    -0.028697121888    -0.000312422228    129377.281250000000    133211.484375000000    86633.242187500000    129377.273437500000    101192.828125000000    -0.408481717110    0.134385287762    0.000086663320    -0.000426079670    0.119218438864    0.036278672516    0.000000000000    0.000000000000    0.000000000000    0.000000000000    0.000000000000    0.000000000000
-0.000000219419    1.299928545952    -0.028840869665    -0.000408757944    128776.320312500000    133792.531250000000    113792.585937500000    128776.312500000000    70368.265625000000    -0.411542207003    0.142177522182    0.000081852813    -0.000427288789    0.120532065630    0.036735232919    0.000000000000    0.000000000000    0.000000000000    0.000000000000    0.000000000000    0.000000000000
-0.000000220533    1.299791574478    -0.028984073550    -0.000466610771    128413.632812500000    134140.687500000000    130104.109375000000    128413.617187500000    32659.613281250000    -0.415375530720    0.151937514544    0.000075827535    -0.000428803236    0.122177407146    0.037307087332    0.000000000000    0.000000000000    0.000000000000    0.000000000000    0.000000000000    0.000000000000
-0.000000221647    1.299643158913    -0.029127027839    -0.000480320276    128327.335937500000    134223.234375000000    133969.796875000000    128327.320312500000    -8244.951171875000    -0.419426560402    0.162781208754    0.000069103422    -0.000430322165    0.123996227980    0.037936270237    0.000000000000    0.000000000000    0.000000000000    0.000000000000    0.000000000000    0.000000000000
