wc / wrf: 0.935595
 t  x  y  z vpar vper vx vy vz re(e1)  im(e1)  re(e2)  im(e2)  re(e3)  im(e3)  re(b1)  im(b1)  re(b2)  im(b2)  re(b3)  im(b3)
-0.000000000000    1.299641251564    -0.000029250361    0.000296742306    131308.453125000000    131308.343750000000    -83700.921875000000    131308.484375000000    -101173.289062500000    -0.420201510191    0.166576057673    0.000066658155    -0.000430347747    0.124604210258    0.038137383759    0.000000000000    0.000000000000    0.000000000000    0.000000000000    0.000000000000    0.000000000000
-0.000000001114    1.299750447273    -0.000175503155    0.000393055205    131310.500000000000    131306.296875000000    -110873.390625000000    131310.531250000000    -70345.085937500000    -0.418085664511    0.158837720752    0.000071567723    -0.000429873937    0.123340651393    0.037711385638    0.000000000000    0.000000000000    0.000000000000    0.000000000000    0.000000000000    0.000000000000
-0.000000002228    1.299884200096    -0.000321758998    0.000450877094    131313.500000000000    131303.281250000000    -127185.031250000000    131313.531250000000    -32626.957031250000    -0.414345055819    0.149313867092    0.000077447236    -0.000428396132    0.121735110879    0.037153363228    0.000000000000    0.000000000000    0.000000000000    0.000000000000    0.000000000000    0.000000000000
-0.000000003341    1.300029039383    -0.000468017388    0.000464545272    131314.546875000000    131302.250000000000    -131040.515625000000    131314.578125000000    8285.973632812500    -0.410202592611    0.138766780496    0.000083958425    -0.000426759565    0.119957074523    0.036535389721    0.000000000000    0.000000000000    0.000000000000    0.000000000000    0.000000000000    0.000000000000
-0.000000004455    1.300171136856    -0.000614274468    0.000432721281    131310.671875000000    131306.093750000000    -122065.054687500000    131310.703125000000    48388.093750000000    -0.406060129404    0.128219708800    0.000090469613    -0.000425122969    0.118179038167    0.035917416215    0.000000000000    0.000000000000    0.000000000000    0.000000000000    0.000000000000    0.000000000000
-0.000000005569    1.300296545029    -0.000760523311    0.000358519203    131299.500000000000    131317.250000000000    -101139.523437500000    131299.531250000000    83755.687500000000    -0.402319520712    0.118695855141    0.000096349118    -0.000423645164    0.116573497653    0.035359397531    0.000000000000    0.000000000000    0.000000000000    0.000000000000    0.000000000000    0.000000000000
-0.000000006683    1.300392746925    -0.000906754984    0.000249198347    131279.656250000000    131337.093750000000    -70312.804687500000    131279.687500000000    110930.335937500000    -0.399355202913    0.111148476601    0.000101008452    -0.000422474055    0.115301154554    0.034917183220    0.000000000000    0.000000000000    0.000000000000    0.000000000000    0.000000000000    0.000000000000
-0.000000007797    1.300450444221    -0.001052959589    0.000115451170    131251.203125000000    131365.515625000000    -32600.464843750000    131251.218750000000    127256.085937500000    -0.397452294827    0.106303468347    0.000103999497    -0.000421722245    0.114484377205    0.034633304924    0.000000000000    0.000000000000    0.000000000000    0.000000000000    0.000000000000    0.000000000000
-0.000000008910    1.300464034081    -0.001199128572    -0.000029642915    131215.765625000000    131400.906250000000    8310.215820312500    131215.781250000000    131137.875000000000    -0.396799653769    0.104641824961    0.000105025312    -0.000421464414    0.114204257727    0.034535944462    0.000000000000    0.000000000000    0.000000000000    0.000000000000    0.000000000000    0.000000000000
-0.000000010024    1.300432085991    -0.001345255412    -0.000171895954    131176.531250000000    131440.046875000000    48420.105468750000    131176.546875000000    122196.500000000000    -0.397462606430    0.106329709291    0.000103983301    -0.000421726319    0.114488802850    0.034634843469    0.000000000000    0.000000000000    0.000000000000    0.000000000000    0.000000000000    0.000000000000
-0.000000011138    1.300357699394    -0.001491338713    -0.000297397521    131138.015625000000    131478.500000000000    83808.156250000000    131138.015625000000    101305.453125000000    -0.399372398853    0.111192211509    0.000100981459    -0.000422480836    0.115308523178    0.034919746220    0.000000000000    0.000000000000    0.000000000000    0.000000000000    0.000000000000    0.000000000000
-0.000000012252    1.300248384476    -0.001637381734    -0.000393873866    131105.375000000000    131511.046875000000    111013.765625000000    131105.375000000000    70506.078125000000    -0.402343571186    0.118757069111    0.000096311327    -0.000423654652    0.116583816707    0.035362984985    0.000000000000    0.000000000000    0.000000000000    0.000000000000    0.000000000000    0.000000000000
-0.000000013366    1.300114631653    -0.001783394138    -0.000451888016    131083.953125000000    131532.390625000000    127374.789062500000    131083.953125000000    32809.136718750000    -0.406084150076    0.128280922771    0.000090431822    -0.000425132457    0.118189357221    0.035921003670    0.000000000000    0.000000000000    0.000000000000    0.000000000000    0.000000000000    0.000000000000
-0.000000014479    1.299969196320    -0.001929391292    -0.000465763820    131078.484375000000    131537.828125000000    131288.328125000000    131078.484375000000    -8098.341796875000    -0.410240381956    0.138862982392    0.000083899038    -0.000426774495    0.119973294437    0.036541026086    0.000000000000    0.000000000000    0.000000000000    0.000000000000    0.000000000000    0.000000000000
-0.000000015593    1.299826741219    -0.002075392753    -0.000434143469    131092.343750000000    131524.031250000000    122368.703125000000    131092.343750000000    -48212.832031250000    -0.414396584034    0.149445042014    0.000077366247    -0.000428416504    0.121757224202    0.037161048502    0.000000000000    0.000000000000    0.000000000000    0.000000000000    0.000000000000    0.000000000000
-0.000000016707    1.299701094627    -0.002221421339    -0.000360123289    131126.968750000000    131489.500000000000    101486.726562500000    131126.968750000000    -83605.875000000000    -0.418144047260    0.158986389637    0.000071475944    -0.000429897016    0.123365715146    0.037720095366    0.000000000000    0.000000000000    0.000000000000    0.000000000000    0.000000000000    0.000000000000
-0.000000017821    1.299604296684    -0.002367499750    -0.000250953017    131181.421875000000    131435.187500000000    70685.937500000000    131181.421875000000    -110809.359375000000    -0.420240521431    0.166767150164    0.000066535009    -0.000430349028    0.124634824693    0.038147509098    0.000000000000    0.000000000000    0.000000000000    0.000000000000    0.000000000000    0.000000000000
-0.000000018935    1.299546122551    -0.002513648244    -0.000117327589    131252.265625000000    131364.453125000000    32983.277343750000    131252.281250000000    -127156.304687500000    -0.421277523041    0.171845138073    0.000063262924    -0.000430383283    0.125448390841    0.038416627795    0.000000000000    0.000000000000    0.000000000000    0.000000000000    0.000000000000    0.000000000000
-0.000000020048    1.299532055855    -0.002659882419    0.000027660075    131333.703125000000    131283.031250000000    -7926.375000000000    131333.718750000000    -131043.539062500000    -0.421638071537    0.173610597849    0.000062125313    -0.000430395186    0.125731229782    0.038510188460    0.000000000000    0.000000000000    0.000000000000    0.000000000000    0.000000000000    0.000000000000
-0.000000021162    1.299563527107    -0.002806209493    0.000169802690    131418.015625000000    131198.640625000000    -48032.988281250000    131418.031250000000    -122089.773437500000    -0.421288669109    0.171899735928    0.000063227737    -0.000430383632    0.125457137823    0.038419522345    0.000000000000    0.000000000000    0.000000000000    0.000000000000    0.000000000000    0.000000000000
-0.000000022276    1.299637317657    -0.002952628070    0.000295172009    131496.312500000000    131120.140625000000    -83405.453125000000    131496.343750000000    -101173.234375000000    -0.420262843370    0.166876360774    0.000066464643    -0.000430349755    0.124652318656    0.038153298199    0.000000000000    0.000000000000    0.000000000000    0.000000000000    0.000000000000    0.000000000000
-0.000000023390    1.299746155739    -0.003099126043    0.000391484820    131559.484375000000    131056.773437500000    -110577.843750000000    131559.515625000000    -70344.984375000000    -0.418205887079    0.159143805504    0.000071378759    -0.000429921434    0.123392254114    0.037729319185    0.000000000000    0.000000000000    0.000000000000    0.000000000000    0.000000000000    0.000000000000
-0.000000024504    1.299879550934    -0.003245682223    0.000449306564    131599.187500000000    131016.921875000000    -126889.406250000000    131599.218750000000    -32626.808593750000    -0.414475589991    0.149646192789    0.000077242068    -0.000428447704    0.121791139245    0.037172835320    0.000000000000    0.000000000000    0.000000000000    0.000000000000    0.000000000000    0.000000000000
-0.000000025617    1.300024390221    -0.003392266342    0.000462974509    131608.906250000000    131007.156250000000    -130744.828125000000    131608.937500000000    8286.154296875000    -0.410336554050    0.139107853174    0.000083747866    -0.000426812476    0.120014570653    0.036555375904    0.000000000000    0.000000000000    0.000000000000    0.000000000000    0.000000000000    0.000000000000
-0.000000026731    1.300166249275    -0.003538842546    0.000431150314    131584.859375000000    131031.296875000000    -121769.335937500000    131584.890625000000    48388.281250000000    -0.406197518110    0.128569528461    0.000090253656    -0.000425177248    0.118238009512    0.035937912762    0.000000000000    0.000000000000    0.000000000000    0.000000000000    0.000000000000    0.000000000000
-0.000000027845    1.300291299820    -0.003685372882    0.000356948061    131526.609375000000    131089.734375000000    -100843.820312500000    131526.640625000000    83755.843750000000    -0.402467221022    0.119071900845    0.000096116964    -0.000423703517    0.116636894643    0.035381432623    0.000000000000    0.000000000000    0.000000000000    0.000000000000    0.000000000000    0.000000000000
-0.000000028959    1.300387263298    -0.003831820562    0.000247627060    131437.421875000000    131179.140625000000    -70017.164062500000    131437.453125000000    110930.445312500000    -0.399509787560    0.111542031169    0.000100765501    -0.000422535115    0.115367501974    0.034940242767    0.000000000000    0.000000000000    0.000000000000    0.000000000000    0.000000000000    0.000000000000
-0.000000030073    1.300444722176    -0.003978154622    0.000113879782    131324.156250000000    131292.562500000000    -32304.951171875000    131324.171875000000    127256.148437500000    -0.397617161274    0.106723248959    0.000103740349    -0.000421787379    0.114555142820    0.034657899290    0.000000000000    0.000000000000    0.000000000000    0.000000000000    0.000000000000    0.000000000000
-0.000000031187    1.300458073616    -0.004124353174    -0.000031214357    131196.703125000000    131419.906250000000    8605.556640625000    131196.718750000000    131137.875000000000    -0.396971404552    0.105079099536    0.000104755360    -0.000421532255    0.114277973771    0.034561567008    0.000000000000    0.000000000000    0.000000000000    0.000000000000    0.000000000000    0.000000000000
-0.000000032300    1.300425887108    -0.004270407837    -0.000173467357    131067.289062500000    131549.000000000000    48715.242187500000    131067.289062500000    122196.429687500000    -0.397637784481    0.106775730848    0.000103707956    -0.000421795528    0.114563986659    0.034660976380    0.000000000000    0.000000000000    0.000000000000    0.000000000000    0.000000000000    0.000000000000
-0.000000033414    1.300351262093    -0.004416323733    -0.000298968807    130949.156250000000    131666.578125000000    84103.070312500000    130949.148437500000    101305.320312500000    -0.399557888508    0.111664459109    0.000100689911    -0.000422554091    0.115388140082    0.034947413951    0.000000000000    0.000000000000    0.000000000000    0.000000000000    0.000000000000    0.000000000000
-0.000000034528    1.300241470337    -0.004562120885    -0.000395445008    130855.320312500000    131759.828125000000    111308.492187500000    130855.312500000000    70505.906250000000    -0.402539372444    0.119255557656    0.000096003583    -0.000423732010    0.116667851806    0.035392191261    0.000000000000    0.000000000000    0.000000000000    0.000000000000    0.000000000000    0.000000000000
-0.000000035642    1.300107359886    -0.004707831889    -0.000453458953    130797.101562500000    131817.625000000000    127669.367187500000    130797.093750000000    32808.937500000000    -0.406293690205    0.128814399242    0.000090102483    -0.000425215258    0.118279293180    0.035952262580    0.000000000000    0.000000000000    0.000000000000    0.000000000000    0.000000000000    0.000000000000
-0.000000036756    1.299961924553    -0.004853501916    -0.000467334496    130782.835937500000    131831.781250000000    131582.828125000000    130782.820312500000    -8098.545898437500    -0.410449892282    0.139396458864    0.000083569699    -0.000426857267    0.120063230395    0.036572284997    0.000000000000    0.000000000000    0.000000000000    0.000000000000    0.000000000000    0.000000000000
-0.000000037869    1.299819231033    -0.004999182653    -0.000435713941    130816.750000000000    131798.125000000000    122663.203125000000    130816.742187500000    -48213.003906250000    -0.414609551430    0.149987265468    0.000077031509    -0.000428500643    0.121848635375    0.037192821503    0.000000000000    0.000000000000    0.000000000000    0.000000000000    0.000000000000    0.000000000000
-0.000000038983    1.299693226814    -0.005144928116    -0.000361693586    130898.343750000000    131717.093750000000    101781.312500000000    130898.335937500000    -83606.015625000000    -0.418367326260    0.159554839134    0.000071125003    -0.000429985230    0.123461551964    0.037753403187    0.000000000000    0.000000000000    0.000000000000    0.000000000000    0.000000000000    0.000000000000
-0.000000040097    1.299596190453    -0.005290788598    -0.000252523168    131022.078125000000    131594.015625000000    70980.687500000000    131022.078125000000    -110809.445312500000    -0.420366913080    0.167385965586    0.000066136257    -0.000430353190    0.124733969569    0.038180306554    0.000000000000    0.000000000000    0.000000000000    0.000000000000    0.000000000000    0.000000000000
-0.000000041211    1.299537539482    -0.005436806008    -0.000118897675    131177.734375000000    131438.859375000000    33278.273437500000    131177.750000000000    -127156.335937500000    -0.421409487724    0.172491252422    0.000062846579    -0.000430387619    0.125551909208    0.038450866938    0.000000000000    0.000000000000    0.000000000000    0.000000000000    0.000000000000    0.000000000000
-0.000000042325    1.299523115158    -0.005583008286    0.000026090001    131351.218750000000    131265.531250000000    -7631.087890625000    131351.234375000000    -131043.531250000000    -0.421777427197    0.174293115735    0.000061685518    -0.000430399785    0.125840589404    0.038546361029    0.000000000000    0.000000000000    0.000000000000    0.000000000000    0.000000000000    0.000000000000
-0.000000043438    1.299554109573    -0.005729406141    0.000168232582    131525.765625000000    131090.640625000000    -47737.390625000000    131525.781250000000    -122089.718750000000    -0.421433627605    0.172609567642    0.000062770348    -0.000430388434    0.125570863485    0.038457140326    0.000000000000    0.000000000000    0.000000000000    0.000000000000    0.000000000000    0.000000000000
-0.000000044552    1.299627542496    -0.005875990726    0.000293601828    131683.625000000000    130932.054687500000    -83109.562500000000    131683.656250000000    -101173.140625000000    -0.420413374901    0.167613476515    0.000065989661    -0.000430354732    0.124770417809    0.038192361593    0.000000000000    0.000000000000    0.000000000000    0.000000000000    0.000000000000    0.000000000000
-0.000000045666    1.299736142159    -0.006022733636    0.000389914523    131807.921875000000    130806.937500000000    -110281.695312500000    131807.953125000000    -70344.867187500000    -0.418494403362    0.159878432751    0.000070925242    -0.000430035434    0.123516097665    0.037772361189    0.000000000000    0.000000000000    0.000000000000    0.000000000000    0.000000000000    0.000000000000
-0.000000046780    1.299869060516    -0.006169589236    0.000447736122    131884.296875000000    130729.921875000000    -126593.078125000000    131884.328125000000    -32626.691406250000    -0.414774417877    0.150407046080    0.000076772361    -0.000428565778    0.121919400990    0.037217415869    0.000000000000    0.000000000000    0.000000000000    0.000000000000    0.000000000000    0.000000000000
-0.000000047894    1.300013303757    -0.006316497922    0.000461403979    131902.687500000000    130711.367187500000    -130448.437500000000    131902.718750000000    8286.267578125000    -0.410652577877    0.139912441373    0.000083251158    -0.000426937331    0.120150208473    0.036602515727    0.000000000000    0.000000000000    0.000000000000    0.000000000000    0.000000000000    0.000000000000
-0.000000049007    1.300154685974    -0.006463392638    0.000429579668    131858.453125000000    130755.984375000000    -121472.992187500000    131858.484375000000    48388.390625000000    -0.406530708075    0.129417836666    0.000089729954    -0.000425308885    0.118381023407    0.035987619311    0.000000000000    0.000000000000    0.000000000000    0.000000000000    0.000000000000    0.000000000000
-0.000000050121    1.300279378891    -0.006610204000    0.000355377269    131753.156250000000    130862.078125000000    -100547.617187500000    131753.187500000000    83755.953125000000    -0.402810722589    0.119946457446    0.000095577067    -0.000423839228    0.116784326732    0.035432673991    0.000000000000    0.000000000000    0.000000000000    0.000000000000    0.000000000000    0.000000000000
-0.000000051235    1.300374984741    -0.006756867282    0.000246056123    131594.625000000000    131021.500000000000    -69721.210937500000    131594.656250000000    110930.546875000000    -0.399863570929    0.112442813814    0.000100209407    -0.000422674872    0.115519352257    0.034993018955    0.000000000000    0.000000000000    0.000000000000    0.000000000000    0.000000000000    0.000000000000
-0.000000052349    1.300432085991    -0.006903330795    0.000112308750    131396.515625000000    131220.187500000000    -32009.308593750000    131396.531250000000    127256.203125000000    -0.397977828979    0.107641533017    0.000103173457    -0.000421929872    0.114709950984    0.034711703658    0.000000000000    0.000000000000    0.000000000000    0.000000000000    0.000000000000    0.000000000000
-0.000000053463    1.300444960594    -0.007049560081    -0.000032785407    131177.062500000000    131439.578125000000    8900.832031250000    131177.078125000000    131137.875000000000    -0.397345811129    0.106032356620    0.000104166873    -0.000421680161    0.114438675344    0.034617420286    0.000000000000    0.000000000000    0.000000000000    0.000000000000    0.000000000000    0.000000000000
-0.000000054576    1.300412416458    -0.007195542566    -0.000175038382    130957.421875000000    131658.437500000000    49010.140625000000    130957.421875000000    122196.375000000000    -0.398025900126    0.107763968408    0.000103097867    -0.000421948876    0.114730589092    0.034718878567    0.000000000000    0.000000000000    0.000000000000    0.000000000000    0.000000000000    0.000000000000
-0.000000055690    1.300337433815    -0.007341290824    -0.000300539745    130759.687500000000    131854.812500000000    84397.601562500000    130759.679687500000    101305.195312500000    -0.399952888489    0.112670198083    0.000100069032    -0.000422710174    0.115557685494    0.035006344318    0.000000000000    0.000000000000    0.000000000000    0.000000000000    0.000000000000    0.000000000000
-0.000000056804    1.300227403641    -0.007486840244    -0.000397015741    130604.656250000000    132008.359375000000    111602.695312500000    130604.648437500000    70505.703125000000    -0.402944684029    0.120287530124    0.000095366508    -0.000423892139    0.116841822863    0.035452656448    0.000000000000    0.000000000000    0.000000000000    0.000000000000    0.000000000000    0.000000000000
-0.000000057918    1.300092816353    -0.007632249035    -0.000455029425    130509.640625000000    132102.296875000000    127963.343750000000    130509.632812500000    32808.679687500000    -0.406709313393    0.129872605205    0.000089449204    -0.000425379461    0.118457682431    0.036014262587    0.000000000000    0.000000000000    0.000000000000    0.000000000000    0.000000000000    0.000000000000
-0.000000059032    1.299946784973    -0.007777591702    -0.000468904647    130486.578125000000    132125.078125000000    131876.656250000000    130486.562500000000    -8098.834960937500    -0.410882711411    0.140498399734    0.000082889419    -0.000427028252    0.120248988271    0.036636848003    0.000000000000    0.000000000000    0.000000000000    0.000000000000    0.000000000000    0.000000000000
-0.000000060145    1.299803733826    -0.007922951132    -0.000437283772    130540.554687500000    132071.734375000000    122957.023437500000    130540.546875000000    -48213.304687500000    -0.415056079626    0.151124179363    0.000076329641    -0.000428677042    0.122040301561    0.037259433419    0.000000000000    0.000000000000    0.000000000000    0.000000000000    0.000000000000    0.000000000000
-0.000000061259    1.299677252769    -0.008068412542    -0.000363263069    130669.117187500000    131944.546875000000    102075.265625000000    130669.109375000000    -83606.281250000000    -0.418824166059    0.160717993975    0.000070406939    -0.000430165703    0.123657636344    0.037821553648    0.000000000000    0.000000000000    0.000000000000    0.000000000000    0.000000000000    0.000000000000
-0.000000062373    1.299579858780    -0.008214053698    -0.000254092360    130862.125000000000    131753.109375000000    71274.898437500000    130862.125000000000    -110809.640625000000    -0.420619666576    0.168623626232    0.000065338761    -0.000430361542    0.124932259321    0.038245897740    0.000000000000    0.000000000000    0.000000000000    0.000000000000    0.000000000000    0.000000000000
-0.000000063487    1.299520969391    -0.008359938860    -0.000120466706    131102.578125000000    131513.843750000000    33572.855468750000    131102.593750000000    -127156.429687500000    -0.421667784452    0.173756197095    0.000062031490    -0.000430396147    0.125754565001    0.038517907262    0.000000000000    0.000000000000    0.000000000000    0.000000000000    0.000000000000    0.000000000000
-0.000000064601    1.299506306648    -0.008506107144    0.000024521009    131368.078125000000    131248.656250000000    -7336.048828125000    131368.093750000000    -131043.484375000000    -0.422037631273    0.175567165017    0.000060864561    -0.000430408370    0.126044705510    0.038613881916    0.000000000000    0.000000000000    0.000000000000    0.000000000000    0.000000000000    0.000000000000
-0.000000065714    1.299537062645    -0.008652574383    0.000166663463    131632.843750000000    130983.132812500000    -47441.843750000000    131632.859375000000    -122089.531250000000    -0.421697527170    0.173901796341    0.000061937666    -0.000430397136    0.125777885318    0.038525622338    0.000000000000    0.000000000000    0.000000000000    0.000000000000    0.000000000000    0.000000000000
-0.000000066828    1.299610257149    -0.008799323812    0.000292032404    131870.250000000000    130744.078125000000    -82813.515625000000    131870.281250000000    -101172.804687500000    -0.420682847500    0.168933033943    0.000065139386    -0.000430363638    0.124981828034    0.038262296468    0.000000000000    0.000000000000    0.000000000000    0.000000000000    0.000000000000    0.000000000000
-0.000000067942    1.299718499184    -0.008946310729    0.000388344692    132055.656250000000    130556.820312500000    -109985.203125000000    132055.687500000000    -70344.414062500000    -0.418999344110    0.161164015532    0.000070131595    -0.000430234912    0.123732827604    0.037847686559    0.000000000000    0.000000000000    0.000000000000    0.000000000000    0.000000000000    0.000000000000
-0.000000069056    1.299851298332    -0.009093465284    0.000446165737    132168.750000000000    130442.335937500000    -126296.218750000000    132168.781250000000    -32626.152343750000    -0.415286242962    0.151710122824    0.000075967910    -0.000428767962    0.122139081359    0.037293765694    0.000000000000    0.000000000000    0.000000000000    0.000000000000    0.000000000000    0.000000000000
-0.000000070170    1.299995541573    -0.009240699001    0.000459832925    132195.812500000000    130414.914062500000    -130151.351562500000    132195.843750000000    8286.833007812500    -0.411164373159    0.141215518117    0.000082446706    -0.000427139516    0.120369888842    0.036678865552    0.000000000000    0.000000000000    0.000000000000    0.000000000000    0.000000000000    0.000000000000
-0.000000071283    1.300136804581    -0.009387912229    0.000428008003    132131.390625000000    130480.179687500000    -121175.851562500000    132131.421875000000    48388.914062500000    -0.407042503357    0.130720913410    0.000088925502    -0.000425511098    0.118600696325    0.036063969135    0.000000000000    0.000000000000    0.000000000000    0.000000000000    0.000000000000    0.000000000000
-0.000000072397    1.300261020660    -0.009535002522    0.000353805110    131979.015625000000    130634.296875000000    -100250.625000000000    131979.046875000000    83756.375000000000    -0.403336256742    0.121284514666    0.000094751020    -0.000424046855    0.117009900510    0.035511072725    0.000000000000    0.000000000000    0.000000000000    0.000000000000    0.000000000000    0.000000000000
-0.000000073511    1.300356388092    -0.009681879543    0.000244483585    131751.156250000000    130864.109375000000    -69424.531250000000    131751.187500000000    110930.828125000000    -0.400395989418    0.113798364997    0.000099372563    -0.000422885234    0.115747876465    0.035072445869    0.000000000000    0.000000000000    0.000000000000    0.000000000000    0.000000000000    0.000000000000
-0.000000074625    1.300413250923    -0.009828471579    0.000110735979    131468.234375000000    131148.359375000000    -31713.105468750000    131468.250000000000    127256.320312500000    -0.398520529270    0.109023317695    0.000102320409    -0.000422144280    0.114942893386    0.034792665392    0.000000000000    0.000000000000    0.000000000000    0.000000000000    0.000000000000    0.000000000000
-0.000000075739    1.300426006317    -0.009974730201    -0.000034358211    131156.718750000000    131459.859375000000    9196.445312500000    131156.734375000000    131137.812500000000    -0.397891938686    0.107422895730    0.000103308426    -0.000421895937    0.114673092961    0.034698892385    0.000000000000    0.000000000000    0.000000000000    0.000000000000    0.000000000000    0.000000000000
-0.000000076852    1.300393223763    -0.010120638646    -0.000176611022    130846.851562500000    131768.296875000000    49305.093750000000    130846.851562500000    122196.132812500000    -0.398575484753    0.109163254499    0.000102234029    -0.000422165991    0.114966481924    0.034800864756    0.000000000000    0.000000000000    0.000000000000    0.000000000000    0.000000000000    0.000000000000
-0.000000077966    1.300318002701    -0.010266217403    -0.000302112021    130569.523437500000    132043.093750000000    84691.906250000000    130569.515625000000    101304.812500000000    -0.400512784719    0.114095717669    0.000099188997    -0.000422931364    0.115798003972    0.035089865327    0.000000000000    0.000000000000    0.000000000000    0.000000000000    0.000000000000    0.000000000000
-0.000000079080    1.300207614899    -0.010411519557    -0.000398587581    130353.304687500000    132256.531250000000    111896.437500000000    130353.296875000000    70505.234375000000    -0.403511434793    0.121730536222    0.000094475668    -0.000424116064    0.117085084319    0.035537205637    0.000000000000    0.000000000000    0.000000000000    0.000000000000    0.000000000000    0.000000000000
-0.000000080194    1.300072669983    -0.010556625202    -0.000456600741    130221.492187500000    132386.328125000000    128256.664062500000    130221.484375000000    32808.171875000000    -0.407286375761    0.131341844797    0.000088542176    -0.000425607432    0.118705369532    0.036100350320    0.000000000000    0.000000000000    0.000000000000    0.000000000000    0.000000000000    0.000000000000
-0.000000081308    1.299926638603    -0.010701637715    -0.000470475410    130189.617187500000    132417.671875000000    132169.781250000000    130189.601562500000    -8099.331054687500    -0.411463201046    0.141976386309    0.000081976992    -0.000427257590    0.120498150587    0.036723446101    0.000000000000    0.000000000000    0.000000000000    0.000000000000    0.000000000000    0.000000000000
-0.000000082421    1.299783229828    -0.010846674442    -0.000438854011    130263.664062500000    132344.828125000000    123250.148437500000    130263.656250000000    -48213.738281250000    -0.415643453598    0.152619659901    0.000075406409    -0.000428909087    0.122292406857    0.037347055972    0.000000000000    0.000000000000    0.000000000000    0.000000000000    0.000000000000    0.000000000000
-0.000000083535    1.299656629562    -0.010991851799    -0.000364832900    130439.195312500000    132171.843750000000    102368.625000000000    130439.187500000000    -83606.625000000000    -0.419318765402    0.162253394723    0.000069443529    -0.000430318585    0.123911663890    0.037908297032    0.000000000000    0.000000000000    0.000000000000    0.000000000000    0.000000000000    0.000000000000
-0.000000084649    1.299558997154    -0.011137274094    -0.000255661900    130701.500000000000    131912.468750000000    71568.703125000000    130701.500000000000    -110809.859375000000    -0.420944869518    0.170216172934    0.000064312568    -0.000430372282    0.125187397003    0.038330297917    0.000000000000    0.000000000000    0.000000000000    0.000000000000    0.000000000000    0.000000000000
-0.000000085763    1.299499750137    -0.011283026077    -0.000122036086    131026.765625000000    131589.390625000000    33867.269531250000    131026.765625000000    -127156.507812500000    -0.421996742487    0.175366953015    0.000060993571    -0.000430407032    0.126012623310    0.038603272289    0.000000000000    0.000000000000    0.000000000000    0.000000000000    0.000000000000    0.000000000000
-0.000000086877    1.299484610558    -0.011429161765    0.000022951641    131384.250000000000    131232.453125000000    -7040.915039062500    131384.265625000000    -131043.445312500000    -0.422373980284    0.177214324474    0.000059803187    -0.000430419488    0.126308605075    0.038701176643    0.000000000000    0.000000000000    0.000000000000    0.000000000000    0.000000000000    0.000000000000
-0.000000087990    1.299515008926    -0.011575696990    0.000165093981    131739.203125000000    130876.117187500000    -47145.964843750000    131739.218750000000    -122089.382812500000    -0.422041326761    0.175585359335    0.000060852832    -0.000430408487    0.126047626138    0.038614846766    0.000000000000    0.000000000000    0.000000000000    0.000000000000    0.000000000000    0.000000000000
-0.000000089104    1.299587845802    -0.011722609401    0.000290462718    132056.187500000000    130556.250000000000    -82516.929687500000    132056.218750000000    -101172.578125000000    -0.421030372381    0.170634791255    0.000064042826    -0.000430375105    0.125254467130    0.038352482021    0.000000000000    0.000000000000    0.000000000000    0.000000000000    0.000000000000    0.000000000000
-0.000000090218    1.299695849419    -0.011869839393    0.000386774715    132302.703125000000    130306.429687500000    -109688.031250000000    132302.734375000000    -70344.140625000000    -0.419445127249    0.162872225046    0.000069044778    -0.000430322776    0.124010801315    0.037941090763    0.000000000000    0.000000000000    0.000000000000    0.000000000000    0.000000000000    0.000000000000
-0.000000091332    1.299828171730    -0.012017292902    0.000444595440    132452.468750000000    130154.203125000000    -125998.671875000000    132452.500000000000    -32625.865234375000    -0.415949165821    0.153398007154    0.000074925898    -0.000429029868    0.122423626482    0.037392660975    0.000000000000    0.000000000000    0.000000000000    0.000000000000    0.000000000000    0.000000000000
-0.000000092446    1.299971818924    -0.012164849788    0.000458262337    132488.203125000000    130117.828125000000    -129853.640625000000    132488.234375000000    8287.110351562500    -0.411844462156    0.142947137356    0.000081377701    -0.000427408231    0.120661802590    0.036780323833    0.000000000000    0.000000000000    0.000000000000    0.000000000000    0.000000000000    0.000000000000
-0.000000093560    1.300112605095    -0.012312379666    0.000426437124    132403.593750000000    130203.914062500000    -120878.226562500000    132403.625000000000    48389.160156250000    -0.407739788294    0.132496252656    0.000087829503    -0.000425786566    0.118899986148    0.036167990416    0.000000000000    0.000000000000    0.000000000000    0.000000000000    0.000000000000    0.000000000000
-0.000000094673    1.300236701965    -0.012459751219    0.000352233968    132204.140625000000    130406.406250000000    -99953.320312500000    132204.171875000000    83756.570312500000    -0.404036968946    0.123068600893    0.000093649622    -0.000424323691    0.117310658097    0.035615604371    0.000000000000    0.000000000000    0.000000000000    0.000000000000    0.000000000000    0.000000000000
-0.000000095787    1.300331711769    -0.012606842443    0.000242912269    131906.953125000000    130707.023437500000    -69127.773437500000    131906.984375000000    110930.953125000000    -0.401107013226    0.115608692169    0.000098254968    -0.000423166115    0.116053059697    0.035178516060    0.000000000000    0.000000000000    0.000000000000    0.000000000000    0.000000000000    0.000000000000
-0.000000096901    1.300388216972    -0.012753561139    0.000109164568    131539.187500000000    131077.125000000000    -31417.064453125000    131539.203125000000    127256.367187500000    -0.399238437414    0.110851131380    0.000101192025    -0.000422427896    0.115251027048    0.034899760038    0.000000000000    0.000000000000    0.000000000000    0.000000000000    0.000000000000    0.000000000000
-0.000000098015    1.300400495529    -0.012899846770    -0.000035929632    131135.656250000000    131480.812500000000    9491.674804687500    131135.671875000000    131137.781250000000    -0.398623585701    0.109285682440    0.000102158447    -0.000422184996    0.114987120032    0.034808039665    0.000000000000    0.000000000000    0.000000000000    0.000000000000    0.000000000000    0.000000000000
-0.000000099129    1.300367355347    -0.013045680709    -0.000178182367    130735.578125000000    131878.640625000000    49599.500000000000    130735.578125000000    122196.031250000000    -0.399320870638    0.111061021686    0.000101062447    -0.000422460464    0.115286409855    0.034912057221    0.000000000000    0.000000000000    0.000000000000    0.000000000000    0.000000000000    0.000000000000
-0.000000100242    1.300291776657    -0.013191089965    -0.000303683220    130378.648437500000    132231.515625000000    84985.562500000000    130378.640625000000    101304.656250000000    -0.401265025139    0.116010978818    0.000098006611    -0.000423228543    0.116120874882    0.035202085972    0.000000000000    0.000000000000    0.000000000000    0.000000000000    0.000000000000    0.000000000000
-0.000000101356    1.300181150436    -0.013336142525    -0.000400158548    130101.234375000000    132504.453125000000    112189.476562500000    130101.226562500000    70505.039062500000    -0.404273986816    0.123672038317    0.000093277093    -0.000424417318    0.117412388325    0.035650961101    0.000000000000    0.000000000000    0.000000000000    0.000000000000    0.000000000000    0.000000000000
-0.000000102470    1.300045967102    -0.013480944559    -0.000458171446    129932.625000000000    132669.812500000000    128549.304687500000    129932.617187500000    32807.960937500000    -0.408055782318    0.133300840855    0.000087332795    -0.000425911421    0.119035623968    0.036215130240    0.000000000000    0.000000000000    0.000000000000    0.000000000000    0.000000000000    0.000000000000
-0.000000103584    1.299899339676    -0.013625628315    -0.000472045911    129891.960937500000    132709.625000000000    132462.265625000000    129891.945312500000    -8099.539062500000    -0.412246346474    0.143970355392    0.000080746016    -0.000427566993    0.120834298432    0.036840278655    0.000000000000    0.000000000000    0.000000000000    0.000000000000    0.000000000000    0.000000000000
-0.000000104698    1.299755573273    -0.013770341873    -0.000440424279    129986.070312500000    132617.437500000000    123542.750000000000    129986.062500000000    -48213.921875000000    -0.416436910629    0.154639869928    0.000074159245    -0.000429222564    0.122632980347    0.037465423346    0.000000000000    0.000000000000    0.000000000000    0.000000000000    0.000000000000    0.000000000000
-0.000000105811    1.299628496170    -0.013915233314    -0.000366402935    130208.585937500000    132398.984375000000    102661.617187500000    130208.578125000000    -83606.765625000000    -0.419755488634    0.164391964674    0.000068065499    -0.000430333021    0.124254286289    0.038021635264    0.000000000000    0.000000000000    0.000000000000    0.000000000000    0.000000000000    0.000000000000
-0.000000106925    1.299530506134    -0.014060435817    -0.000257231819    130540.164062500000    132072.078125000000    71862.320312500000    130540.164062500000    -110809.953125000000    -0.421387165785    0.172382056713    0.000062916952    -0.000430386892    0.125534400344    0.038445081562    0.000000000000    0.000000000000    0.000000000000    0.000000000000    0.000000000000    0.000000000000
-0.000000108039    1.299471020699    -0.014206054620    -0.000123605947    130950.234375000000    131665.515625000000    34161.695312500000    130950.234375000000    -127156.546875000000    -0.422444611788    0.177560135722    0.000059580354    -0.000430421816    0.126364007592    0.038719501346    0.000000000000    0.000000000000    0.000000000000    0.000000000000    0.000000000000    0.000000000000
-0.000000109153    1.299455642700    -0.014352155849    0.000021381777    131399.734375000000    131216.890625000000    -6745.581054687500    131399.750000000000    -131043.398437500000    -0.422825574875    0.179425701499    0.000058378249    -0.000430434389    0.126662895083    0.038818370551    0.000000000000    0.000000000000    0.000000000000    0.000000000000    0.000000000000    0.000000000000
-0.000000110267    1.299485802650    -0.014498759061    0.000163524048    131844.890625000000    130769.593750000000    -46849.707031250000    131844.906250000000    -122089.281250000000    -0.422494798899    0.177805840969    0.000059422029    -0.000430423475    0.126403361559    0.038732524961    0.000000000000    0.000000000000    0.000000000000    0.000000000000    0.000000000000    0.000000000000
-0.000000111380    1.299558401108    -0.014645836316    0.000288892654    132241.437500000000    130368.562500000000    -82219.820312500000    132241.468750000000    -101172.437500000000    -0.421489387751    0.172882571816    0.000062594430    -0.000430390268    0.125614598393    0.038471605629    0.000000000000    0.000000000000    0.000000000000    0.000000000000    0.000000000000    0.000000000000
-0.000000112494    1.299665927887    -0.014793308452    0.000385204476    132549.078125000000    130055.765625000000    -109390.250000000000    132549.109375000000    -70343.960937500000    -0.419909745455    0.165147304535    0.000067578789    -0.000430338114    0.124375298619    0.038061663508    0.000000000000    0.000000000000    0.000000000000    0.000000000000    0.000000000000    0.000000000000
-0.000000113608    1.299797892570    -0.014941059053    0.000443024997    132735.546875000000    129865.460937500000    -125700.437500000000    132735.578125000000    -32625.671875000000    -0.416821628809    0.155619367957    0.000073554555    -0.000429374573    0.122798100114    0.037522815168    0.000000000000    0.000000000000    0.000000000000    0.000000000000    0.000000000000    0.000000000000
-0.000000114722    1.299941182137    -0.015088939108    0.000456691690    132779.953125000000    129820.062500000000    -129555.257812500000    132779.984375000000    8287.299804687500    -0.412723809481    0.145185977221    0.000079995560    -0.000427755615    0.121039234102    0.036911502481    0.000000000000    0.000000000000    0.000000000000    0.000000000000    0.000000000000    0.000000000000
-0.000000115836    1.300081729889    -0.015236783773    0.000424866244    132675.171875000000    129927.164062500000    -120580.000000000000    132675.203125000000    48389.328125000000    -0.408625990152    0.134752601385    0.000086436565    -0.000426136685    0.119280360639    0.036300193518    0.000000000000    0.000000000000    0.000000000000    0.000000000000    0.000000000000    0.000000000000
-0.000000116949    1.300205349922    -0.015384433791    0.000350662915    132428.640625000000    130178.406250000000    -99655.562500000000    132428.671875000000    83756.703125000000    -0.404936909676    0.125359922647    0.000092235088    -0.000424679223    0.117696933448    0.035749856383    0.000000000000    0.000000000000    0.000000000000    0.000000000000    0.000000000000    0.000000000000
-0.000000118063    1.300300002098    -0.015531739220    0.000241341084    132062.109375000000    130550.234375000000    -68830.734375000000    132062.140625000000    110931.023437500000    -0.402017265558    0.117926239967    0.000096824238    -0.000423525751    0.116443753242    0.035314306617    0.000000000000    0.000000000000    0.000000000000    0.000000000000    0.000000000000    0.000000000000
-0.000000119177    1.300356268883    -0.015678584576    0.000107593325    131609.515625000000    131006.492187500000    -31120.929687500000    131609.531250000000    127256.390625000000    -0.400158971548    0.113194927573    0.000099745092    -0.000422791578    0.115646146238    0.035037089139    0.000000000000    0.000000000000    0.000000000000    0.000000000000    0.000000000000    0.000000000000
-0.000000120291    1.300368309021    -0.015824895352    -0.000037500875    131113.968750000000    131502.421875000000    9786.793945312500    131113.984375000000    131137.750000000000    -0.399547576904    0.111638233066    0.000100706115    -0.000422550045    0.115383714437    0.034945879132    0.000000000000    0.000000000000    0.000000000000    0.000000000000    0.000000000000    0.000000000000
-0.000000121405    1.300334930420    -0.015970652923    -0.000179753522    130623.671875000000    131989.468750000000    49893.597656250000    130623.671875000000    122195.960937500000    -0.400251716375    0.113431051373    0.000099599318    -0.000422828220    0.115685954690    0.035050924867    0.000000000000    0.000000000000    0.000000000000    0.000000000000    0.000000000000    0.000000000000
-0.000000122518    1.300259113312    -0.016115890816    -0.000305254274    130187.148437500000    132420.031250000000    85278.734375000000    130187.140625000000    101304.546875000000    -0.402206182480    0.118407249451    0.000096527292    -0.000423600373    0.116524845362    0.035342488438    0.000000000000    0.000000000000    0.000000000000    0.000000000000    0.000000000000    0.000000000000
-0.000000123632    1.300148129463    -0.016260694712    -0.000401729456    129848.546875000000    132752.078125000000    112481.914062500000    129848.539062500000    70504.906250000000    -0.405221998692    0.126085802913    0.000091786969    -0.000424791855    0.117819301784    0.035792388022    0.000000000000    0.000000000000    0.000000000000    0.000000000000    0.000000000000    0.000000000000
-0.000000124746    1.300012588501    -0.016405193135    -0.000459742208    129643.132812500000    132952.687500000000    128841.265625000000    129643.125000000000    32807.812500000000    -0.409014135599    0.135740831494    0.000085826476    -0.000426290033    0.119446955621    0.036358095706    0.000000000000    0.000000000000    0.000000000000    0.000000000000    0.000000000000    0.000000000000
-0.000000125860    1.299865841866    -0.016549546272    -0.000473616528    129593.664062500000    133000.906250000000    132754.078125000000    129593.648437500000    -8099.676757812500    -0.413211554289    0.146427839994    0.000079228899    -0.000427948311    0.121248587966    0.036984264851    0.000000000000    0.000000000000    0.000000000000    0.000000000000    0.000000000000    0.000000000000
-0.000000126974    1.299721717834    -0.016693936661    -0.000441994751    129707.835937500000    132889.562500000000    123834.773437500000    129707.828125000000    -48214.035156250000    -0.417412430048    0.157123595476    0.000072625931    -0.000429607957    0.123051688075    0.037610951811    0.000000000000    0.000000000000    0.000000000000    0.000000000000    0.000000000000    0.000000000000
-0.000000128087    1.299594521523    -0.016838543117    -0.000367973320    129977.312500000000    132626.000000000000    102954.171875000000    129977.304687500000    -83606.843750000000    -0.420285135508    0.166985571384    0.000066394270    -0.000430350512    0.124669820070    0.038159087300    0.000000000000    0.000000000000    0.000000000000    0.000000000000    0.000000000000    0.000000000000
-0.000000129201    1.299496173859    -0.016983525828    -0.000258802145    130378.171875000000    132231.968750000000    72155.703125000000    130378.171875000000    -110809.992187500000    -0.421922385693    0.175002932549    0.000061228129    -0.000430404558    0.125954300165    0.038583979011    0.000000000000    0.000000000000    0.000000000000    0.000000000000    0.000000000000    0.000000000000
-0.000000130315    1.299436330795    -0.017129009590    -0.000125176215    130873.054687500000    131742.203125000000    34456.097656250000    130873.054687500000    -127156.546875000000    -0.422983556986    0.180199235678    0.000057879810    -0.000430439599    0.126786828041    0.038859363645    0.000000000000    0.000000000000    0.000000000000    0.000000000000    0.000000000000    0.000000000000
-0.000000131429    1.299420595169    -0.017275078222    0.000019811501    131414.578125000000    131202.015625000000    -6450.046875000000    131414.593750000000    -131043.382812500000    -0.423370093107    0.182092100382    0.000056660105    -0.000430452375    0.127090081573    0.038959681988    0.000000000000    0.000000000000    0.000000000000    0.000000000000    0.000000000000    0.000000000000
-0.000000132543    1.299450397491    -0.017421750352    0.000161953736    131949.968750000000    130663.570312500000    -46553.046875000000    131949.984375000000    -122089.242187500000    -0.423046737909    0.180508643389    0.000057680434    -0.000430441694    0.126836389303    0.038875762373    0.000000000000    0.000000000000    0.000000000000    0.000000000000    0.000000000000    0.000000000000
-0.000000133656    1.299522638321    -0.017568986863    0.000287322298    132426.078125000000    130181.007812500000    -81922.156250000000    132426.109375000000    -101172.398437500000    -0.422045052052    0.175603568554    0.000060841103    -0.000430408603    0.126050531864    0.038615811616    0.000000000000    0.000000000000    0.000000000000    0.000000000000    0.000000000000    0.000000000000
-0.000000134770    1.299630045891    -0.017716700211    0.000383634062    132794.843750000000    129804.828125000000    -109091.796875000000    132794.875000000000    -70343.953125000000    -0.420469135046    0.167886495590    0.000065813743    -0.000430356566    0.124814160168    0.038206830621    0.000000000000    0.000000000000    0.000000000000    0.000000000000    0.000000000000    0.000000000000
-0.000000135884    1.299761772156    -0.017864745110    0.000441454584    133018.000000000000    129576.164062500000    -125401.523437500000    133018.031250000000    -32625.691406250000    -0.417858958244    0.158260509372    0.000071924056    -0.000429784384    0.123243346810    0.037677563727    0.000000000000    0.000000000000    0.000000000000    0.000000000000    0.000000000000    0.000000000000
-0.000000136998    1.299904823303    -0.018012948334    0.000455121335    133071.078125000000    129521.664062500000    -129256.250000000000    133071.109375000000    8287.246093750000    -0.413771450520    0.147853359580    0.000078348865    -0.000428169500    0.121488898993    0.037067789584    0.000000000000    0.000000000000    0.000000000000    0.000000000000    0.000000000000    0.000000000000
-0.000000138112    1.300044894218    -0.018161110580    0.000423295976    132946.078125000000    129649.953125000000    -120281.281250000000    132946.109375000000    48389.250000000000    -0.409683912992    0.137446209788    0.000084773674    -0.000426554645    0.119734451175    0.036458015442    0.000000000000    0.000000000000    0.000000000000    0.000000000000    0.000000000000    0.000000000000
-0.000000139225    1.300168275833    -0.018309038132    0.000349092792    132652.500000000000    129950.312500000000    -99357.484375000000    132652.531250000000    83756.617187500000    -0.406001716852    0.128071025014    0.000090561400    -0.000425099890    0.118153974414    0.035908706486    0.000000000000    0.000000000000    0.000000000000    0.000000000000    0.000000000000    0.000000000000
-0.000000140339    1.300262570381    -0.018456554040    0.000239771034    132216.640625000000    130393.757812500000    -68533.601562500000    132216.671875000000    110930.960937500000    -0.403092384338    0.120663583279    0.000095134346    -0.000423950492    0.116905219853    0.035474691540    0.000000000000    0.000000000000    0.000000000000    0.000000000000    0.000000000000    0.000000000000
-0.000000141453    1.300318360329    -0.018603524193    0.000106023334    131679.234375000000    130936.453125000000    -30824.957031250000    131679.250000000000    127256.343750000000    -0.401247829199    0.115967251360    0.000098033612    -0.000423221762    0.116113506258    0.035199522972    0.000000000000    0.000000000000    0.000000000000    0.000000000000    0.000000000000    0.000000000000
-0.000000142567    1.300330042839    -0.018749862909    -0.000039070848    131091.687500000000    131524.671875000000    10081.521484375000    131091.703125000000    131137.750000000000    -0.400650173426    0.114445537329    0.000098973032    -0.000422985642    0.115856975317    0.035110361874    0.000000000000    0.000000000000    0.000000000000    0.000000000000    0.000000000000    0.000000000000
-0.000000143681    1.300296068192    -0.018895547837    -0.000181323543    130511.179687500000    132100.750000000000    50187.113281250000    130511.179687500000    122196.015625000000    -0.401368051767    0.116273343563    0.000097844648    -0.000423269259    0.116165108979    0.035217456520    0.000000000000    0.000000000000    0.000000000000    0.000000000000    0.000000000000    0.000000000000
-0.000000144794    1.300219893456    -0.019040616229    -0.000306824397    129995.078125000000    132608.671875000000    85571.195312500000    129995.070312500000    101304.664062500000    -0.403332829475    0.121275775135    0.000094756419    -0.000424045487    0.117008425295    0.035510558635    0.000000000000    0.000000000000    0.000000000000    0.000000000000    0.000000000000    0.000000000000
-0.000000145908    1.300108551979    -0.019185170531    -0.000403299782    129595.281250000000    132999.390625000000    112773.593750000000    129595.273437500000    70505.062500000000    -0.406362384558    0.128989309072    0.000089994501    -0.000425242382    0.118308782578    0.035962510854    0.000000000000    0.000000000000    0.000000000000    0.000000000000    0.000000000000    0.000000000000
-0.000000147022    1.299972772598    -0.019329363480    -0.000461312738    129353.062500000000    133234.984375000000    129132.500000000000    129353.054687500000    32808.007812500000    -0.410161375999    0.138661831617    0.000084023210    -0.000426743267    0.119939386845    0.036529242992    0.000000000000    0.000000000000    0.000000000000    0.000000000000    0.000000000000    0.000000000000
-0.000000148136    1.299825549126    -0.019473388791    -0.000475187233    129294.789062500000    133291.531250000000    133045.250000000000    129294.773437500000    -8099.463867187500    -0.414369106293    0.149375081062    0.000077409437    -0.000428405649    0.121745429933    0.037156950682    0.000000000000    0.000000000000    0.000000000000    0.000000000000    0.000000000000    0.000000000000
-0.000000149250    1.299681186676    -0.019617453218    -0.000443565688    129429.015625000000    133161.187500000000    124126.289062500000    129429.007812500000    -48213.824218750000    -0.418576866388    0.160088315606    0.000070795671    -0.000430068001    0.123551480472    0.037784658372    0.000000000000    0.000000000000    0.000000000000    0.000000000000    0.000000000000    0.000000000000
-0.000000150363    1.299553513527    -0.019761770964    -0.000369544490    129745.453125000000    132852.875000000000    103246.414062500000    129745.445312500000    -83606.648437500000    -0.420922577381    0.170106977224    0.000064382941    -0.000430371554    0.125169903040    0.038324508816    0.000000000000    0.000000000000    0.000000000000    0.000000000000    0.000000000000    0.000000000000
-0.000000151477    1.299454927444    -0.019906532019    -0.000260373490    130215.570312500000    132392.109375000000    72448.976562500000    130215.570312500000    -110809.843750000000    -0.422563552856    0.178142547607    0.000059205060    -0.000430425745    0.126457318664    0.038750369102    0.000000000000    0.000000000000    0.000000000000    0.000000000000    0.000000000000    0.000000000000
-0.000000152591    1.299394845963    -0.020051881671    -0.000126747706    130795.242187500000    131819.468750000000    34750.632812500000    130795.242187500000    -127156.476562500000    -0.423630267382    0.183366134763    0.000055839151    -0.000430460961    0.127294197679    0.039027199149    0.000000000000    0.000000000000    0.000000000000    0.000000000000    0.000000000000    0.000000000000
-0.000000153705    1.299378871918    -0.020197913051    0.000018239978    131428.781250000000    131187.828125000000    -6154.166015625000    131428.796875000000    -131043.398437500000    -0.424020528793    0.185277193785    0.000054607724    -0.000430473854    0.127600386739    0.039128482342    0.000000000000    0.000000000000    0.000000000000    0.000000000000    0.000000000000    0.000000000000
-0.000000154819    1.299408316612    -0.020344652236    0.000160382275    132054.375000000000    130558.101562500000    -46255.867187500000    132054.390625000000    -122089.359375000000    -0.423700898886    0.183711946011    0.000055616325    -0.000430463289    0.127349615097    0.039045527577    0.000000000000    0.000000000000    0.000000000000    0.000000000000    0.000000000000    0.000000000000
-0.000000155933    1.299480080605    -0.020492054522    0.000285750983    132610.031250000000    129993.648437500000    -81623.859375000000    132610.062500000000    -101172.593750000000    -0.422706633806    0.178843274713    0.000058753536    -0.000430430460    0.126569584012    0.038787506521    0.000000000000    0.000000000000    0.000000000000    0.000000000000    0.000000000000    0.000000000000
-0.000000157046    1.299587011337    -0.020640008152    0.000382062979    133039.906250000000    129553.664062500000    -108792.664062500000    133039.937500000000    -70344.195312500000    -0.421138137579    0.171162605286    0.000063702719    -0.000430378685    0.125339031219    0.038380455226    0.000000000000    0.000000000000    0.000000000000    0.000000000000    0.000000000000    0.000000000000
-0.000000158160    1.299718379974    -0.020788351074    0.000439883792    133299.734375000000    129286.320312500000    -125101.937500000000    133299.765625000000    -32625.972656250000    -0.419109255075    0.161443874240    0.000069958820    -0.000430278335    0.123780004680    0.037864085287    0.000000000000    0.000000000000    0.000000000000    0.000000000000    0.000000000000    0.000000000000
-0.000000159274    1.299860954285    -0.020936878398    0.000453550834    133361.468750000000    129222.617187500000    -128956.609375000000    133361.500000000000    8286.960937500000    -0.415032058954    0.151062965393    0.000076367432    -0.000428667554    0.122029975057    0.037255845964    0.000000000000    0.000000000000    0.000000000000    0.000000000000    0.000000000000    0.000000000000
-0.000000160388    1.300000667572    -0.021085359156    0.000421725767    133216.281250000000    129372.273437500000    -119982.031250000000    133216.312500000000    48388.988281250000    -0.410958260298    0.140690788627    0.000082770646    -0.000427058112    0.120281428099    0.036648120731    0.000000000000    0.000000000000    0.000000000000    0.000000000000    0.000000000000    0.000000000000
-0.000000161502    1.300123691559    -0.021233564243    0.000347522786    132875.640625000000    129722.109375000000    -99059.015625000000    132875.671875000000    83756.406250000000    -0.407286375761    0.131341844797    0.000088542176    -0.000425607432    0.118705369532    0.036100350320    0.000000000000    0.000000000000    0.000000000000    0.000000000000    0.000000000000    0.000000000000
-0.000000162615    1.300217628479    -0.021381294355    0.000238201232    132370.421875000000    130237.585937500000    -68236.250000000000    132370.453125000000    110930.804687500000    -0.404387325048    0.123960644007    0.000093098926    -0.000424462109    0.117461040616    0.035667870194    0.000000000000    0.000000000000    0.000000000000    0.000000000000    0.000000000000    0.000000000000
-0.000000163729    1.300272941589    -0.021528391168    0.000104453684    131748.187500000000    130867.000000000000    -30528.937500000000    131748.203125000000    127256.265625000000    -0.402553081512    0.119290545583    0.000095981988    -0.000423737452    0.116673752666    0.035394240171    0.000000000000    0.000000000000    0.000000000000    0.000000000000    0.000000000000    0.000000000000
-0.000000164843    1.300284266472    -0.021674755961    -0.000040640443    131068.625000000000    131547.593750000000    10376.114257812500    131068.632812500000    131137.750000000000    -0.401965737343    0.117795065045    0.000096905220    -0.000423505378    0.116421639919    0.035306617618    0.000000000000    0.000000000000    0.000000000000    0.000000000000    0.000000000000    0.000000000000
-0.000000165957    1.300250172615    -0.021820362657    -0.000182893185    130397.898437500000    132212.484375000000    50480.320312500000    130397.898437500000    122196.093750000000    -0.402690500021    0.119640365243    0.000095766030    -0.000423791731    0.116732724011    0.035414736718    0.000000000000    0.000000000000    0.000000000000    0.000000000000    0.000000000000    0.000000000000
-0.000000167071    1.300173759460    -0.021965259686    -0.000308394141    129802.195312500000    132797.375000000000    85863.187500000000    129802.187500000000    101304.812500000000    -0.404662132263    0.124660283327    0.000092667004    -0.000424570666    0.117578990757    0.035708863288    0.000000000000    0.000000000000    0.000000000000    0.000000000000    0.000000000000    0.000000000000
-0.000000168184    1.300062060356    -0.022109562531    -0.000404869701    129341.210937500000    133246.421875000000    113064.664062500000    129341.203125000000    70505.281250000000    -0.407698571682    0.132391303778    0.000087894296    -0.000425770268    0.118882291019    0.036161839962    0.000000000000    0.000000000000    0.000000000000    0.000000000000    0.000000000000    0.000000000000
-0.000000169298    1.299925923347    -0.022253450006    -0.000462882919    129062.210937500000    133516.671875000000    129423.054687500000    129062.195312500000    32808.273437500000    -0.411507844925    0.142090082169    0.000081906808    -0.000427275227    0.120517320931    0.036730106920    0.000000000000    0.000000000000    0.000000000000    0.000000000000    0.000000000000    0.000000000000
-0.000000170412    1.299778461456    -0.022397143766    -0.000476757705    128995.125000000000    133581.484375000000    133335.750000000000    128995.109375000000    -8099.186523437500    -0.415725886822    0.152829557657    0.000075276839    -0.000428941654    0.122327789664    0.037359353155    0.000000000000    0.000000000000    0.000000000000    0.000000000000    0.000000000000    0.000000000000
-0.000000171526    1.299633622169    -0.022540884092    -0.000445136451    129149.421875000000    133432.312500000000    124417.203125000000    129149.414062500000    -48213.570312500000    -0.419604957104    0.163654834032    0.000068540481    -0.000430328044    0.124136194587    0.037982568145    0.000000000000    0.000000000000    0.000000000000    0.000000000000    0.000000000000    0.000000000000
-0.000000172640    1.299505591393    -0.022684914991    -0.000371115515    129512.820312500000    133079.609375000000    103538.164062500000    129512.812500000000    -83606.453125000000    -0.421669661999    0.173765301704    0.000062025625    -0.000430396234    0.125756025314    0.038518387824    0.000000000000    0.000000000000    0.000000000000    0.000000000000    0.000000000000    0.000000000000
-0.000000173753    1.299406647682    -0.022829452530    -0.000261944719    130052.226562500000    132552.546875000000    72741.914062500000    130052.226562500000    -110809.726562500000    -0.423316210508    0.181828185916    0.000056830166    -0.000430450600    0.127047806978    0.038945693523    0.000000000000    0.000000000000    0.000000000000    0.000000000000    0.000000000000    0.000000000000
-0.000000174867    1.299346089363    -0.022974668071    -0.000128319036    130716.703125000000    131897.328125000000    35044.984375000000    130716.703125000000    -127156.429687500000    -0.424388498068    0.187079071999    0.000053446664    -0.000430485990    0.127889066935    0.039223972708    0.000000000000    0.000000000000    0.000000000000    0.000000000000    0.000000000000    0.000000000000
-0.000000175981    1.299329638481    -0.023120662197    0.000016668640    131442.250000000000    131174.296875000000    -5858.297851562500    131442.265625000000    -131043.429687500000    -0.424786210060    0.189026534557    0.000052191775    -0.000430499145    0.128201067448    0.039327181876    0.000000000000    0.000000000000    0.000000000000    0.000000000000    0.000000000000    0.000000000000
-0.000000177095    1.299358844757    -0.023267464712    0.000158811003    132158.046875000000    130453.125000000000    -45958.519531250000    132158.062500000000    -122089.445312500000    -0.424472123384    0.187488585711    0.000053182783    -0.000430488755    0.127954676747    0.039245676249    0.000000000000    0.000000000000    0.000000000000    0.000000000000    0.000000000000    0.000000000000
-0.000000178209    1.299430251122    -0.023415025324    0.000284179871    132793.265625000000    129806.437500000000    -81325.218750000000    132793.296875000000    -101172.718750000000    -0.423483461142    0.182647213340    0.000056302404    -0.000430456101    0.127179026604    0.038989100605    0.000000000000    0.000000000000    0.000000000000    0.000000000000    0.000000000000    0.000000000000
-0.000000179322    1.299536824226    -0.023563221097    0.000380492012    133284.265625000000    129302.250000000000    -108493.046875000000    133284.296875000000    -70344.351562500000    -0.421918690205    0.174984753132    0.000061239858    -0.000430404441    0.125951394439    0.038583014160    0.000000000000    0.000000000000    0.000000000000    0.000000000000    0.000000000000    0.000000000000
-0.000000180436    1.299667835236    -0.023711858317    0.000438313000    133580.796875000000    128995.898437500000    -124801.742187500000    133580.828125000000    -32626.132812500000    -0.419937610626    0.165283799171    0.000067490830    -0.000430339016    0.124397173524    0.038068898022    0.000000000000    0.000000000000    0.000000000000    0.000000000000    0.000000000000    0.000000000000
-0.000000181550    1.299810290337    -0.023860700428    0.000451980188    133651.218750000000    128922.945312500000    -128656.328125000000    133651.250000000000    8286.808593750000    -0.416491866112    0.154779806733    0.000074072857    -0.000429244275    0.122656568885    0.037473622710    0.000000000000    0.000000000000    0.000000000000    0.000000000000    0.000000000000    0.000000000000
-0.000000182664    1.299949765205    -0.024009490386    0.000420155295    133485.843750000000    129094.156250000000    -119682.148437500000    133485.875000000000    48388.855468750000    -0.412421524525    0.144416376948    0.000080470672    -0.000427636201    0.120909489691    0.036866411567    0.000000000000    0.000000000000    0.000000000000    0.000000000000    0.000000000000    0.000000000000
-0.000000183778    1.300072431564    -0.024157971144    0.000345952431    133098.140625000000    129493.843750000000    -98760.000000000000    133098.171875000000    83756.296875000000    -0.408759951591    0.135093674064    0.000086226006    -0.000426189596    0.119337856770    0.036320175976    0.000000000000    0.000000000000    0.000000000000    0.000000000000    0.000000000000    0.000000000000
-0.000000184891    1.300166130066    -0.024305913597    0.000236630978    132523.609375000000    130081.765625000000    -67938.476562500000    132523.640625000000    110930.742187500000    -0.405867755413    0.127729952335    0.000090771959    -0.000425046979    0.118096478283    0.035888724029    0.000000000000    0.000000000000    0.000000000000    0.000000000000    0.000000000000    0.000000000000
-0.000000186005    1.300221323967    -0.024453133345    0.000102883481    131816.562500000000    130798.195312500000    -30232.667968750000    131816.578125000000    127256.257812500000    -0.404040396214    0.123077347875    0.000093644223    -0.000424325030    0.117312133312    0.035616118461    0.000000000000    0.000000000000    0.000000000000    0.000000000000    0.000000000000    0.000000000000
-0.000000187119    1.300232410431    -0.024599522352    -0.000042210668    131045.000000000000    131571.218750000000    10670.750976562500    131045.007812500000    131137.812500000000    -0.403459906578    0.121599361300    0.000094556657    -0.000424095691    0.117062970996    0.035529520363    0.000000000000    0.000000000000    0.000000000000    0.000000000000    0.000000000000    0.000000000000
-0.000000188233    1.300197839737    -0.024745052680    -0.000184463512    130284.070312500000    132324.765625000000    50773.367187500000    130284.070312500000    122196.203125000000    -0.404194980860    0.123470894992    0.000093401271    -0.000424386089    0.117378480732    0.035639174283    0.000000000000    0.000000000000    0.000000000000    0.000000000000    0.000000000000    0.000000000000
-0.000000189347    1.300121068954    -0.024889776483    -0.000309964671    129608.773437500000    132986.265625000000    86154.843750000000    129608.765625000000    101304.960937500000    -0.406176894903    0.128517046571    0.000090286048    -0.000425169099    0.118229165673    0.035934839398    0.000000000000    0.000000000000    0.000000000000    0.000000000000    0.000000000000    0.000000000000
-0.000000190460    1.300009012222    -0.025033824146    -0.000406440377    129086.601562500000    133493.171875000000    113355.265625000000    129086.593750000000    70505.445312500000    -0.409223645926    0.136274307966    0.000085497137    -0.000426372804    0.119536891580    0.036389350891    0.000000000000    0.000000000000    0.000000000000    0.000000000000    0.000000000000    0.000000000000
-0.000000191574    1.299872517586    -0.025177406147    -0.000464453769    128770.804687500000    133797.828125000000    129713.031250000000    128770.789062500000    32808.437500000000    -0.413046687841    0.146008059382    0.000079488054    -0.000427883177    0.121177814901    0.036959670484    0.000000000000    0.000000000000    0.000000000000    0.000000000000    0.000000000000    0.000000000000
-0.000000192688    1.299724698067    -0.025320766494    -0.000478328759    128694.929687500000    133870.812500000000    133625.625000000000    128694.914062500000    -8099.032226562500    -0.417271584272    0.156765028834    0.000072847288    -0.000429552339    0.122991241515    0.037589941174    0.000000000000    0.000000000000    0.000000000000    0.000000000000    0.000000000000    0.000000000000
-0.000000193802    1.299579739571    -0.025464182720    -0.000446707651    128869.281250000000    133702.984375000000    124707.492187500000    128869.273437500000    -48213.437500000000    -0.420443117619    0.167759090662    0.000065895838    -0.000430355722    0.124793745577    0.038200080395    0.000000000000    0.000000000000    0.000000000000    0.000000000000    0.000000000000    0.000000000000
-0.000000194916    1.299451351166    -0.025607926771    -0.000372686860    129279.648437500000    133306.234375000000    103829.359375000000    129279.640625000000    -83606.351562500000    -0.422513365746    0.177896842360    0.000059363392    -0.000430424087    0.126417949796    0.038737345487    0.000000000000    0.000000000000    0.000000000000    0.000000000000    0.000000000000    0.000000000000
-0.000000196029    1.299352169037    -0.025752242655    -0.000263516151    129888.320312500000    132713.234375000000    73034.421875000000    129888.320312500000    -110809.664062500000    -0.424163639545    0.185977935791    0.000054156200    -0.000430478569    0.127712652087    0.039165616035    0.000000000000    0.000000000000    0.000000000000    0.000000000000    0.000000000000    0.000000000000
-0.000000197143    1.299291491508    -0.025897318497    -0.000129890497    130637.585937500000    131975.765625000000    35339.097656250000    130637.585937500000    -127156.414062500000    -0.425239652395    0.191247016191    0.000050760973    -0.000430514105    0.128556817770    0.039444860071    0.000000000000    0.000000000000    0.000000000000    0.000000000000    0.000000000000    0.000000000000
-0.000000198257    1.299274802208    -0.026043275371    0.000015097183    131455.125000000000    131161.453125000000    -5562.442382812500    131455.140625000000    -131043.453125000000    -0.425641059875    0.193212687969    0.000049494356    -0.000430527347    0.128871753812    0.039549034089    0.000000000000    0.000000000000    0.000000000000    0.000000000000    0.000000000000    0.000000000000
-0.000000199371    1.299303531647    -0.026190143079    0.000157239614    132261.093750000000    130348.671875000000    -45660.960937500000    132261.109375000000    -122089.531250000000    -0.425332576036    0.191702038050    0.000050467774    -0.000430517161    0.128629729152    0.039468973875    0.000000000000    0.000000000000    0.000000000000    0.000000000000    0.000000000000    0.000000000000
-0.000000200485    1.299374580383    -0.026337865740    0.000282608584    132975.859375000000    129619.398437500000    -81026.164062500000    132975.890625000000    -101172.859375000000    -0.424349486828    0.186887949705    0.000053569805    -0.000430484710    0.127858445048    0.039213843644    0.000000000000    0.000000000000    0.000000000000    0.000000000000    0.000000000000    0.000000000000
-0.000000201598    1.299480795860    -0.026486301795    0.000378920959    133527.953125000000    129050.578125000000    -108192.859375000000    133527.984375000000    -70344.539062500000    -0.422792136669    0.179261893034    0.000058483794    -0.000430433283    0.126636654139    0.038809690624    0.000000000000    0.000000000000    0.000000000000    0.000000000000    0.000000000000    0.000000000000
-0.000000202712    1.299611568451    -0.026635233313    0.000436742179    133861.140625000000    128704.929687500000    -124500.906250000000    133861.171875000000    -32626.353515625000    -0.420814782381    0.169579148293    0.000064723048    -0.000430368003    0.125085338950    0.038296535611    0.000000000000    0.000000000000    0.000000000000    0.000000000000    0.000000000000    0.000000000000
-0.000000203826    1.299753427505    -0.026784397662    0.000450409658    133940.234375000000    128622.609375000000    -128355.382812500000    133940.265625000000    8286.576171875000    -0.418126881123    0.158942654729    0.000071502938    -0.000429890235    0.123358346522    0.037717532367    0.000000000000    0.000000000000    0.000000000000    0.000000000000    0.000000000000    0.000000000000
-0.000000204940    1.299892544746    -0.026933502406    0.000418585027    133754.687500000000    128815.546875000000    -119381.664062500000    133754.718750000000    48388.640625000000    -0.414070278406    0.148614227772    0.000077879151    -0.000428287574    0.121617168188    0.037112370133    0.000000000000    0.000000000000    0.000000000000    0.000000000000    0.000000000000    0.000000000000
-0.000000206054    1.300014972687    -0.027082260698    0.000344382424    133319.921875000000    129265.460937500000    -98460.500000000000    133319.953125000000    83756.117187500000    -0.410415560007    0.139309003949    0.000083623687    -0.000426843704    0.120048485696    0.036567158997    0.000000000000    0.000000000000    0.000000000000    0.000000000000    0.000000000000    0.000000000000
-0.000000207167    1.300108194351    -0.027230411768    0.000235061161    132676.046875000000    129926.210937500000    -67640.390625000000    132676.078125000000    110930.601562500000    -0.407537132502    0.131980270147    0.000088148045    -0.000425706501    0.118813000619    0.036137755960    0.000000000000    0.000000000000    0.000000000000    0.000000000000    0.000000000000    0.000000000000
-0.000000208281    1.300162911415    -0.027377756312    0.000101313766    131884.203125000000    130729.945312500000    -29936.300781250000    131884.218750000000    127256.187500000000    -0.405720055103    0.127353906631    0.000091004113    -0.000424988626    0.118033081293    0.035866688937    0.000000000000    0.000000000000    0.000000000000    0.000000000000    0.000000000000    0.000000000000
-0.000000209395    1.300173521042    -0.027524171397    -0.000043780339    131020.640625000000    131595.421875000000    10965.274414062500    131020.648437500000    131137.796875000000    -0.405153304338    0.125910893083    0.000091894952    -0.000424764701    0.117789819837    0.035782139748    0.000000000000    0.000000000000    0.000000000000    0.000000000000    0.000000000000    0.000000000000
-0.000000210509    1.300138711929    -0.027669623494    -0.000186033198    130169.500000000000    132437.406250000000    51066.089843750000    130169.500000000000    122196.257812500000    -0.405898690224    0.127808660269    0.000090723370    -0.000425059203    0.118109747767    0.035893335938    0.000000000000    0.000000000000    0.000000000000    0.000000000000    0.000000000000    0.000000000000
-0.000000211623    1.300061583519    -0.027814174071    -0.000311534415    129414.625000000000    133175.140625000000    86445.992187500000    129414.617187500000    101305.070312500000    -0.407890915871    0.132881060243    0.000087591950    -0.000425846258    0.118964850903    0.036190535873    0.000000000000    0.000000000000    0.000000000000    0.000000000000    0.000000000000    0.000000000000
-0.000000212736    1.299949288368    -0.027957972139    -0.000408010324    128831.273437500000    133739.562500000000    113645.218750000000    128831.265625000000    70505.601562500000    -0.410944521427    0.140655815601    0.000082792241    -0.000427052670    0.120275527239    0.036646071821    0.000000000000    0.000000000000    0.000000000000    0.000000000000    0.000000000000    0.000000000000
-0.000000213850    1.299812555313    -0.028101246804    -0.000466023892    128478.687500000000    134078.312500000000    130002.296875000000    128478.671875000000    32808.625000000000    -0.414770990610    0.150398299098    0.000076777760    -0.000428564410    0.121917925775    0.037216901779    0.000000000000    0.000000000000    0.000000000000    0.000000000000    0.000000000000    0.000000000000
-0.000000214964    1.299664139748    -0.028244275600    -0.000479899114    128394.007812500000    134159.406250000000    133914.765625000000    128393.992187500000    -8098.837890625000    -0.419013082981    0.161199003458    0.000070109993    -0.000430240354    0.123738721013    0.037849735469    0.000000000000    0.000000000000    0.000000000000    0.000000000000    0.000000000000    0.000000000000
-0.000000216078    1.299518704414    -0.028387365863    -0.000448278268    128588.421875000000    133973.078125000000    124997.093750000000    128588.414062500000    -48213.261718750000    -0.421394616365    0.172418445349    0.000062893494    -0.000430387125    0.125540241599    0.038447011262    0.000000000000    0.000000000000    0.000000000000    0.000000000000    0.000000000000    0.000000000000
-0.000000217192    1.299390077591    -0.028530821204    -0.000374257623    129045.750000000000    133532.625000000000    104119.976562500000    129045.742187500000    -83606.210937500000    -0.423468589783    0.182574406266    0.000056349319    -0.000430455635    0.127167358994    0.038985241205    0.000000000000    0.000000000000    0.000000000000    0.000000000000    0.000000000000    0.000000000000
-0.000000218306    1.299290418625    -0.028674911708    -0.000265087059    129723.687500000000    132874.109375000000    73326.515625000000    129723.687500000000    -110809.554687500000    -0.425126284361    0.190691888332    0.000051118674    -0.000430510350    0.128467887640    0.039415441453    0.000000000000    0.000000000000    0.000000000000    0.000000000000    0.000000000000    0.000000000000
-0.000000219419    1.299229264259    -0.028819851577    -0.000131461522    130557.742187500000    132054.687500000000    35632.980468750000    130557.742187500000    -127156.343750000000    -0.426207900047    0.195988282561    0.000047705853    -0.000430546090    0.129316434264    0.039696130902    0.000000000000    0.000000000000    0.000000000000    0.000000000000    0.000000000000    0.000000000000
-0.000000220533    1.299212217331    -0.028965773061    0.000013526105    131467.281250000000    131149.218750000000    -5266.620117187500    131467.296875000000    -131043.429687500000    -0.426614880562    0.197981253266    0.000046421646    -0.000430559507    0.129635736346    0.039801754057    0.000000000000    0.000000000000    0.000000000000    0.000000000000    0.000000000000    0.000000000000
-0.000000221647    1.299240827560    -0.029112704098    0.000155668517    132363.468750000000    130244.679687500000    -45363.238281250000    132363.484375000000    -122089.531250000000    -0.426310092211    0.196488797665    0.000047383335    -0.000430549466    0.129396632314    0.039722658694    0.000000000000    0.000000000000    0.000000000000    0.000000000000    0.000000000000    0.000000000000
