wc / wrf: 0.935595
 t  x  y  z vpar vper vx vy vz re(e1)  im(e1)  re(e2)  im(e2)  re(e3)  im(e3)  re(b1)  im(b1)  re(b2)  im(b2)  re(b3)  im(b3)
-0.000000000000    1.300171375275    -0.000029250354    0.000432842557    131308.343750000000    131308.453125000000    -122087.835937500000    131308.375000000000    48337.007812500000    -0.406053245068    0.128202214837    0.000090480411    -0.000425120263    0.118176087737    0.035916391760    0.000000000000    0.000000000000    0.000000000000    0.000000000000    0.000000000000    0.000000000000
-0.000000001114    1.300296783447    -0.000175501424    0.000358702760    131306.593750000000    131310.203125000000    -101179.867187500000    131306.625000000000    83695.882812500000    -0.402312666178    0.118678361177    0.000096359923    -0.000423642457    0.116570547223    0.035358373076    0.000000000000    0.000000000000    0.000000000000    0.000000000000    0.000000000000    0.000000000000
-0.000000002228    1.300392985344    -0.000321748375    0.000249450648    131300.625000000000    131316.156250000000    -70372.523437500000    131300.656250000000    110867.671875000000    -0.399348348379    0.111130990088    0.000101019250    -0.000422471319    0.115298204124    0.034916158766    0.000000000000    0.000000000000    0.000000000000    0.000000000000    0.000000000000    0.000000000000
-0.000000003341    1.300450682640    -0.000467985636    0.000115772011    131289.140625000000    131327.640625000000    -32679.500000000000    131289.156250000000    127196.703125000000    -0.397445410490    0.106285974383    0.000104010294    -0.000421719538    0.114481426775    0.034632280469    0.000000000000    0.000000000000    0.000000000000    0.000000000000    0.000000000000    0.000000000000
-0.000000004455    1.300464391708    -0.000614206947    -0.000029260495    131272.125000000000    131344.640625000000    8213.827148437500    131272.140625000000    131087.578125000000    -0.396789342165    0.104615584016    0.000105041509    -0.000421460340    0.114199832082    0.034534409642    0.000000000000    0.000000000000    0.000000000000    0.000000000000    0.000000000000    0.000000000000
-0.000000005569    1.300432801247    -0.000760406780    -0.000171464926    131250.968750000000    131365.796875000000    48310.019531250000    131250.984375000000    122160.218750000000    -0.397441983223    0.106277234852    0.000104015700    -0.000421718170    0.114479951560    0.034631766379    0.000000000000    0.000000000000    0.000000000000    0.000000000000    0.000000000000    0.000000000000
-0.000000006683    1.300358772278    -0.000906582049    -0.000296935672    131228.375000000000    131388.375000000000    83689.359375000000    131228.375000000000    101286.742187500000    -0.399344921112    0.111122243106    0.000101024649    -0.000422469981    0.115296728909    0.034915644675    0.000000000000    0.000000000000    0.000000000000    0.000000000000    0.000000000000    0.000000000000
-0.000000007797    1.300249576569    -0.001052732929    -0.000393401977    131207.984375000000    131408.750000000000    110892.117187500000    131207.984375000000    70506.789062500000    -0.402309209108    0.118669614196    0.000096365322    -0.000423641090    0.116569072008    0.035357858986    0.000000000000    0.000000000000    0.000000000000    0.000000000000    0.000000000000    0.000000000000
-0.000000008910    1.300115823746    -0.001198864309    -0.000451427797    131193.921875000000    131422.781250000000    127256.437500000000    131193.921875000000    32829.210937500000    -0.406049817801    0.128193467855    0.000090485810    -0.000425118895    0.118174612522    0.035915881395    0.000000000000    0.000000000000    0.000000000000    0.000000000000    0.000000000000    0.000000000000
-0.000000010024    1.299970865250    -0.001344985329    -0.000465335906    131190.203125000000    131426.500000000000    131179.093750000000    131190.203125000000    -8060.856445312500    -0.410195708275    0.138749286532    0.000083969222    -0.000426756829    0.119954124093    0.036534365267    0.000000000000    0.000000000000    0.000000000000    0.000000000000    0.000000000000    0.000000000000
-0.000000011138    1.299828529358    -0.001491109491    -0.000433765381    131200.031250000000    131416.671875000000    122273.515625000000    131200.031250000000    -48161.585937500000    -0.414345055819    0.149313867092    0.000077447236    -0.000428396132    0.121735110879    0.037153363228    0.000000000000    0.000000000000    0.000000000000    0.000000000000    0.000000000000    0.000000000000
-0.000000012252    1.299702882767    -0.001637253212    -0.000359807629    131225.234375000000    131391.500000000000    101409.148437500000    131225.234375000000    -83545.898437500000    -0.418092519045    0.158855199814    0.000071556926    -0.000429876673    0.123343601823    0.037712410092    0.000000000000    0.000000000000    0.000000000000    0.000000000000    0.000000000000    0.000000000000
-0.000000013366    1.299606323242    -0.001783433603    -0.000250706333    131265.828125000000    131350.953125000000    70627.812500000000    131265.828125000000    -110746.515625000000    -0.420210808516    0.166621550918    0.000066628832    -0.000430348038    0.124611496925    0.038139794022    0.000000000000    0.000000000000    0.000000000000    0.000000000000    0.000000000000    0.000000000000
-0.000000014479    1.299548149109    -0.001929666847    -0.000117149626    131319.687500000000    131297.093750000000    32944.546875000000    131319.703125000000    -127096.757812500000    -0.421245932579    0.171690434217    0.000063362611    -0.000430382235    0.125423595309    0.038408428431    0.000000000000    0.000000000000    0.000000000000    0.000000000000    0.000000000000    0.000000000000
-0.000000015593    1.299534082413    -0.002075965982    0.000027776301    131382.734375000000    131234.015625000000    -7947.688476562500    131382.750000000000    -130993.140625000000    -0.421606481075    0.173455893993    0.000062225001    -0.000430394139    0.125706449151    0.038501992822    0.000000000000    0.000000000000    0.000000000000    0.000000000000    0.000000000000    0.000000000000
-0.000000016707    1.299565672874    -0.002222337527    0.000169870240    131449.015625000000    131167.640625000000    -48040.566406250000    131449.031250000000    -122053.484375000000    -0.421255230904    0.171735927463    0.000063333289    -0.000430382526    0.125430881977    0.038410838693    0.000000000000    0.000000000000    0.000000000000    0.000000000000    0.000000000000    0.000000000000
-0.000000017821    1.299639463425    -0.002368781250    0.000295208738    131511.406250000000    131105.078125000000    -83404.343750000000    131511.437500000000    -101154.617187500000    -0.420229375362    0.166712552309    0.000066570188    -0.000430348649    0.124626077712    0.038144618273    0.000000000000    0.000000000000    0.000000000000    0.000000000000    0.000000000000    0.000000000000
-0.000000018935    1.299748301506    -0.002515289001    0.000391511596    131562.359375000000    131053.945312500000    -110573.921875000000    131562.390625000000    -70345.875000000000    -0.418144047260    0.158986389637    0.000071475944    -0.000429897016    0.123365715146    0.037720095366    0.000000000000    0.000000000000    0.000000000000    0.000000000000    0.000000000000    0.000000000000
-0.000000020048    1.299881696701    -0.002661843551    0.000449345214    131594.734375000000    131021.437500000000    -126888.843750000000    131594.765625000000    -32647.128906250000    -0.414413779974    0.149488776922    0.000077339253    -0.000428423285    0.121764600277    0.037163611501    0.000000000000    0.000000000000    0.000000000000    0.000000000000    0.000000000000    0.000000000000
-0.000000021162    1.300026535988    -0.002808420919    0.000463045784    131602.734375000000    131013.390625000000    -130753.460937500000    131602.765625000000    8248.402343750000    -0.410274714231    0.138950437307    0.000083845043    -0.000426788058    0.119988039136    0.036546152085    0.000000000000    0.000000000000    0.000000000000    0.000000000000    0.000000000000    0.000000000000
-0.000000022276    1.300168395042    -0.002954992000    0.000431271706    131582.765625000000    131033.445312500000    -121792.093750000000    131582.796875000000    48336.796875000000    -0.406135678291    0.128412097692    0.000090350833    -0.000425152830    0.118211470544    0.035928692669    0.000000000000    0.000000000000    0.000000000000    0.000000000000    0.000000000000    0.000000000000
-0.000000023390    1.300293445587    -0.003101524897    0.000357132143    131533.953125000000    131082.421875000000    -100884.250000000000    131533.984375000000    83695.687500000000    -0.402405381203    0.118914484978    0.000096214149    -0.000423679099    0.116610355675    0.035372208804    0.000000000000    0.000000000000    0.000000000000    0.000000000000    0.000000000000    0.000000000000
-0.000000024504    1.300389409065    -0.003247988177    0.000247880263    131458.640625000000    131157.906250000000    -70077.070312500000    131458.671875000000    110867.500000000000    -0.399447947741    0.111384607852    0.000100862686    -0.000422510668    0.115340963006    0.034931018949    0.000000000000    0.000000000000    0.000000000000    0.000000000000    0.000000000000    0.000000000000
-0.000000025617    1.300446987152    -0.003394355299    0.000114201743    131362.359375000000    131254.375000000000    -32384.222656250000    131362.375000000000    127196.601562500000    -0.397551894188    0.106557086110    0.000103842933    -0.000421761593    0.114527136087    0.034648165107    0.000000000000    0.000000000000    0.000000000000    0.000000000000    0.000000000000    0.000000000000
-0.000000026731    1.300460457802    -0.003540607169    -0.000030830699    131253.312500000000    131363.406250000000    8508.924804687500    131253.328125000000    131087.562500000000    -0.396902710199    0.104904189706    0.000104863342    -0.000421505130    0.114248484373    0.034551318735    0.000000000000    0.000000000000    0.000000000000    0.000000000000    0.000000000000    0.000000000000
-0.000000027845    1.300428271294    -0.003686735407    -0.000173035165    131141.921875000000    131474.625000000000    48604.960937500000    131141.937500000000    122160.296875000000    -0.397569060326    0.106600821018    0.000103815939    -0.000421768375    0.114534504712    0.034650728106    0.000000000000    0.000000000000    0.000000000000    0.000000000000    0.000000000000    0.000000000000
-0.000000028959    1.300353884697    -0.003832743270    -0.000298506027    131039.734375000000    131576.500000000000    83984.179687500000    131039.726562500000    101286.914062500000    -0.399482309818    0.111472062767    0.000100808698    -0.000422524259    0.115355700254    0.034936141223    0.000000000000    0.000000000000    0.000000000000    0.000000000000    0.000000000000    0.000000000000
-0.000000030073    1.300244331360    -0.003978647292    -0.000394972507    130958.125000000000    131657.718750000000    111186.875000000000    130958.117187500000    70507.039062500000    -0.402460366488    0.119054414332    0.000096127762    -0.000423700811    0.116633944213    0.035380408168    0.000000000000    0.000000000000    0.000000000000    0.000000000000    0.000000000000    0.000000000000
-0.000000031187    1.300110340118    -0.004124477040    -0.000452998676    130907.234375000000    131708.312500000000    127551.203125000000    130907.226562500000    32829.531250000000    -0.406207829714    0.128595769405    0.000090237460    -0.000425181322    0.118242435157    0.035939451307    0.000000000000    0.000000000000    0.000000000000    0.000000000000    0.000000000000    0.000000000000
-0.000000032300    1.299964904785    -0.004270270467    -0.000466907164    130894.703125000000    131720.781250000000    131473.953125000000    130894.687500000000    -8060.493164062500    -0.410364031792    0.139177829027    0.000083704668    -0.000426823332    0.120026372373    0.036559473723    0.000000000000    0.000000000000    0.000000000000    0.000000000000    0.000000000000    0.000000000000
-0.000000033414    1.299822330475    -0.004416074138    -0.000435337046    130924.570312500000    131691.078125000000    122568.531250000000    130924.562500000000    -48161.218750000000    -0.414520233870    0.149759888649    0.000077171884    -0.000428465341    0.121810302138    0.037179496139    0.000000000000    0.000000000000    0.000000000000    0.000000000000    0.000000000000    0.000000000000
-0.000000034528    1.299696326256    -0.004561934620    -0.000361379702    130996.726562500000    131619.296875000000    101704.398437500000    130996.718750000000    -83545.562500000000    -0.418278008699    0.159327462316    0.000071265378    -0.000429949956    0.123423218727    0.037740077823    0.000000000000    0.000000000000    0.000000000000    0.000000000000    0.000000000000    0.000000000000
-0.000000035642    1.299599528313    -0.004707897548    -0.000252278725    131106.578125000000    131509.859375000000    70923.328125000000    131106.578125000000    -110746.250000000000    -0.420314878225    0.167131155729    0.000066300447    -0.000430351472    0.124693140388    0.038166802377    0.000000000000    0.000000000000    0.000000000000    0.000000000000    0.000000000000    0.000000000000
-0.000000036756    1.299540996552    -0.004853999242    -0.000118722281    131245.250000000000    131371.468750000000    33240.359375000000    131245.265625000000    -127096.601562500000    -0.421355575323    0.172227352858    0.000063016640    -0.000430385844    0.125509619713    0.038436882198    0.000000000000    0.000000000000    0.000000000000    0.000000000000    0.000000000000    0.000000000000
-0.000000037869    1.299526691437    -0.005000266246    0.000026203557    131400.296875000000    131216.390625000000    -7651.590820312500    131400.312500000000    -130993.125000000000    -0.421721696854    0.174020111561    0.000061861436    -0.000430397951    0.125796839595    0.038531892002    0.000000000000    0.000000000000    0.000000000000    0.000000000000    0.000000000000    0.000000000000
-0.000000038983    1.299557685852    -0.005146707408    0.000168297542    131556.796875000000    131059.492187500000    -47744.218750000000    131556.812500000000    -122053.601562500000    -0.421377897263    0.172336548567    0.000062946267    -0.000430386601    0.125527113676    0.038442671299    0.000000000000    0.000000000000    0.000000000000    0.000000000000    0.000000000000    0.000000000000
-0.000000040097    1.299631118774    -0.005293317139    0.000293636258    131698.750000000000    130916.820312500000    -83107.804687500000    131698.781250000000    -101154.859375000000    -0.420357614756    0.167340472341    0.000066165579    -0.000430352899    0.124726675451    0.038177896291    0.000000000000    0.000000000000    0.000000000000    0.000000000000    0.000000000000    0.000000000000
-0.000000041211    1.299739718437    -0.005440069363    0.000389939436    131810.843750000000    130803.968750000000    -110277.304687500000    131810.875000000000    -70346.226562500000    -0.418391376734    0.159616068006    0.000071087212    -0.000429994718    0.123471871018    0.037756990641    0.000000000000    0.000000000000    0.000000000000    0.000000000000    0.000000000000    0.000000000000
-0.000000042325    1.299872636795    -0.005586923566    0.000447773549    131879.921875000000    130734.304687500000    -126592.226562500000    131879.953125000000    -32647.562500000000    -0.414671391249    0.150144681334    0.000076934331    -0.000428525062    0.121875174344    0.037202041596    0.000000000000    0.000000000000    0.000000000000    0.000000000000    0.000000000000    0.000000000000
-0.000000043438    1.300016880035    -0.005733825732    0.000461474643    131896.625000000000    130717.453125000000    -130456.968750000000    131896.656250000000    8247.934570312500    -0.410549521446    0.139650076628    0.000083413128    -0.000426896615    0.120105981827    0.036587145180    0.000000000000    0.000000000000    0.000000000000    0.000000000000    0.000000000000    0.000000000000
-0.000000044552    1.300158262253    -0.005880715325    0.000429701060    131856.484375000000    130757.953125000000    -121495.828125000000    131856.515625000000    48336.359375000000    -0.406427651644    0.129155471921    0.000089891924    -0.000425268168    0.118336789310    0.035972245038    0.000000000000    0.000000000000    0.000000000000    0.000000000000    0.000000000000    0.000000000000
-0.000000045666    1.300282955170    -0.006027529016    0.000355561962    131760.640625000000    130854.531250000000    -100588.265625000000    131760.671875000000    83695.320312500000    -0.402707666159    0.119684092700    0.000095739037    -0.000423798512    0.116740092635    0.035417299718    0.000000000000    0.000000000000    0.000000000000    0.000000000000    0.000000000000    0.000000000000
-0.000000046780    1.300378561020    -0.006174208131    0.000246310403    131616.015625000000    130999.976562500000    -69781.429687500000    131616.046875000000    110867.250000000000    -0.399760544300    0.112180449069    0.000100371377    -0.000422634184    0.115475125611    0.034977648407    0.000000000000    0.000000000000    0.000000000000    0.000000000000    0.000000000000    0.000000000000
-0.000000047894    1.300435662270    -0.006320704240    0.000112632108    131434.890625000000    131181.718750000000    -32088.949218750000    131434.906250000000    127196.476562500000    -0.397874772549    0.107379168272    0.000103335420    -0.000421889155    0.114665716887    0.034696333110    0.000000000000    0.000000000000    0.000000000000    0.000000000000    0.000000000000    0.000000000000
-0.000000049007    1.300448656082    -0.006466986146    -0.000032400265    131233.828125000000    131382.859375000000    8803.845703125000    131233.843750000000    131087.578125000000    -0.397239327431    0.105761244893    0.000104334234    -0.000421638106    0.114392966032    0.034601535648    0.000000000000    0.000000000000    0.000000000000    0.000000000000    0.000000000000    0.000000000000
-0.000000050121    1.300416350365    -0.006613041740    -0.000174604807    131032.226562500000    131583.953125000000    48899.566406250000    131032.226562500000    122160.437500000000    -0.397912561893    0.107475370169    0.000103276034    -0.000421904086    0.114681936800    0.034701969475    0.000000000000    0.000000000000    0.000000000000    0.000000000000    0.000000000000    0.000000000000
-0.000000051235    1.300341725349    -0.006758881733    -0.000300075859    130850.398437500000    131764.765625000000    84278.539062500000    130850.390625000000    101287.156250000000    -0.399832665920    0.112364105880    0.000100257996    -0.000422662677    0.115506082773    0.034988407046    0.000000000000    0.000000000000    0.000000000000    0.000000000000    0.000000000000    0.000000000000
-0.000000052349    1.300231814384    -0.006904539652    -0.000396542659    130707.570312500000    131906.453125000000    111481.078125000000    130707.562500000000    70507.359375000000    -0.402817577124    0.119963943958    0.000095566269    -0.000423841935    0.116787277162    0.035433698446    0.000000000000    0.000000000000    0.000000000000    0.000000000000    0.000000000000    0.000000000000
-0.000000053463    1.300097465515    -0.007050068118    -0.000454569177    130619.867187500000    131993.296875000000    127845.367187500000    130619.859375000000    32829.886718750000    -0.406575351954    0.129531532526    0.000089659763    -0.000425326522    0.118400186300    0.035994280130    0.000000000000    0.000000000000    0.000000000000    0.000000000000    0.000000000000    0.000000000000
-0.000000054576    1.299951434135    -0.007195535116    -0.000468478043    130598.507812500000    132014.453125000000    131768.187500000000    130598.492187500000    -8060.141601562500    -0.410748749971    0.140157312155    0.000083099985    -0.000426975312    0.120191492140    0.036616865546    0.000000000000    0.000000000000    0.000000000000    0.000000000000    0.000000000000    0.000000000000
-0.000000055690    1.299808382988    -0.007341017481    -0.000436908304    130648.414062500000    131965.046875000000    122862.960937500000    130648.406250000000    -48160.914062500000    -0.414922118187    0.150783106685    0.000076540200    -0.000428624131    0.121982797980    0.037239450961    0.000000000000    0.000000000000    0.000000000000    0.000000000000    0.000000000000    0.000000000000
-0.000000056804    1.299682140350    -0.007486594841    -0.000362951250    130767.523437500000    131847.015625000000    101999.125000000000    130767.515625000000    -83545.328125000000    -0.418686777353    0.160368174314    0.000070622897    -0.000430111424    0.123598657548    0.037801057100    0.000000000000    0.000000000000    0.000000000000    0.000000000000    0.000000000000    0.000000000000
-0.000000057918    1.299584865570    -0.007632338908    -0.000253850536    130946.640625000000    131669.125000000000    71218.421875000000    130946.640625000000    -110746.109375000000    -0.420543462038    0.168250501156    0.000065579181    -0.000430359039    0.124872475863    0.038226123899    0.000000000000    0.000000000000    0.000000000000    0.000000000000    0.000000000000    0.000000000000
-0.000000059032    1.299526095390    -0.007778309286    -0.000120294171    131170.109375000000    131446.500000000000    33535.867187500000    131170.125000000000    -127096.546875000000    -0.421587884426    0.173364877701    0.000062283645    -0.000430393527    0.125691875815    0.038497168571    0.000000000000    0.000000000000    0.000000000000    0.000000000000    0.000000000000    0.000000000000
-0.000000060145    1.299511432648    -0.007924542762    0.000024631647    131417.203125000000    131199.515625000000    -7355.645507812500    131417.218750000000    -130993.156250000000    -0.421957701445    0.175175845623    0.000061116712    -0.000430405722    0.125982016325    0.038593143225    0.000000000000    0.000000000000    0.000000000000    0.000000000000    0.000000000000    0.000000000000
-0.000000061259    1.299542188644    -0.008071053773    0.000166725717    131663.921875000000    130951.921875000000    -47447.863281250000    131663.937500000000    -122053.703125000000    -0.421617627144    0.173510491848    0.000062189822    -0.000430394517    0.125715196133    0.038504883647    0.000000000000    0.000000000000    0.000000000000    0.000000000000    0.000000000000    0.000000000000
-0.000000062373    1.299615383148    -0.008217827417    0.000292064564    131885.453125000000    130728.789062500000    -82811.109375000000    131885.484375000000    -101155.007812500000    -0.420602917671    0.168541714549    0.000065391534    -0.000430360989    0.124919131398    0.038241557777    0.000000000000    0.000000000000    0.000000000000    0.000000000000    0.000000000000    0.000000000000
-0.000000063487    1.299723625183    -0.008364823647    0.000388367946    132058.687500000000    130553.789062500000    -109980.335937500000    132058.718750000000    -70346.398437500000    -0.418851643801    0.160787954926    0.000070363749    -0.000430176558    0.123669430614    0.037825651467    0.000000000000    0.000000000000    0.000000000000    0.000000000000    0.000000000000    0.000000000000
-0.000000064601    1.299856305122    -0.008511976339    0.000446202204    132164.515625000000    130446.687500000000    -126295.125000000000    132164.546875000000    -32647.728515625000    -0.415141969919    0.151342824101    0.000076194665    -0.000428710977    0.122077159584    0.037272244692    0.000000000000    0.000000000000    0.000000000000    0.000000000000    0.000000000000    0.000000000000
-0.000000065714    1.300000548363    -0.008659203537    0.000459903473    132189.921875000000    130420.937500000000    -130159.867187500000    132189.953125000000    8247.783203125000    -0.411020100117    0.140848219395    0.000082673461    -0.000427082530    0.120307967067    0.036657344550    0.000000000000    0.000000000000    0.000000000000    0.000000000000    0.000000000000    0.000000000000
-0.000000066828    1.300141811371    -0.008806411177    0.000428130035    132129.593750000000    130482.039062500000    -121198.882812500000    132129.625000000000    48336.222656250000    -0.406898230314    0.130353599787    0.000089152258    -0.000425454084    0.118538774550    0.036042448133    0.000000000000    0.000000000000    0.000000000000    0.000000000000    0.000000000000    0.000000000000
-0.000000067942    1.300266146660    -0.008953505196    0.000353991083    131986.703125000000    130626.578125000000    -100291.632812500000    131986.734375000000    83695.210937500000    -0.403188556433    0.120908461511    0.000094983174    -0.000423988502    0.116946503520    0.035489037633    0.000000000000    0.000000000000    0.000000000000    0.000000000000    0.000000000000    0.000000000000
-0.000000069056    1.300361514091    -0.009100398980    0.000244739640    131772.781250000000    130842.390625000000    -69485.226562500000    131772.812500000000    110867.187500000000    -0.400248289108    0.113422311842    0.000099604717    -0.000422826881    0.115684479475    0.035050410777    0.000000000000    0.000000000000    0.000000000000    0.000000000000    0.000000000000    0.000000000000
-0.000000070170    1.300418376923    -0.009247024544    0.000111061396    131506.859375000000    131109.687500000000    -31793.257812500000    131506.875000000000    127196.453125000000    -0.398372828960    0.108647264540    0.000102552571    -0.000422085926    0.114879496396    0.034770630300    0.000000000000    0.000000000000    0.000000000000    0.000000000000    0.000000000000    0.000000000000
-0.000000071283    1.300431132317    -0.009393335320    -0.000033970977    131213.765625000000    131402.984375000000    9098.972656250000    131213.781250000000    131087.593750000000    -0.397744238377    0.107046842575    0.000103540588    -0.000421837583    0.114609695971    0.034676861018    0.000000000000    0.000000000000    0.000000000000    0.000000000000    0.000000000000    0.000000000000
-0.000000072397    1.300398349762    -0.009539317340    -0.000176175556    130921.937500000000    131693.765625000000    49194.144531250000    130921.937500000000    122160.492187500000    -0.398427784443    0.108787193894    0.000102466191    -0.000422107638    0.114903084934    0.034778829664    0.000000000000    0.000000000000    0.000000000000    0.000000000000    0.000000000000    0.000000000000
-0.000000073511    1.300323247910    -0.009684988298    -0.000301646680    130660.492187500000    131953.140625000000    84572.648437500000    130660.484375000000    101287.257812500000    -0.400361627340    0.113710910082    0.000099426550    -0.000422871643    0.115733131766    0.035067319870    0.000000000000    0.000000000000    0.000000000000    0.000000000000    0.000000000000    0.000000000000
-0.000000074625    1.300212860107    -0.009830398485    -0.000398113625    130456.453125000000    132154.890625000000    111774.843750000000    130456.445312500000    70507.492187500000    -0.403360307217    0.121345736086    0.000094713228    -0.000424056343    0.117020219564    0.035514660180    0.000000000000    0.000000000000    0.000000000000    0.000000000000    0.000000000000    0.000000000000
-0.000000075739    1.300078153610    -0.009975623339    -0.000456140289    130331.929687500000    132277.687500000000    128138.929687500000    130331.921875000000    32830.039062500000    -0.407131791115    0.130948305130    0.000088785127    -0.000425546372    0.118639029562    0.036077290773    0.000000000000    0.000000000000    0.000000000000    0.000000000000    0.000000000000    0.000000000000
-0.000000076852    1.299932122231    -0.010120760649    -0.000470049330    130301.734375000000    132307.421875000000    132061.734375000000    130301.718750000000    -8059.985351562500    -0.411305189133    0.141574084759    0.000082225342    -0.000427195162    0.120430335402    0.036699876189    0.000000000000    0.000000000000    0.000000000000    0.000000000000    0.000000000000    0.000000000000
-0.000000077966    1.299788832664    -0.010265921243    -0.000438479765    130371.671875000000    132238.500000000000    123156.695312500000    130371.664062500000    -48160.753906250000    -0.415482014418    0.152208626270    0.000075660166    -0.000428845320    0.122223116457    0.037322971970    0.000000000000    0.000000000000    0.000000000000    0.000000000000    0.000000000000    0.000000000000
-0.000000079080    1.299662232399    -0.010411213152    -0.000364522915    130537.734375000000    132074.578125000000    102293.226562500000    130537.726562500000    -83545.187500000000    -0.419231414795    0.161825686693    0.000069719135    -0.000430315704    0.123843133450    0.037885628641    0.000000000000    0.000000000000    0.000000000000    0.000000000000    0.000000000000    0.000000000000
-0.000000080194    1.299564599991    -0.010556738824    -0.000255422317    130786.109375000000    131828.625000000000    71513.054687500000    130786.109375000000    -110746.000000000000    -0.420857518911    0.169788450003    0.000064588174    -0.000430369400    0.125118881464    0.038307629526    0.000000000000    0.000000000000    0.000000000000    0.000000000000    0.000000000000    0.000000000000
-0.000000081308    1.299505352974    -0.010702575557    -0.000121866076    131094.359375000000    131522.093750000000    33831.132812500000    131094.375000000000    -127096.492187500000    -0.421909391880    0.174939244986    0.000061269180    -0.000430404150    0.125944107771    0.038580603898    0.000000000000    0.000000000000    0.000000000000    0.000000000000    0.000000000000    0.000000000000
-0.000000082421    1.299490213394    -0.010848776437    0.000023059703    131433.453125000000    131183.218750000000    -7059.708984375000    131433.468750000000    -130993.132812500000    -0.422286629677    0.176786601543    0.000060078793    -0.000430416607    0.126240074635    0.038678508252    0.000000000000    0.000000000000    0.000000000000    0.000000000000    0.000000000000    0.000000000000
-0.000000083535    1.299520611763    -0.010995356366    0.000165153775    131770.375000000000    130844.789062500000    -47151.273437500000    131770.390625000000    -122053.742187500000    -0.421953976154    0.175157651305    0.000061128441    -0.000430405606    0.125979095697    0.038592178375    0.000000000000    0.000000000000    0.000000000000    0.000000000000    0.000000000000    0.000000000000
-0.000000084649    1.299593448639    -0.011142295785    0.000290492695    132071.500000000000    130540.828125000000    -82513.953125000000    132071.531250000000    -101155.101562500000    -0.420943021774    0.170207083225    0.000064318432    -0.000430372223    0.125185951591    0.038329813629    0.000000000000    0.000000000000    0.000000000000    0.000000000000    0.000000000000    0.000000000000
-0.000000085763    1.299701452255    -0.011289535090    0.000386796222    132305.875000000000    130303.289062500000    -109682.765625000000    132305.906250000000    -70346.539062500000    -0.419357806444    0.162444502115    0.000069320384    -0.000430319895    0.123942278326    0.037918426096    0.000000000000    0.000000000000    0.000000000000    0.000000000000    0.000000000000    0.000000000000
-0.000000086877    1.299833774567    -0.011436986737    0.000444630627    132448.390625000000    130158.429687500000    -125997.335937500000    132448.421875000000    -32647.906250000000    -0.415787726641    0.152986973524    0.000075179654    -0.000428966101    0.122354328632    0.037368576974    0.000000000000    0.000000000000    0.000000000000    0.000000000000    0.000000000000    0.000000000000
-0.000000087990    1.299977421761    -0.011584538035    0.000458332099    132482.484375000000    130123.726562500000    -129862.070312500000    132482.515625000000    8247.602539062500    -0.411683022976    0.142536088824    0.000081631457    -0.000427344436    0.120592512190    0.036756243557    0.000000000000    0.000000000000    0.000000000000    0.000000000000    0.000000000000    0.000000000000
-0.000000089104    1.300118207932    -0.011732062325    0.000426558894    132402.015625000000    130205.593750000000    -120901.281250000000    132402.046875000000    48336.058593750000    -0.407578349113    0.132085219026    0.000088083259    -0.000425722770    0.118830688298    0.036143906415    0.000000000000    0.000000000000    0.000000000000    0.000000000000    0.000000000000    0.000000000000
-0.000000090218    1.300242304802    -0.011879435740    0.000352420087    132212.078125000000    130398.453125000000    -99994.437500000000    132212.109375000000    83695.085937500000    -0.403875529766    0.122657567263    0.000093903378    -0.000424259895    0.117241367698    0.035591520369    0.000000000000    0.000000000000    0.000000000000    0.000000000000    0.000000000000    0.000000000000
-0.000000091332    1.300337314606    -0.012026543729    0.000243168790    131928.812500000000    130685.031250000000    -69188.617187500000    131928.843750000000    110867.093750000000    -0.400945574045    0.115197643638    0.000098508724    -0.000423102349    0.115983769298    0.035154432058    0.000000000000    0.000000000000    0.000000000000    0.000000000000    0.000000000000    0.000000000000
-0.000000092446    1.300393819809    -0.012173295952    0.000109490618    131578.062500000000    131038.179687500000    -31497.353515625000    131578.078125000000    127196.398437500000    -0.399076998234    0.110440090299    0.000101445781    -0.000422364130    0.115181729198    0.034875676036    0.000000000000    0.000000000000    0.000000000000    0.000000000000    0.000000000000    0.000000000000
-0.000000093560    1.300406217575    -0.012319635600    -0.000035541721    131192.953125000000    131423.734375000000    9394.118164062500    131192.968750000000    131087.578125000000    -0.398458719254    0.108865901828    0.000102417594    -0.000422119861    0.114916354418    0.034783441573    0.000000000000    0.000000000000    0.000000000000    0.000000000000    0.000000000000    0.000000000000
-0.000000094673    1.300373077393    -0.012465543114    -0.000177746319    130810.890625000000    131804.031250000000    49488.546875000000    130810.890625000000    122160.507812500000    -0.399156004190    0.110641241074    0.000101321595    -0.000422395329    0.115215644240    0.034887462854    0.000000000000    0.000000000000    0.000000000000    0.000000000000    0.000000000000    0.000000000000
-0.000000095787    1.300297498703    -0.012611045502    -0.000303217501    130469.835937500000    132141.640625000000    84866.398437500000    130469.828125000000    101287.289062500000    -0.401100128889    0.115591198206    0.000098265766    -0.000423163408    0.116050109267    0.035177491605    0.000000000000    0.000000000000    0.000000000000    0.000000000000    0.000000000000    0.000000000000
-0.000000096901    1.300186991692    -0.012756207027    -0.000399684475    130204.570312500000    132403.015625000000    112068.085937500000    130204.562500000000    70507.523437500000    -0.404105663300    0.123243510723    0.000093541646    -0.000424350816    0.117340147495    0.035625852644    0.000000000000    0.000000000000    0.000000000000    0.000000000000    0.000000000000    0.000000000000
-0.000000098015    1.300052046776    -0.012901128270    -0.000457711169    130043.210937500000    132561.500000000000    128431.875000000000    130043.203125000000    32830.058593750000    -0.407880604267    0.132854819298    0.000087608147    -0.000425842212    0.118960432708    0.036188997328    0.000000000000    0.000000000000    0.000000000000    0.000000000000    0.000000000000    0.000000000000
-0.000000099129    1.299905419350    -0.013045936823    -0.000471620238    130004.195312500000    132599.781250000000    132354.625000000000    130004.179687500000    -8059.977539062500    -0.412071168423    0.143524333835    0.000081021368    -0.000427497784    0.120759107172    0.036814145744    0.000000000000    0.000000000000    0.000000000000    0.000000000000    0.000000000000    0.000000000000
-0.000000100242    1.299761772156    -0.013190773316    -0.000440050644    130094.179687500000    132511.484375000000    123449.757812500000    130094.171875000000    -48160.769531250000    -0.416261732578    0.154193848372    0.000074434589    -0.000429153355    0.122557789087    0.037439290434    0.000000000000    0.000000000000    0.000000000000    0.000000000000    0.000000000000    0.000000000000
-0.000000101356    1.299634814262    -0.013335781172    -0.000366093736    130307.203125000000    132302.031250000000    102586.695312500000    130307.195312500000    -83545.218750000000    -0.419658839703    0.163918763399    0.000068370427    -0.000430329819    0.124178469181    0.037996556610    0.000000000000    0.000000000000    0.000000000000    0.000000000000    0.000000000000    0.000000000000
-0.000000102470    1.299536824226    -0.013481085189    -0.000256993022    130624.843750000000    131988.421875000000    71807.148437500000    130624.843750000000    -110746.039062500000    -0.421288669109    0.171899735928    0.000063227737    -0.000430383632    0.125457137823    0.038419522345    0.000000000000    0.000000000000    0.000000000000    0.000000000000    0.000000000000    0.000000000000
-0.000000103584    1.299477338791    -0.013626789674    -0.000123436723    131017.914062500000    131598.265625000000    34125.980468750000    131017.914062500000    -127096.515625000000    -0.422346115112    0.177077814937    0.000059891147    -0.000430418557    0.126286730170    0.038693942130    0.000000000000    0.000000000000    0.000000000000    0.000000000000    0.000000000000    0.000000000000
-0.000000104698    1.299462080002    -0.013772957027    0.000021489077    131449.000000000000    131167.671875000000    -6764.021484375000    131449.015625000000    -130993.164062500000    -0.422725230455    0.178934276104    0.000058694899    -0.000430431071    0.126584157348    0.038792327046    0.000000000000    0.000000000000    0.000000000000    0.000000000000    0.000000000000    0.000000000000
-0.000000105811    1.299492239952    -0.013919604942    0.000163583158    131876.156250000000    130738.218750000000    -46854.746093750000    131876.171875000000    -122053.734375000000    -0.422394424677    0.177314430475    0.000059738686    -0.000430420157    0.126324638724    0.038706481457    0.000000000000    0.000000000000    0.000000000000    0.000000000000    0.000000000000    0.000000000000
-0.000000106925    1.299564838409    -0.014066708274    0.000288922078    132256.859375000000    130353.070312500000    -82216.648437500000    132256.890625000000    -101155.054687500000    -0.421389043331    0.172391146421    0.000062911087    -0.000430386950    0.125535860658    0.038445562124    0.000000000000    0.000000000000    0.000000000000    0.000000000000    0.000000000000    0.000000000000
-0.000000108039    1.299672365189    -0.014214190654    0.000385225489    132552.375000000000    130052.562500000000    -109384.843750000000    132552.406250000000    -70346.445312500000    -0.419809401035    0.164655879140    0.000067895446    -0.000430334796    0.124296568334    0.038035620004    0.000000000000    0.000000000000    0.000000000000    0.000000000000    0.000000000000    0.000000000000
-0.000000109153    1.299804329872    -0.014361939393    0.000443059776    132731.609375000000    129869.640625000000    -125699.015625000000    132731.640625000000    -32647.773437500000    -0.416636139154    0.155147105455    0.000073846102    -0.000429301290    0.122718490660    0.037495143712    0.000000000000    0.000000000000    0.000000000000    0.000000000000    0.000000000000    0.000000000000
-0.000000110267    1.299947619438    -0.014509811997    0.000456761074    132774.390625000000    129825.882812500000    -129563.617187500000    132774.421875000000    8247.751953125000    -0.412538319826    0.144713729620    0.000080287107    -0.000427682331    0.120959617198    0.036883834749    0.000000000000    0.000000000000    0.000000000000    0.000000000000    0.000000000000    0.000000000000
-0.000000111380    1.300088167191    -0.014657653868    0.000424987666    132673.750000000000    129928.710937500000    -120602.976562500000    132673.781250000000    48336.214843750000    -0.408440500498    0.134280338883    0.000086728105    -0.000426063401    0.119200743735    0.036272522062    0.000000000000    0.000000000000    0.000000000000    0.000000000000    0.000000000000    0.000000000000
-0.000000112494    1.300211787224    -0.014805305749    0.000350848713    132436.750000000000    130170.250000000000    -99696.562500000000    132436.781250000000    83695.210937500000    -0.404751420021    0.124887667596    0.000092526636    -0.000424605940    0.117617316544    0.035722188652    0.000000000000    0.000000000000    0.000000000000    0.000000000000    0.000000000000    0.000000000000
-0.000000113608    1.300306439400    -0.014952627011    0.000241597285    132084.171875000000    130528.000000000000    -68891.414062500000    132084.203125000000    110867.179687500000    -0.401831775904    0.117453992367    0.000097115779    -0.000423452468    0.116364143789    0.035286635160    0.000000000000    0.000000000000    0.000000000000    0.000000000000    0.000000000000    0.000000000000
-0.000000114722    1.300362706184    -0.015099505894    0.000107919055    131648.609375000000    130967.304687500000    -31201.003906250000    131648.625000000000    127196.437500000000    -0.399973481894    0.112722665071    0.000100036639    -0.000422718294    0.115566529334    0.035009417683    0.000000000000    0.000000000000    0.000000000000    0.000000000000    0.000000000000    0.000000000000
-0.000000115836    1.300374865532    -0.015245872550    -0.000037113296    131171.468750000000    131445.156250000000    9689.509765625000    131171.484375000000    131087.546875000000    -0.399362087250    0.111165970564    0.000100997655    -0.000422476762    0.115304104984    0.034918207675    0.000000000000    0.000000000000    0.000000000000    0.000000000000    0.000000000000    0.000000000000
-0.000000116949    1.300341486931    -0.015391706489    -0.000179317823    130699.203125000000    131914.765625000000    49782.964843750000    130699.203125000000    122160.414062500000    -0.400062799454    0.112950056791    0.000099896264    -0.000422753597    0.115604862571    0.035022739321    0.000000000000    0.000000000000    0.000000000000    0.000000000000    0.000000000000    0.000000000000
-0.000000118063    1.300265669823    -0.015537038445    -0.000304788875    130278.539062500000    132330.218750000000    85159.921875000000    130278.531250000000    101287.132812500000    -0.402017265558    0.117926239967    0.000096824238    -0.000423525751    0.116443753242    0.035314306617    0.000000000000    0.000000000000    0.000000000000    0.000000000000    0.000000000000    0.000000000000
-0.000000119177    1.300154685974    -0.015681952238    -0.000401255675    129952.062500000000    132650.828125000000    112360.890625000000    129952.054687500000    70507.328125000000    -0.405033081770    0.125604793429    0.000092083916    -0.000424717204    0.117738217115    0.035764206201    0.000000000000    0.000000000000    0.000000000000    0.000000000000    0.000000000000    0.000000000000
-0.000000120291    1.300019383430    -0.015826569870    -0.000459282135    129753.882812500000    132844.703125000000    128724.218750000000    129753.875000000000    32829.835937500000    -0.408821761608    0.135251089931    0.000086128821    -0.000426214014    0.119364395738    0.036329399794    0.000000000000    0.000000000000    0.000000000000    0.000000000000    0.000000000000    0.000000000000
-0.000000121405    1.299872756004    -0.015971049666    -0.000473190943    129706.039062500000    132891.406250000000    132646.781250000000    129706.023437500000    -8060.205078125000    -0.413012325764    0.145920604467    0.000079542042    -0.000427869614    0.121163077652    0.036954548210    0.000000000000    0.000000000000    0.000000000000    0.000000000000    0.000000000000    0.000000000000
-0.000000122518    1.299728870392    -0.016115562990    -0.000441621116    129816.062500000000    132783.937500000000    123742.085937500000    129816.054687500000    -48160.968750000000    -0.417206317186    0.156598865986    0.000072949872    -0.000429526553    0.122963227332    0.037580206990    0.000000000000    0.000000000000    0.000000000000    0.000000000000    0.000000000000    0.000000000000
-0.000000123632    1.299601674080    -0.016260284930    -0.000367664004    130076.015625000000    132529.296875000000    102879.507812500000    130076.007812500000    -83545.367187500000    -0.420173645020    0.166439533234    0.000066746114    -0.000430346816    0.124582335353    0.038130149245    0.000000000000    0.000000000000    0.000000000000    0.000000000000    0.000000000000    0.000000000000
-0.000000124746    1.299503445625    -0.016405368224    -0.000258563174    130462.921875000000    132148.453125000000    72100.718750000000    130462.921875000000    -110746.125000000000    -0.421809047461    0.174447834492    0.000061585830    -0.000430400833    0.125865370035    0.038554560393    0.000000000000    0.000000000000    0.000000000000    0.000000000000    0.000000000000    0.000000000000
-0.000000125860    1.299443602562    -0.016550939530    -0.000125006816    130940.765625000000    131674.984375000000    34420.519531250000    130940.765625000000    -127096.546875000000    -0.422870188951    0.179644107819    0.000058237511    -0.000430435874    0.126697883010    0.038829945028    0.000000000000    0.000000000000    0.000000000000    0.000000000000    0.000000000000    0.000000000000
-0.000000126974    1.299427866936    -0.016697071493    0.000019918982    131463.843750000000    131152.718750000000    -6468.399414062500    131463.859375000000    -130993.117187500000    -0.423256725073    0.181536972523    0.000057017813    -0.000430448621    0.127001151443    0.038930259645    0.000000000000    0.000000000000    0.000000000000    0.000000000000    0.000000000000    0.000000000000
-0.000000128087    1.299457669258    -0.016843788326    0.000162012991    131981.218750000000    130632.078125000000    -46558.035156250000    131981.234375000000    -122053.632812500000    -0.422933369875    0.179953515530    0.000058038135    -0.000430437940    0.126747459173    0.038846343756    0.000000000000    0.000000000000    0.000000000000    0.000000000000    0.000000000000    0.000000000000
-0.000000129201    1.299529910088    -0.016991054639    0.000287351722    132441.484375000000    130165.414062500000    -81918.960937500000    132441.515625000000    -101154.914062500000    -0.421931684017    0.175048440695    0.000061198814    -0.000430404878    0.125961601734    0.038586392999    0.000000000000    0.000000000000    0.000000000000    0.000000000000    0.000000000000    0.000000000000
-0.000000130315    1.299637317657    -0.017138777301    0.000383654959    132798.125000000000    129801.531250000000    -109086.367187500000    132798.156250000000    -70346.281250000000    -0.420355767012    0.167331367731    0.000066171444    -0.000430352840    0.124725222588    0.038177412003    0.000000000000    0.000000000000    0.000000000000    0.000000000000    0.000000000000    0.000000000000
-0.000000131429    1.299768924713    -0.017286822200    0.000441489072    133014.062500000000    129580.250000000000    -125400.046875000000    133014.093750000000    -32647.597656250000    -0.417652875185    0.157735779881    0.000072247996    -0.000429702952    0.123154886067    0.037646818906    0.000000000000    0.000000000000    0.000000000000    0.000000000000    0.000000000000    0.000000000000
-0.000000132543    1.299911975861    -0.017435017973    0.000455190195    133065.578125000000    129527.367187500000    -129264.484375000000    133065.609375000000    8247.923828125000    -0.413565337658    0.147328630090    0.000078672805    -0.000428088097    0.121400438249    0.037037044764    0.000000000000    0.000000000000    0.000000000000    0.000000000000    0.000000000000    0.000000000000
-0.000000133656    1.300052046776    -0.017583176494    0.000423416612    132944.781250000000    129651.351562500000    -120304.054687500000    132944.812500000000    48336.359375000000    -0.409477829933    0.136921480298    0.000085097614    -0.000426473212    0.119645990431    0.036427270621    0.000000000000    0.000000000000    0.000000000000    0.000000000000    0.000000000000    0.000000000000
-0.000000134770    1.300175547600    -0.017731107771    0.000349277514    132660.750000000000    129941.945312500000    -99398.187500000000    132660.781250000000    83695.328125000000    -0.405795633793    0.127546295524    0.000090885340    -0.000425018487    0.118065513670    0.035877961665    0.000000000000    0.000000000000    0.000000000000    0.000000000000    0.000000000000    0.000000000000
-0.000000135884    1.300269961357    -0.017878644168    0.000240025940    132238.843750000000    130371.273437500000    -68593.882812500000    132238.875000000000    110867.257812500000    -0.402882844210    0.120130114257    0.000095463685    -0.000423867721    0.116815283895    0.035443432629    0.000000000000    0.000000000000    0.000000000000    0.000000000000    0.000000000000    0.000000000000
-0.000000136998    1.300325870514    -0.018025647849    0.000106347645    131718.453125000000    130897.031250000000    -30904.548828125000    131718.468750000000    127196.468750000000    -0.401031434536    0.115416288376    0.000098373748    -0.000423136284    0.116020627320    0.035167243332    0.000000000000    0.000000000000    0.000000000000    0.000000000000    0.000000000000    0.000000000000
-0.000000138112    1.300337553024    -0.018172042444    -0.000038684720    131149.296875000000    131467.250000000000    9984.777343750000    131149.312500000000    131087.562500000000    -0.400433778763    0.113894566894    0.000099313169    -0.000422900135    0.115764088929    0.035078082234    0.000000000000    0.000000000000    0.000000000000    0.000000000000    0.000000000000    0.000000000000
-0.000000139225    1.300303816795    -0.018317800015    -0.000180889241    130586.796875000000    132026.015625000000    50077.062500000000    130586.796875000000    122160.398437500000    -0.401148229837    0.115713633597    0.000098190183    -0.000423182413    0.116070754826    0.035184662789    0.000000000000    0.000000000000    0.000000000000    0.000000000000    0.000000000000    0.000000000000
-0.000000140339    1.300227642059    -0.018462959677    -0.000306360220    130086.523437500000    132518.968750000000    85452.960937500000    130086.515625000000    101287.085937500000    -0.403109550476    0.120707318187    0.000095107353    -0.000423957274    0.116912588477    0.035477254540    0.000000000000    0.000000000000    0.000000000000    0.000000000000    0.000000000000    0.000000000000
-0.000000141453    1.300116419792    -0.018607620150    -0.000402826903    129698.851562500000    132898.390625000000    112653.085937500000    129698.843750000000    70507.250000000000    -0.406135678291    0.128412097692    0.000090350833    -0.000425152830    0.118211470544    0.035928692669    0.000000000000    0.000000000000    0.000000000000    0.000000000000    0.000000000000    0.000000000000
-0.000000142567    1.299980640411    -0.018751934171    -0.000460853276    129463.851562500000    133127.328125000000    129015.890625000000    129463.843750000000    32829.757812500000    -0.409934669733    0.138084635139    0.000084379542    -0.000426653714    0.119842074811    0.036495421082    0.000000000000    0.000000000000    0.000000000000    0.000000000000    0.000000000000    0.000000000000
-0.000000143681    1.299833416939    -0.018896082416    -0.000474761997    129407.171875000000    133182.437500000000    132938.328125000000    129407.156250000000    -8060.287109375000    -0.414142400026    0.148797869682    0.000077765770    -0.000428316067    0.121648125350    0.037123132497    0.000000000000    0.000000000000    0.000000000000    0.000000000000    0.000000000000    0.000000000000
-0.000000144794    1.299689173698    -0.019040271640    -0.000443192082    129537.226562500000    133055.921875000000    124033.867187500000    129537.218750000000    -48161.054687500000    -0.418350160122    0.159511119127    0.000071152004    -0.000429978449    0.123454175889    0.037750840187    0.000000000000    0.000000000000    0.000000000000    0.000000000000    0.000000000000    0.000000000000
-0.000000145908    1.299561500549    -0.019184708595    -0.000369234884    129844.132812500000    132756.453125000000    103171.906250000000    129844.125000000000    -83545.445312500000    -0.420798063278    0.169497251511    0.000064775821    -0.000430367450    0.125072225928    0.038292195648    0.000000000000    0.000000000000    0.000000000000    0.000000000000    0.000000000000    0.000000000000
-0.000000147022    1.299462914467    -0.019329570234    -0.000260134024    130300.296875000000    132308.765625000000    72394.031250000000    130300.296875000000    -110746.187500000000    -0.422439038754    0.177532821894    0.000059597947    -0.000430421613    0.126359626651    0.038718055934    0.000000000000    0.000000000000    0.000000000000    0.000000000000    0.000000000000    0.000000000000
-0.000000148136    1.299402832985    -0.019475003704    -0.000126577608    130862.953125000000    131752.296875000000    34714.976562500000    130862.953125000000    -127096.578125000000    -0.423505753279    0.182756423950    0.000056232038    -0.000430456857    0.127196520567    0.038994885981    0.000000000000    0.000000000000    0.000000000000    0.000000000000    0.000000000000    0.000000000000
-0.000000149250    1.299386858940    -0.019621102139    0.000018348197    131478.046875000000    131138.453125000000    -6172.667968750000    131478.062500000000    -130993.109375000000    -0.423896014690    0.184667482972    0.000055000612    -0.000430469750    0.127502694726    0.039096169174    0.000000000000    0.000000000000    0.000000000000    0.000000000000    0.000000000000    0.000000000000
-0.000000150363    1.299416422844    -0.019767884165    0.000160442185    132085.609375000000    130526.476562500000    -46261.035156250000    132085.625000000000    -122053.585937500000    -0.423574507236    0.183093130589    0.000056015077    -0.000430459128    0.127250462770    0.039012730122    0.000000000000    0.000000000000    0.000000000000    0.000000000000    0.000000000000    0.000000000000
-0.000000151477    1.299488186836    -0.019915310666    0.000285780872    132625.453125000000    129977.914062500000    -81620.812500000000    132625.484375000000    -101154.828125000000    -0.422580271959    0.178224459291    0.000059152288    -0.000430426298    0.126470431685    0.038754709065    0.000000000000    0.000000000000    0.000000000000    0.000000000000    0.000000000000    0.000000000000
-0.000000152591    1.299595117569    -0.020063275471    0.000382084021    133043.218750000000    129550.250000000000    -108787.328125000000    133043.250000000000    -70346.156250000000    -0.421011775732    0.170543789864    0.000064101470    -0.000430374494    0.125239893794    0.038347661495    0.000000000000    0.000000000000    0.000000000000    0.000000000000    0.000000000000    0.000000000000
-0.000000153705    1.299726486206    -0.020211616531    0.000439917989    133295.859375000000    129290.281250000000    -125100.429687500000    133295.890625000000    -32647.455078125000    -0.418875694275    0.160849183798    0.000070325957    -0.000430186075    0.123679749668    0.037829238921    0.000000000000    0.000000000000    0.000000000000    0.000000000000    0.000000000000    0.000000000000
-0.000000154819    1.299869060516    -0.020360134542    0.000453618937    133356.062500000000    129228.210937500000    -128964.703125000000    133356.093750000000    8248.072265625000    -0.414798468351    0.150468260050    0.000076734563    -0.000428575266    0.121929727495    0.037221003324    0.000000000000    0.000000000000    0.000000000000    0.000000000000    0.000000000000    0.000000000000
-0.000000155933    1.300008893013    -0.020508605987    0.000421845180    133215.093750000000    129373.523437500000    -120004.531250000000    133215.125000000000    48336.511718750000    -0.410721272230    0.140087351203    0.000083143175    -0.000426964456    0.120179697871    0.036612764001    0.000000000000    0.000000000000    0.000000000000    0.000000000000    0.000000000000    0.000000000000
-0.000000157046    1.300131917000    -0.020656814799    0.000347705878    132884.031250000000    129713.554687500000    -99099.312500000000    132884.062500000000    83695.468750000000    -0.407049357891    0.130738407373    0.000088914705    -0.000425513805    0.118603646755    0.036064993590    0.000000000000    0.000000000000    0.000000000000    0.000000000000    0.000000000000    0.000000000000
-0.000000158160    1.300225973129    -0.020804561675    0.000238454202    132392.796875000000    130214.875000000000    -68295.992187500000    132392.828125000000    110867.359375000000    -0.404146879911    0.123348459601    0.000093476854    -0.000424367114    0.117357835174    0.035632003099    0.000000000000    0.000000000000    0.000000000000    0.000000000000    0.000000000000    0.000000000000
-0.000000159274    1.300281643867    -0.020951693878    0.000104775820    131787.609375000000    130827.351562500000    -30607.882812500000    131787.625000000000    127196.523437500000    -0.402305781841    0.118660867214    0.000096370721    -0.000423639722    0.116567596793    0.035357348621    0.000000000000    0.000000000000    0.000000000000    0.000000000000    0.000000000000    0.000000000000
-0.000000160388    1.300293087959    -0.021098114550    -0.000040256564    131126.453125000000    131490.000000000000    10280.077148437500    131126.468750000000    131087.546875000000    -0.401711553335    0.117147892714    0.000097304743    -0.000423404970    0.116312541068    0.035268701613    0.000000000000    0.000000000000    0.000000000000    0.000000000000    0.000000000000    0.000000000000
-0.000000161502    1.300259113312    -0.021243795753    -0.000182461052    130473.742187500000    132137.718750000000    50370.984375000000    130473.742187500000    122160.320312500000    -0.402432888746    0.118984445930    0.000096170959    -0.000423689955    0.116622149944    0.035376306623    0.000000000000    0.000000000000    0.000000000000    0.000000000000    0.000000000000    0.000000000000
-0.000000162615    1.300182700157    -0.021388785914    -0.000307931914    129893.859375000000    132707.781250000000    85745.640625000000    129893.851562500000    101286.960937500000    -0.404404491186    0.124004371464    0.000093071932    -0.000424468890    0.117468416691    0.035670433193    0.000000000000    0.000000000000    0.000000000000    0.000000000000    0.000000000000    0.000000000000
-0.000000163729    1.300071120262    -0.021533194929    -0.000404398452    129444.984375000000    133145.656250000000    112944.789062500000    129444.976562500000    70507.085937500000    -0.407437503338    0.131726652384    0.000088304616    -0.000425667153    0.118770241737    0.036122895777    0.000000000000    0.000000000000    0.000000000000    0.000000000000    0.000000000000    0.000000000000
-0.000000164843    1.299935102463    -0.021677205339    -0.000462424621    129173.164062500000    133409.390625000000    129306.968750000000    129173.156250000000    32829.554687500000    -0.411243379116    0.141416668892    0.000082322527    -0.000427170744    0.120403796434    0.036690652370    0.000000000000    0.000000000000    0.000000000000    0.000000000000    0.000000000000    0.000000000000
-0.000000165957    1.299787878990    -0.021821020171    -0.000476333109    129107.671875000000    133472.781250000000    133229.203125000000    129107.656250000000    -8060.501953125000    -0.415454536676    0.152138665318    0.000075703356    -0.000428834464    0.122211322188    0.037318874151    0.000000000000    0.000000000000    0.000000000000    0.000000000000    0.000000000000    0.000000000000
-0.000000167071    1.299643278122    -0.021964883432    -0.000444762991    129257.773437500000    133327.437500000000    124324.992187500000    129257.765625000000    -48161.253906250000    -0.419454425573    0.162917718291    0.000069015463    -0.000430323067    0.124018095434    0.037943504751    0.000000000000    0.000000000000    0.000000000000    0.000000000000    0.000000000000    0.000000000000
-0.000000168184    1.299515485764    -0.022109033540    -0.000370805588    129611.625000000000    132983.453125000000    103463.710937500000    129611.617187500000    -83545.609375000000    -0.421515405178    0.173009961843    0.000062512336    -0.000430391141    0.125635012984    0.038478359580    0.000000000000    0.000000000000    0.000000000000    0.000000000000    0.000000000000    0.000000000000
-0.000000169298    1.299416542053    -0.022253675386    -0.000261704583    130137.039062500000    132469.328125000000    72686.906250000000    130137.039062500000    -110746.296875000000    -0.423161953688    0.181072860956    0.000057316869    -0.000430445507    0.126926794648    0.038905665278    0.000000000000    0.000000000000    0.000000000000    0.000000000000    0.000000000000    0.000000000000
-0.000000170412    1.299356102943    -0.022398976609    -0.000128148095    130784.476562500000    131830.187500000000    35009.207031250000    130784.476562500000    -127096.640625000000    -0.424232393503    0.186314642429    0.000053939235    -0.000430480839    0.127766594291    0.039183460176    0.000000000000    0.000000000000    0.000000000000    0.000000000000    0.000000000000    0.000000000000
-0.000000171526    1.299339652061    -0.022545035928    0.000016777760    131491.593750000000    131124.890625000000    -5876.955078125000    131491.609375000000    -130993.132812500000    -0.424630105495    0.188262104988    0.000052684347    -0.000430493965    0.128078609705    0.039286669344    0.000000000000    0.000000000000    0.000000000000    0.000000000000    0.000000000000    0.000000000000
-0.000000172640    1.299368858337    -0.022691885009    0.000158871742    132189.375000000000    130421.421875000000    -45963.847656250000    132189.390625000000    -122053.562500000000    -0.424316018820    0.186724156141    0.000053675358    -0.000430483604    0.127832204103    0.039205163717    0.000000000000    0.000000000000    0.000000000000    0.000000000000    0.000000000000    0.000000000000
-0.000000173753    1.299440264702    -0.022839473560    0.000284210371    132808.781250000000    129790.609375000000    -81322.304687500000    132808.812500000000    -101154.757812500000    -0.423327356577    0.181882783771    0.000056794979    -0.000430450949    0.127056553960    0.038948588073    0.000000000000    0.000000000000    0.000000000000    0.000000000000    0.000000000000    0.000000000000
-0.000000174867    1.299546837807    -0.022987678647    0.000380513404    133287.671875000000    129298.757812500000    -108487.781250000000    133287.703125000000    -70346.054687500000    -0.421762585640    0.174220323563    0.000061732433    -0.000430399290    0.125828921795    0.038542501628    0.000000000000    0.000000000000    0.000000000000    0.000000000000    0.000000000000    0.000000000000
-0.000000175981    1.299677848816    -0.023136315867    0.000438347226    133577.046875000000    128999.804687500000    -124800.234375000000    133577.078125000000    -32647.324218750000    -0.419781506062    0.164519369602    0.000067983405    -0.000430333865    0.124274700880    0.038028385490    0.000000000000    0.000000000000    0.000000000000    0.000000000000    0.000000000000    0.000000000000
-0.000000177095    1.299820303917    -0.023285154253    0.000452048029    133645.937500000000    128928.437500000000    -128664.312500000000    133645.968750000000    8248.215820312500    -0.416203349829    0.154045179486    0.000074526375    -0.000429130305    0.122532725334    0.037430580705    0.000000000000    0.000000000000    0.000000000000    0.000000000000    0.000000000000    0.000000000000
-0.000000178209    1.299959778786    -0.023433940485    0.000420274126    133484.796875000000    129095.250000000000    -119704.421875000000    133484.828125000000    48336.640625000000    -0.412133008242    0.143681749701    0.000080924190    -0.000427522202    0.120785646141    0.036823369563    0.000000000000    0.000000000000    0.000000000000    0.000000000000    0.000000000000    0.000000000000
-0.000000179322    1.300082445145    -0.023582424968    0.000346134708    133106.671875000000    129485.070312500000    -98799.968750000000    133106.703125000000    83695.570312500000    -0.408471405506    0.134359046817    0.000086679516    -0.000426075596    0.119214013219    0.036277133971    0.000000000000    0.000000000000    0.000000000000    0.000000000000    0.000000000000    0.000000000000
-0.000000180436    1.300176143646    -0.023730384186    0.000236882930    132546.140625000000    130058.789062500000    -67997.804687500000    132546.171875000000    110867.429687500000    -0.405579239130    0.126995325089    0.000091225476    -0.000424932980    0.117972634733    0.035845678300    0.000000000000    0.000000000000    0.000000000000    0.000000000000    0.000000000000    0.000000000000
-0.000000181550    1.300231337547    -0.023877639323    0.000103204482    131856.156250000000    130758.281250000000    -30311.140625000000    131856.171875000000    127196.554687500000    -0.403751879930    0.122342720628    0.000094097741    -0.000424211030    0.117188289762    0.035573072731    0.000000000000    0.000000000000    0.000000000000    0.000000000000    0.000000000000    0.000000000000
-0.000000182664    1.300242424011    -0.024024084210    -0.000041827916    131103.000000000000    131513.390625000000    10575.231445312500    131103.015625000000    131087.531250000000    -0.403171360493    0.120864734054    0.000095010168    -0.000423981692    0.116939127445    0.035486474633    0.000000000000    0.000000000000    0.000000000000    0.000000000000    0.000000000000    0.000000000000
-0.000000183778    1.300208091736    -0.024169689044    -0.000184032353    130360.070312500000    132249.859375000000    50664.554687500000    130360.070312500000    122160.273437500000    -0.403903007507    0.122727528214    0.000093860188    -0.000424270751    0.117253161967    0.035595621914    0.000000000000    0.000000000000    0.000000000000    0.000000000000    0.000000000000    0.000000000000
-0.000000184891    1.300131320953    -0.024314507842    -0.000309503201    129700.593750000000    132896.687500000000    86037.796875000000    129700.585937500000    101286.882812500000    -0.405881494284    0.127764940262    0.000090750364    -0.000425052393    0.118102371693    0.035890772939    0.000000000000    0.000000000000    0.000000000000    0.000000000000    0.000000000000    0.000000000000
-0.000000186005    1.300019502640    -0.024458667263    -0.000405969680    129190.500000000000    133392.593750000000    113235.843750000000    129190.492187500000    70506.992187500000    -0.408924818039    0.135513454676    0.000085966851    -0.000426254730    0.119408622384    0.036344774067    0.000000000000    0.000000000000    0.000000000000    0.000000000000    0.000000000000    0.000000000000
-0.000000187119    1.299883127213    -0.024602370337    -0.000463995733    128881.867187500000    133690.828125000000    129597.335937500000    128881.851562500000    32829.453125000000    -0.412740975618    0.145229712129    0.000079968566    -0.000427762396    0.121046602726    0.036914065480    0.000000000000    0.000000000000    0.000000000000    0.000000000000    0.000000000000    0.000000000000
-0.000000188233    1.299735307693    -0.024745853618    -0.000477904134    128807.539062500000    133762.421875000000    133519.359375000000    128807.523437500000    -8060.601562500000    -0.416965901852    0.155986681581    0.000073327799    -0.000429431559    0.122860021889    0.037544336170    0.000000000000    0.000000000000    0.000000000000    0.000000000000    0.000000000000    0.000000000000
-0.000000189347    1.299590349197    -0.024889392778    -0.000446333870    128977.679687500000    133598.375000000000    124615.476562500000    128977.671875000000    -48161.339843750000    -0.420277714729    0.166949152946    0.000066417728    -0.000430350250    0.124663986266    0.038157157600    0.000000000000    0.000000000000    0.000000000000    0.000000000000    0.000000000000    0.000000000000
-0.000000190460    1.299462080002    -0.025033254176    -0.000372376380    129378.468750000000    133210.281250000000    103755.023437500000    129378.460937500000    -83545.687500000000    -0.422346115112    0.177077814937    0.000059891147    -0.000430418557    0.126286730170    0.038693942130    0.000000000000    0.000000000000    0.000000000000    0.000000000000    0.000000000000    0.000000000000
-0.000000191574    1.299362897873    -0.025177672505    -0.000263275258    129973.140625000000    132630.125000000000    72979.453125000000    129973.140625000000    -110746.351562500000    -0.423996388912    0.185158908367    0.000054683955    -0.000430473039    0.127581432462    0.039122208953    0.000000000000    0.000000000000    0.000000000000    0.000000000000    0.000000000000    0.000000000000
-0.000000192688    1.299302220345    -0.025322834030    -0.000129718726    130705.359375000000    131908.593750000000    35303.281250000000    130705.359375000000    -127096.656250000000    -0.425072401762    0.190427988768    0.000051288727    -0.000430508575    0.128425598145    0.039401456714    0.000000000000    0.000000000000    0.000000000000    0.000000000000    0.000000000000    0.000000000000
-0.000000193802    1.299285650253    -0.025468856096    0.000015207128    131504.484375000000    131111.953125000000    -5581.187500000000    131504.500000000000    -130993.109375000000    -0.425471961498    0.192384555936    0.000050027978    -0.000430521788    0.128739073873    0.039505146444    0.000000000000    0.000000000000    0.000000000000    0.000000000000    0.000000000000    0.000000000000
-0.000000194916    1.299314379692    -0.025615770370    0.000157301052    132292.484375000000    130316.828125000000    -45666.390625000000    132292.500000000000    -122053.500000000000    -0.425163447857    0.190873891115    0.000051001392    -0.000430511602    0.128497049212    0.039425086230    0.000000000000    0.000000000000    0.000000000000    0.000000000000    0.000000000000    0.000000000000
-0.000000196029    1.299385428429    -0.025763517246    0.000282639579    132991.437500000000    129603.421875000000    -81023.343750000000    132991.468750000000    -101154.656250000000    -0.424180358648    0.186059832573    0.000054103428    -0.000430479122    0.127725765109    0.039169955999    0.000000000000    0.000000000000    0.000000000000    0.000000000000    0.000000000000    0.000000000000
-0.000000197143    1.299491643906    -0.025911962613    0.000378942466    133531.468750000000    129046.953125000000    -108187.632812500000    133531.500000000000    -70345.937500000000    -0.422623008490    0.178433761001    0.000059017420    -0.000430427695    0.126503974199    0.038765802979    0.000000000000    0.000000000000    0.000000000000    0.000000000000    0.000000000000    0.000000000000
-0.000000198257    1.299622416496    -0.026060895994    0.000436776172    133857.546875000000    128708.718750000000    -124499.359375000000    133857.578125000000    -32647.193359375000    -0.420645684004    0.168751031160    0.000065256667    -0.000430362415    0.124952666461    0.038252647966    0.000000000000    0.000000000000    0.000000000000    0.000000000000    0.000000000000    0.000000000000
-0.000000199371    1.299764275551    -0.026210052893    0.000450476800    133935.109375000000    128627.984375000000    -128363.234375000000    133935.140625000000    8248.355468750000    -0.417814314365    0.158146813512    0.000071994247    -0.000429766747    0.123224183917    0.037670902908    0.000000000000    0.000000000000    0.000000000000    0.000000000000    0.000000000000    0.000000000000
-0.000000200485    1.299903392792    -0.026359153911    0.000418702752    133753.828125000000    128816.492187500000    -119403.687500000000    133753.859375000000    48336.785156250000    -0.413757711649    0.147818386555    0.000078370460    -0.000428164087    0.121483005583    0.037065740675    0.000000000000    0.000000000000    0.000000000000    0.000000000000    0.000000000000    0.000000000000
-0.000000201598    1.300025820732    -0.026507914066    0.000344563159    133328.687500000000    129256.484375000000    -98500.085937500000    133328.718750000000    83695.695312500000    -0.410102993250    0.138513162732    0.000084114996    -0.000426720188    0.119914323092    0.036520529538    0.000000000000    0.000000000000    0.000000000000    0.000000000000    0.000000000000    0.000000000000
-0.000000202712    1.300119042397    -0.026656081900    0.000235311236    132698.843750000000    129903.031250000000    -67699.210937500000    132698.875000000000    110867.546875000000    -0.407224535942    0.131184428930    0.000088639354    -0.000425583014    0.118678838015    0.036091126502    0.000000000000    0.000000000000    0.000000000000    0.000000000000    0.000000000000    0.000000000000
-0.000000203826    1.300173878670    -0.026803459972    0.000101632701    131924.062500000000    130689.828125000000    -30014.152343750000    131924.078125000000    127196.625000000000    -0.405407488346    0.126558065414    0.000091495422    -0.000424865138    0.117898918688    0.035820059478    0.000000000000    0.000000000000    0.000000000000    0.000000000000    0.000000000000    0.000000000000
-0.000000204940    1.300184607506    -0.026949927211    -0.000043399741    131078.890625000000    131537.453125000000    10870.445312500000    131078.906250000000    131087.531250000000    -0.404833853245    0.125097557902    0.000092397058    -0.000424638507    0.117652706802    0.035734485835    0.000000000000    0.000000000000    0.000000000000    0.000000000000    0.000000000000    0.000000000000
-0.000000206054    1.300150036812    -0.027095455676    -0.000185604134    130245.750000000000    132362.484375000000    50958.000000000000    130245.750000000000    122160.195312500000    -0.405572354794    0.126977846026    0.000091236274    -0.000424930273    0.117969684303    0.035844653845    0.000000000000    0.000000000000    0.000000000000    0.000000000000    0.000000000000    0.000000000000
-0.000000207167    1.300073027611    -0.027240097523    -0.000311074808    129506.664062500000    133085.687500000000    86329.632812500000    129506.656250000000    101286.734375000000    -0.407561153173    0.132041484118    0.000088110253    -0.000425715989    0.118823319674    0.036141343415    0.000000000000    0.000000000000    0.000000000000    0.000000000000    0.000000000000    0.000000000000
-0.000000208281    1.299960851669    -0.027384005487    -0.000407541054    128935.382812500000    133639.250000000000    113526.421875000000    128935.375000000000    70506.781250000000    -0.410611331463    0.139807492495    0.000083315943    -0.000426921033    0.120132520795    0.036596368998    0.000000000000    0.000000000000    0.000000000000    0.000000000000    0.000000000000    0.000000000000
-0.000000209395    1.299824118614    -0.027527397498    -0.000465566874    128589.945312500000    133971.671875000000    129887.101562500000    128589.929687500000    32829.203125000000    -0.414437800646    0.149549990892    0.000077301462    -0.000428432773    0.121774919331    0.037167198956    0.000000000000    0.000000000000    0.000000000000    0.000000000000    0.000000000000    0.000000000000
-0.000000210509    1.299676299095    -0.027670549229    -0.000479474984    128506.789062500000    134051.421875000000    133808.875000000000    128506.773437500000    -8060.870117187500    -0.418666154146    0.160315707326    0.000070655296    -0.000430103275    0.123589813709    0.037797983736    0.000000000000    0.000000000000    0.000000000000    0.000000000000    0.000000000000    0.000000000000
-0.000000211623    1.299531102180    -0.027813760564    -0.000447904429    128696.960937500000    133868.859375000000    124905.312500000000    128696.953125000000    -48161.597656250000    -0.421201348305    0.171472012997    0.000063503343    -0.000430380751    0.125388607383    0.038396853954    0.000000000000    0.000000000000    0.000000000000    0.000000000000    0.000000000000    0.000000000000
-0.000000212736    1.299402713776    -0.027957329527    -0.000373946648    129144.695312500000    133436.968750000000    104045.734375000000    129144.687500000000    -83545.890625000000    -0.423271596432    0.181609779596    0.000056970897    -0.000430449116    0.127012819052    0.038934119046    0.000000000000    0.000000000000    0.000000000000    0.000000000000    0.000000000000    0.000000000000
-0.000000213850    1.299303174019    -0.028101522475    -0.000264845352    129808.609375000000    132791.171875000000    73271.515625000000    129808.609375000000    -110746.500000000000    -0.424927443266    0.189718157053    0.000051746116    -0.000430503802    0.128311887383    0.039363835007    0.000000000000    0.000000000000    0.000000000000    0.000000000000    0.000000000000    0.000000000000
-0.000000214964    1.299242019653    -0.028246546164    -0.000131288689    130625.609375000000    131987.593750000000    35597.054687500000    130625.609375000000    -127096.726562500000    -0.426009029150    0.195014536381    0.000048333295    -0.000430539512    0.129160434008    0.039644528180    0.000000000000    0.000000000000    0.000000000000    0.000000000000    0.000000000000    0.000000000000
-0.000000216078    1.299224972725    -0.028392530978    0.000013637198    131516.718750000000    131099.671875000000    -5285.521484375000    131516.734375000000    -130993.093750000000    -0.426416039467    0.197007507086    0.000047049089    -0.000430552958    0.129479736090    0.039750147611    0.000000000000    0.000000000000    0.000000000000    0.000000000000    0.000000000000    0.000000000000
-0.000000217192    1.299253582954    -0.028539508581    0.000155731075    132394.921875000000    130212.765625000000    -45368.835937500000    132394.937500000000    -122053.398437500000    -0.426111251116    0.195515066385    0.000048010777    -0.000430542888    0.129240617156    0.039671052247    0.000000000000    0.000000000000    0.000000000000    0.000000000000    0.000000000000    0.000000000000
-0.000000218306    1.299324393272    -0.028687417507    0.000281069457    133173.453125000000    129416.421875000000    -80724.078125000000    133173.484375000000    -101154.492187500000    -0.425131857395    0.190719187260    0.000051101080    -0.000430510554    0.128472268581    0.039416886866    0.000000000000    0.000000000000    0.000000000000    0.000000000000    0.000000000000    0.000000000000
-0.000000219419    1.299430251122    -0.028836103156    0.000377372140    133774.593750000000    128794.914062500000    -107887.015625000000    133774.625000000000    -70345.710937500000    -0.423578232527    0.183111324906    0.000056003348    -0.000430459244    0.127253383398    0.039013698697    0.000000000000    0.000000000000    0.000000000000    0.000000000000    0.000000000000    0.000000000000
-0.000000220533    1.299560666084    -0.028985327110    0.000435205613    134137.343750000000    128417.054687500000    -124197.882812500000    134137.375000000000    -32646.937500000000    -0.421606481075    0.173455893993    0.000062225001    -0.000430394139    0.125706449151    0.038501992822    0.000000000000    0.000000000000    0.000000000000    0.000000000000    0.000000000000    0.000000000000
-0.000000221647    1.299702525139    -0.029134806246    0.000448905979    134223.625000000000    128326.882812500000    -128061.492187500000    134223.656250000000    8248.601562500000    -0.419413536787    0.162717521191    0.000069144466    -0.000430321728    0.123986020684    0.037932895124    0.000000000000    0.000000000000    0.000000000000    0.000000000000    0.000000000000    0.000000000000
