wc / wrf: 0.935595
 t  x  y  z vpar vper vx vy vz re(e1)  im(e1)  re(e2)  im(e2)  re(e3)  im(e3)  re(b1)  im(b1)  re(b2)  im(b2)  re(b3)  im(b3)
-0.000000000000    1.299884200096    -0.000029250359    0.000450908177    131308.406250000000    131308.406250000000    -127183.320312500000    131308.437500000000    -32654.185546875000    -0.414345055819    0.149313867092    0.000077447236    -0.000428396132    0.121735110879    0.037153363228    0.000000000000    0.000000000000    0.000000000000    0.000000000000    0.000000000000    0.000000000000
-0.000000001114    1.300029039383    -0.000175502340    0.000464611599    131308.609375000000    131308.218750000000    -131048.750000000000    131308.640625000000    8250.425781250000    -0.410202592611    0.138766780496    0.000083958425    -0.000426759565    0.119957074523    0.036535389721    0.000000000000    0.000000000000    0.000000000000    0.000000000000    0.000000000000    0.000000000000
-0.000000002228    1.300171136856    -0.000321753672    0.000432830275    131306.781250000000    131310.046875000000    -122085.312500000000    131306.812500000000    48347.710937500000    -0.406060129404    0.128219708800    0.000090469613    -0.000425122969    0.118179038167    0.035917416215    0.000000000000    0.000000000000    0.000000000000    0.000000000000    0.000000000000    0.000000000000
-0.000000003341    1.300296545029    -0.000468000595    0.000358674064    131300.328125000000    131316.500000000000    -101172.710937500000    131300.359375000000    83714.414062500000    -0.402319520712    0.118695855141    0.000096349118    -0.000423645164    0.116573497653    0.035359397531    0.000000000000    0.000000000000    0.000000000000    0.000000000000    0.000000000000    0.000000000000
-0.000000004455    1.300392746925    -0.000614236866    0.000249397795    131287.421875000000    131329.390625000000    -70358.546875000000    131287.453125000000    110892.218750000000    -0.399355202913    0.111148476601    0.000101008452    -0.000422474055    0.115301154554    0.034917183220    0.000000000000    0.000000000000    0.000000000000    0.000000000000    0.000000000000    0.000000000000
-0.000000005569    1.300450444221    -0.000760454801    0.000115689552    131267.453125000000    131349.343750000000    -32657.175781250000    131267.468750000000    127224.843750000000    -0.397452294827    0.106303468347    0.000103999497    -0.000421722245    0.114484377205    0.034633304924    0.000000000000    0.000000000000    0.000000000000    0.000000000000    0.000000000000    0.000000000000
-0.000000006683    1.300464153290    -0.000906646892    -0.000029375031    131241.218750000000    131375.546875000000    8245.195312500000    131241.234375000000    131116.562500000000    -0.396796226501    0.104633077979    0.000105030711    -0.000421463046    0.114202782512    0.034535434097    0.000000000000    0.000000000000    0.000000000000    0.000000000000    0.000000000000    0.000000000000
-0.000000007797    1.300432443619    -0.001052807202    -0.000171610882    131211.046875000000    131405.687500000000    48350.246093750000    131211.062500000000    122187.203125000000    -0.397452294827    0.106303468347    0.000103999497    -0.000421722245    0.114484377205    0.034633304924    0.000000000000    0.000000000000    0.000000000000    0.000000000000    0.000000000000    0.000000000000
-0.000000008910    1.300358414650    -0.001198933460    -0.000297109276    131180.484375000000    131436.187500000000    83737.390625000000    131180.484375000000    101309.070312500000    -0.399355202913    0.111148476601    0.000101008452    -0.000422474055    0.115301154554    0.034917183220    0.000000000000    0.000000000000    0.000000000000    0.000000000000    0.000000000000    0.000000000000
-0.000000010024    1.300249099731    -0.001345027355    -0.000393596769    131153.968750000000    131462.656250000000    110946.140625000000    131153.968750000000    70522.281250000000    -0.402322947979    0.118704594672    0.000096343720    -0.000423646532    0.116574972868    0.035359911621    0.000000000000    0.000000000000    0.000000000000    0.000000000000    0.000000000000    0.000000000000
-0.000000011138    1.300115346909    -0.001491096220    -0.000451635307    131136.218750000000    131480.359375000000    127314.046875000000    131136.218750000000    32836.351562500000    -0.406063556671    0.128228455782    0.000090464215    -0.000425124337    0.118180513382    0.035917930305    0.000000000000    0.000000000000    0.000000000000    0.000000000000    0.000000000000    0.000000000000
-0.000000012252    1.299969911575    -0.001637152280    -0.000465546327    131131.625000000000    131484.937500000000    131237.531250000000    131131.625000000000    -8062.777343750000    -0.410219758749    0.138810515404    0.000083931431    -0.000426766346    0.119964450598    0.036537952721    0.000000000000    0.000000000000    0.000000000000    0.000000000000    0.000000000000    0.000000000000
-0.000000013366    1.299827456474    -0.001783212181    -0.000433968642    131143.453125000000    131473.140625000000    122329.937500000000    131143.453125000000    -48172.394531250000    -0.414375990629    0.149392575026    0.000077398639    -0.000428408355    0.121748380363    0.037157975137    0.000000000000    0.000000000000    0.000000000000    0.000000000000    0.000000000000    0.000000000000
-0.000000014479    1.299701809883    -0.001929295133    -0.000359994359    131173.359375000000    131443.296875000000    101460.914062500000    131173.359375000000    -83564.531250000000    -0.418123453856    0.158933922648    0.000071508337    -0.000429888867    0.123356871307    0.037717022002    0.000000000000    0.000000000000    0.000000000000    0.000000000000    0.000000000000    0.000000000000
-0.000000015593    1.299605131149    -0.002075421158    -0.000250868761    131220.890625000000    131395.859375000000    70672.718750000000    131220.890625000000    -110771.140625000000    -0.420229375362    0.166712552309    0.000066570188    -0.000430348649    0.124626077712    0.038144618273    0.000000000000    0.000000000000    0.000000000000    0.000000000000    0.000000000000    0.000000000000
-0.000000016707    1.299546957016    -0.002221609000    -0.000117282383    131283.234375000000    131333.562500000000    32981.070312500000    131283.250000000000    -127124.968750000000    -0.421264529228    0.171781420708    0.000063303967    -0.000430382846    0.125438183546    0.038413248956    0.000000000000    0.000000000000    0.000000000000    0.000000000000    0.000000000000    0.000000000000
-0.000000017821    1.299532890320    -0.002367872279    0.000027675680    131355.484375000000    131261.312500000000    -7920.239257812500    131355.500000000000    -131022.156250000000    -0.421625047922    0.173546895385    0.000062166364    -0.000430394750    0.125721037388    0.038506813347    0.000000000000    0.000000000000    0.000000000000    0.000000000000    0.000000000000    0.000000000000
-0.000000018935    1.299564361572    -0.002514218446    0.000169801060    131430.796875000000    131185.921875000000    -48022.000000000000    131430.812500000000    -122080.445312500000    -0.421275675297    0.171836033463    0.000063268788    -0.000430383225    0.125446930528    0.038416143507    0.000000000000    0.000000000000    0.000000000000    0.000000000000    0.000000000000    0.000000000000
-0.000000020048    1.299638152122    -0.002660646569    0.000295167178    131501.140625000000    131115.406250000000    -83393.578125000000    131501.171875000000    -101176.867187500000    -0.420249819756    0.166812658310    0.000066505687    -0.000430349348    0.124642118812    0.038149923086    0.000000000000    0.000000000000    0.000000000000    0.000000000000    0.000000000000    0.000000000000
-0.000000021162    1.299746990204    -0.002807146637    0.000391491165    131558.218750000000    131058.132812500000    -110569.117187500000    131558.250000000000    -70361.234375000000    -0.418181836605    0.159082591534    0.000071416551    -0.000429911946    0.123381935060    0.037725731730    0.000000000000    0.000000000000    0.000000000000    0.000000000000    0.000000000000    0.000000000000
-0.000000022276    1.299880385399    -0.002953699091    0.000449337327    131594.281250000000    131021.945312500000    -126887.578125000000    131594.312500000000    -32654.089843750000    -0.414451539516    0.149584978819    0.000077279867    -0.000428438216    0.121780820191    0.037169247866    0.000000000000    0.000000000000    0.000000000000    0.000000000000    0.000000000000    0.000000000000
-0.000000023390    1.300025224686    -0.003100277158    0.000463040604    131603.171875000000    131013.031250000000    -130752.968750000000    131603.203125000000    8250.524414062500    -0.410312503576    0.139046639204    0.000083785657    -0.000426802988    0.120004251599    0.036551788449    0.000000000000    0.000000000000    0.000000000000    0.000000000000    0.000000000000    0.000000000000
-0.000000024504    1.300167083740    -0.003246848239    0.000431259134    131581.171875000000    131035.125000000000    -121789.539062500000    131581.203125000000    48347.792968750000    -0.406173467636    0.128508299589    0.000090291447    -0.000425167760    0.118227690458    0.035934329033    0.000000000000    0.000000000000    0.000000000000    0.000000000000    0.000000000000    0.000000000000
-0.000000025617    1.300292134285    -0.003393376945    0.000357102836    131527.671875000000    131088.812500000000    -100876.976562500000    131527.703125000000    83714.468750000000    -0.402443170547    0.119010686874    0.000096154763    -0.000423694000    0.116626575589    0.035377845168    0.000000000000    0.000000000000    0.000000000000    0.000000000000    0.000000000000    0.000000000000
-0.000000026731    1.300388097763    -0.003539829515    0.000247826480    131445.437500000000    131171.265625000000    -70062.906250000000    131445.468750000000    110892.242187500000    -0.399485737085    0.111480809748    0.000100803300    -0.000422525598    0.115357175469    0.034936655313    0.000000000000    0.000000000000    0.000000000000    0.000000000000    0.000000000000    0.000000000000
-0.000000027845    1.300445675850    -0.003686177311    0.000114118207    131340.671875000000    131276.187500000000    -32361.673828125000    131340.687500000000    127224.843750000000    -0.397589683533    0.106653288007    0.000103783546    -0.000421776524    0.114543348551    0.034653801471    0.000000000000    0.000000000000    0.000000000000    0.000000000000    0.000000000000    0.000000000000
-0.000000028959    1.300459146500    -0.003832400078    -0.000030946350    131222.437500000000    131394.375000000000    8540.519531250000    131222.453125000000    131116.531250000000    -0.396940499544    0.105000391603    0.000104803956    -0.000421520032    0.114264704287    0.034556955099    0.000000000000    0.000000000000    0.000000000000    0.000000000000    0.000000000000    0.000000000000
-0.000000030073    1.300426959991    -0.003978488967    -0.000173182169    131102.015625000000    131514.531250000000    48645.382812500000    131102.031250000000    122187.156250000000    -0.397606849670    0.106697022915    0.000103756545    -0.000421783305    0.114550724626    0.034656364471    0.000000000000    0.000000000000    0.000000000000    0.000000000000    0.000000000000    0.000000000000
-0.000000031187    1.300352454185    -0.004124447703    -0.000298680534    130991.835937500000    131624.265625000000    84032.351562500000    130991.828125000000    101309.023437500000    -0.399523526430    0.111577004194    0.000100743906    -0.000422540528    0.115373395383    0.034942291677    0.000000000000    0.000000000000    0.000000000000    0.000000000000    0.000000000000    0.000000000000
-0.000000032300    1.300242662430    -0.004270295147    -0.000395167997    130904.101562500000    131711.531250000000    111240.953125000000    130904.093750000000    70522.226562500000    -0.402505010366    0.119168102741    0.000096057578    -0.000423718448    0.116653107107    0.035387068987    0.000000000000    0.000000000000    0.000000000000    0.000000000000    0.000000000000    0.000000000000
-0.000000033414    1.300108551979    -0.004416062962    -0.000453206478    130849.539062500000    131765.734375000000    127608.750000000000    130849.531250000000    32836.281250000000    -0.406259328127    0.128726944327    0.000090156471    -0.000425201666    0.118264548481    0.035947136581    0.000000000000    0.000000000000    0.000000000000    0.000000000000    0.000000000000    0.000000000000
-0.000000034528    1.299963116646    -0.004561791662    -0.000467117439    130836.117187500000    131779.046875000000    131532.187500000000    130836.101562500000    -8062.846679687500    -0.410415560007    0.139309003949    0.000083623687    -0.000426843704    0.120048485696    0.036567158997    0.000000000000    0.000000000000    0.000000000000    0.000000000000    0.000000000000    0.000000000000
-0.000000035642    1.299820423126    -0.004707530607    -0.000435539696    130867.984375000000    131747.390625000000    122624.625000000000    130867.976562500000    -48172.445312500000    -0.414575219154    0.149899810553    0.000077085497    -0.000428487052    0.121833890676    0.037187695503    0.000000000000    0.000000000000    0.000000000000    0.000000000000    0.000000000000    0.000000000000
-0.000000036756    1.299694418907    -0.004853331018    -0.000361565384    130944.843750000000    131671.000000000000    101755.710937500000    130944.835937500000    -83564.554687500000    -0.418332964182    0.159467384219    0.000071178998    -0.000429971667    0.123446807265    0.037748277187    0.000000000000    0.000000000000    0.000000000000    0.000000000000    0.000000000000    0.000000000000
-0.000000037869    1.299597501755    -0.004999239929    -0.000252439728    131061.609375000000    131554.765625000000    70967.695312500000    131061.609375000000    -110771.156250000000    -0.420346468687    0.167285874486    0.000066200766    -0.000430352520    0.124717928469    0.038175001740    0.000000000000    0.000000000000    0.000000000000    0.000000000000    0.000000000000    0.000000000000
-0.000000038983    1.299538850784    -0.005145295989    -0.000118853364    131208.750000000000    131408.000000000000    33276.292968750000    131208.765625000000    -127124.960937500000    -0.421389043331    0.172391146421    0.000062911087    -0.000430386950    0.125535860658    0.038445562124    0.000000000000    0.000000000000    0.000000000000    0.000000000000    0.000000000000    0.000000000000
-0.000000040097    1.299524426460    -0.005291528068    0.000026104697    131373.015625000000    131243.812500000000    -7624.745117187500    131373.031250000000    -131022.148437500000    -0.421757012606    0.174193024635    0.000061750019    -0.000430399115    0.125824540854    0.038541056216    0.000000000000    0.000000000000    0.000000000000    0.000000000000    0.000000000000    0.000000000000
-0.000000041211    1.299555420876    -0.005437945016    0.000168230050    131538.515625000000    131077.921875000000    -47726.218750000000    131538.531250000000    -122080.421875000000    -0.421413183212    0.172509461641    0.000062834857    -0.000430387765    0.125554814935    0.038451835513    0.000000000000    0.000000000000    0.000000000000    0.000000000000    0.000000000000    0.000000000000
-0.000000042325    1.299628853798    -0.005584538449    0.000293596153    131688.437500000000    130927.289062500000    -83097.539062500000    131688.468750000000    -101176.843750000000    -0.420392930508    0.167513370514    0.000066054163    -0.000430354063    0.124754384160    0.038187056780    0.000000000000    0.000000000000    0.000000000000    0.000000000000    0.000000000000    0.000000000000
-0.000000043438    1.299737453461    -0.005731282756    0.000389920111    131806.640625000000    130808.296875000000    -110272.882812500000    131806.671875000000    -70361.203125000000    -0.418456643820    0.159782230854    0.000070984635    -0.000430020504    0.123499877751    0.037766724825    0.000000000000    0.000000000000    0.000000000000    0.000000000000    0.000000000000    0.000000000000
-0.000000044552    1.299870371819    -0.005878134631    0.000447766244    131879.390625000000    130734.937500000000    -126591.203125000000    131879.421875000000    -32654.052734375000    -0.414736658335    0.150310844183    0.000076831748    -0.000428550848    0.121903188527    0.037211779505    0.000000000000    0.000000000000    0.000000000000    0.000000000000    0.000000000000    0.000000000000
-0.000000045666    1.300014615059    -0.006025037728    0.000461469521    131896.953125000000    130717.203125000000    -130456.546875000000    131896.984375000000    8250.566406250000    -0.410614788532    0.139816239476    0.000083310544    -0.000426922401    0.120133996010    0.036596879363    0.000000000000    0.000000000000    0.000000000000    0.000000000000    0.000000000000    0.000000000000
-0.000000046780    1.300155997276    -0.006171926856    0.000429688051    131854.796875000000    130759.710937500000    -121493.156250000000    131854.828125000000    48347.835937500000    -0.406492918730    0.129321634769    0.000089789341    -0.000425293954    0.118364803493    0.035981982946    0.000000000000    0.000000000000    0.000000000000    0.000000000000    0.000000000000    0.000000000000
-0.000000047894    1.300280690193    -0.006318735890    0.000355531694    131754.234375000000    130861.023437500000    -100580.742187500000    131754.265625000000    83714.507812500000    -0.402772933245    0.119850255549    0.000095636453    -0.000423824298    0.116768106818    0.035427037627    0.000000000000    0.000000000000    0.000000000000    0.000000000000    0.000000000000    0.000000000000
-0.000000049007    1.300376296043    -0.006465403829    0.000246255338    131602.671875000000    131013.429687500000    -69766.921875000000    131602.703125000000    110892.265625000000    -0.399825781584    0.112346611917    0.000100268793    -0.000422659941    0.115503132343    0.034987382591    0.000000000000    0.000000000000    0.000000000000    0.000000000000    0.000000000000    0.000000000000
-0.000000050121    1.300433397293    -0.006611880381    0.000112547066    131413.078125000000    131203.609375000000    -32066.000000000000    131413.093750000000    127224.843750000000    -0.397940039635    0.107545331120    0.000103232844    -0.000421914941    0.114693731070    0.034706067294    0.000000000000    0.000000000000    0.000000000000    0.000000000000    0.000000000000    0.000000000000
-0.000000051235    1.300446391106    -0.006758132484    -0.000032517491    131202.796875000000    131413.859375000000    8835.845703125000    131202.812500000000    131116.500000000000    -0.397304594517    0.105927407742    0.000104231658    -0.000421663892    0.114420980215    0.034611269832    0.000000000000    0.000000000000    0.000000000000    0.000000000000    0.000000000000    0.000000000000
-0.000000052349    1.300413966179    -0.006904148031    -0.000174753237    130992.171875000000    131623.843750000000    48940.343750000000    130992.171875000000    122187.078125000000    -0.397981256247    0.107650279999    0.000103168059    -0.000421931240    0.114711426198    0.034712217748    0.000000000000    0.000000000000    0.000000000000    0.000000000000    0.000000000000    0.000000000000
-0.000000053463    1.300338983536    -0.007049939130    -0.000300251471    130802.375000000000    131812.468750000000    84326.976562500000    130802.367187500000    101308.898437500000    -0.399908244610    0.112556502223    0.000100139223    -0.000422692508    0.115538522601    0.034999683499    0.000000000000    0.000000000000    0.000000000000    0.000000000000    0.000000000000    0.000000000000
-0.000000054576    1.300229072571    -0.007195539307    -0.000396738731    130653.429687500000    131960.093750000000    111535.273437500000    130653.421875000000    70522.031250000000    -0.402896583080    0.120165094733    0.000095442090    -0.000423873134    0.116821184754    0.035445481539    0.000000000000    0.000000000000    0.000000000000    0.000000000000    0.000000000000    0.000000000000
-0.000000055690    1.300094723701    -0.007341005374    -0.000454776920    130562.039062500000    132050.500000000000    127902.843750000000    130562.031250000000    32836.050781250000    -0.406654357910    0.129732668400    0.000089535592    -0.000425357750    0.118434093893    0.036006066948    0.000000000000    0.000000000000    0.000000000000    0.000000000000    0.000000000000    0.000000000000
-0.000000056804    1.299948692322    -0.007486407179    -0.000468687591    130539.796875000000    132072.500000000000    131826.171875000000    130539.781250000000    -8063.094726562500    -0.410827755928    0.140358462930    0.000082975806    -0.000427006540    0.120225399733    0.036628648639    0.000000000000    0.000000000000    0.000000000000    0.000000000000    0.000000000000    0.000000000000
-0.000000057918    1.299805641174    -0.007631825283    -0.000437109586    130591.703125000000    132021.156250000000    122918.617187500000    130591.695312500000    -48172.691406250000    -0.415001124144    0.150984257460    0.000076416021    -0.000428655330    0.122016705573    0.037251234055    0.000000000000    0.000000000000    0.000000000000    0.000000000000    0.000000000000    0.000000000000
-0.000000059032    1.299679279327    -0.007777341176    -0.000363135012    130715.515625000000    131898.578125000000    102049.843750000000    130715.507812500000    -83564.773437500000    -0.418769210577    0.160578072071    0.000070493326    -0.000430143991    0.123634047806    0.037813354284    0.000000000000    0.000000000000    0.000000000000    0.000000000000    0.000000000000    0.000000000000
-0.000000060145    1.299581885338    -0.007923030294    -0.000254009210    130901.554687500000    131713.937500000000    71262.085937500000    130901.554687500000    -110771.304687500000    -0.420588046312    0.168468922377    0.000065438449    -0.000430360495    0.124907471240    0.038237698376    0.000000000000    0.000000000000    0.000000000000    0.000000000000    0.000000000000    0.000000000000
-0.000000061259    1.299522995949    -0.008068955503    -0.000120422716    131133.500000000000    131483.015625000000    33571.042968750000    131133.515625000000    -127125.023437500000    -0.421636193991    0.173601493239    0.000062131177    -0.000430395128    0.125729769468    0.038509707898    0.000000000000    0.000000000000    0.000000000000    0.000000000000    0.000000000000    0.000000000000
-0.000000062373    1.299508333206    -0.008215154521    0.000024535342    131389.765625000000    131226.937500000000    -7329.550781250000    131389.781250000000    -131022.093750000000    -0.422006011009    0.175412446260    0.000060964248    -0.000430407323    0.126019924879    0.038605682552    0.000000000000    0.000000000000    0.000000000000    0.000000000000    0.000000000000    0.000000000000
-0.000000063487    1.299539089203    -0.008361640386    0.000166660568    131645.515625000000    130970.390625000000    -47430.546875000000    131645.531250000000    -122080.250000000000    -0.421665936708    0.173747092485    0.000062037354    -0.000430396089    0.125753104687    0.038517422974    0.000000000000    0.000000000000    0.000000000000    0.000000000000    0.000000000000    0.000000000000
-0.000000064601    1.299612283707    -0.008508399129    0.000292026438    131875.015625000000    130739.289062500000    -82801.390625000000    131875.046875000000    -101176.531250000000    -0.420651257038    0.168778330088    0.000065239074    -0.000430362590    0.124957039952    0.038254097104    0.000000000000    0.000000000000    0.000000000000    0.000000000000    0.000000000000    0.000000000000
-0.000000065714    1.299720525742    -0.008655386977    0.000388349988    132054.359375000000    130558.148437500000    -109976.296875000000    132054.390625000000    -70360.789062500000    -0.418940961361    0.161015346646    0.000070223374    -0.000430211861    0.123707763851    0.037838976830    0.000000000000    0.000000000000    0.000000000000    0.000000000000    0.000000000000    0.000000000000
-0.000000066828    1.299853205681    -0.008802537806    0.000446195598    132163.828125000000    130447.320312500000    -126294.281250000000    132163.859375000000    -32653.560546875000    -0.415231257677    0.151570200920    0.000076054290    -0.000428746251    0.122115485370    0.037285566330    0.000000000000    0.000000000000    0.000000000000    0.000000000000    0.000000000000    0.000000000000
-0.000000067942    1.299997448921    -0.008949765936    0.000459898292    132190.093750000000    130420.703125000000    -130159.421875000000    132190.125000000000    8251.080078125000    -0.411109417677    0.141075596213    0.000082533086    -0.000427117804    0.120346300304    0.036670669913    0.000000000000    0.000000000000    0.000000000000    0.000000000000    0.000000000000    0.000000000000
-0.000000069056    1.300138711929    -0.009096973576    0.000428116240    132127.750000000000    130483.835937500000    -121195.992187500000    132127.781250000000    48348.316406250000    -0.406987547874    0.130580991507    0.000089011883    -0.000425489357    0.118577107787    0.036055769771    0.000000000000    0.000000000000    0.000000000000    0.000000000000    0.000000000000    0.000000000000
-0.000000070170    1.300262928009    -0.009244063869    0.000353959418    131980.140625000000    130633.117187500000    -100283.718750000000    131980.171875000000    83714.906250000000    -0.403281301260    0.121144592762    0.000094837407    -0.000424025144    0.116986304522    0.035502873361    0.000000000000    0.000000000000    0.000000000000    0.000000000000    0.000000000000    0.000000000000
-0.000000071283    1.300358295441    -0.009390947409    0.000244682655    131759.281250000000    130855.898437500000    -69470.195312500000    131759.312500000000    110892.546875000000    -0.400341033936    0.113658443093    0.000099458943    -0.000422863523    0.115724287927    0.035064246505    0.000000000000    0.000000000000    0.000000000000    0.000000000000    0.000000000000    0.000000000000
-0.000000072397    1.300415158272    -0.009537553415    0.000110974142    131484.859375000000    131131.640625000000    -31769.730468750000    131484.875000000000    127224.968750000000    -0.398465573788    0.108883395791    0.000102406797    -0.000422122568    0.114919304848    0.034784466028    0.000000000000    0.000000000000    0.000000000000    0.000000000000    0.000000000000    0.000000000000
-0.000000073511    1.300427913666    -0.009683834389    -0.000034090448    131182.578125000000    131434.031250000000    9131.550781250000    131182.593750000000    131116.453125000000    -0.397836983204    0.107282966375    0.000103394814    -0.000421874225    0.114649504423    0.034690696746    0.000000000000    0.000000000000    0.000000000000    0.000000000000    0.000000000000    0.000000000000
-0.000000074625    1.300395131111    -0.009829776362    -0.000176326037    130881.734375000000    131733.640625000000    49235.429687500000    130881.734375000000    122186.859375000000    -0.398520529270    0.109023317695    0.000102320409    -0.000422144280    0.114942893386    0.034792665392    0.000000000000    0.000000000000    0.000000000000    0.000000000000    0.000000000000    0.000000000000
-0.000000075739    1.300319910049    -0.009975398891    -0.000301823922    130612.335937500000    132000.750000000000    84621.445312500000    130612.328125000000    101308.523437500000    -0.400457799435    0.113955780864    0.000099275378    -0.000422909652    0.115774407983    0.035081669688    0.000000000000    0.000000000000    0.000000000000    0.000000000000    0.000000000000    0.000000000000
-0.000000076852    1.300209522247    -0.010120752268    -0.000398310716    130402.171875000000    132208.375000000000    111829.210937500000    130402.164062500000    70521.554687500000    -0.403456479311    0.121590614319    0.000094562056    -0.000424094353    0.117061495781    0.035529006273    0.000000000000    0.000000000000    0.000000000000    0.000000000000    0.000000000000    0.000000000000
-0.000000077966    1.300074815750    -0.010265915655    -0.000456348353    130273.960937500000    132334.718750000000    128196.390625000000    130273.953125000000    32835.503906250000    -0.407227993011    0.131193175912    0.000088633955    -0.000425584352    0.118680305779    0.036091640592    0.000000000000    0.000000000000    0.000000000000    0.000000000000    0.000000000000    0.000000000000
-0.000000079080    1.299928784370    -0.010410987772    -0.000470258412    130242.890625000000    132365.296875000000    132119.484375000000    130242.875000000000    -8063.657226562500    -0.411401361227    0.141818970442    0.000082074170    -0.000427233172    0.120471611619    0.036714222282    0.000000000000    0.000000000000    0.000000000000    0.000000000000    0.000000000000    0.000000000000
-0.000000080194    1.299785494804    -0.010556083173    -0.000438679795    130314.843750000000    132294.453125000000    123211.906250000000    130314.835937500000    -48173.207031250000    -0.415578186512    0.152453497052    0.000075508993    -0.000428883301    0.122264392674    0.037337321788    0.000000000000    0.000000000000    0.000000000000    0.000000000000    0.000000000000    0.000000000000
-0.000000081308    1.299658894539    -0.010701314546    -0.000364704698    130485.601562500000    132126.031250000000    102343.320312500000    130485.593750000000    -83565.195312500000    -0.419283449650    0.162080496550    0.000069554946    -0.000430317421    0.123883962631    0.037899132818    0.000000000000    0.000000000000    0.000000000000    0.000000000000    0.000000000000    0.000000000000
-0.000000082421    1.299561262131    -0.010846785270    -0.000255578489    130740.906250000000    131873.406250000000    71555.960937500000    130740.906250000000    -110771.601562500000    -0.420909553766    0.170043259859    0.000064423984    -0.000430371118    0.125159695745    0.038321133703    0.000000000000    0.000000000000    0.000000000000    0.000000000000    0.000000000000    0.000000000000
-0.000000083535    1.299502015114    -0.010992577299    -0.000121991754    131057.664062500000    131558.640625000000    33865.484375000000    131057.664062500000    -127125.164062500000    -0.421961426735    0.175194054842    0.000061104991    -0.000430405868    0.125984922051    0.038594108075    0.000000000000    0.000000000000    0.000000000000    0.000000000000    0.000000000000    0.000000000000
-0.000000084649    1.299486875534    -0.011138741858    0.000022966375    131405.937500000000    131210.750000000000    -7034.437500000000    131405.953125000000    -131022.062500000000    -0.422338694334    0.177041411400    0.000059914604    -0.000430418324    0.126280903816    0.038692012429    0.000000000000    0.000000000000    0.000000000000    0.000000000000    0.000000000000    0.000000000000
-0.000000085763    1.299517273903    -0.011285296641    0.000165091478    131751.890625000000    130863.375000000000    -47134.710937500000    131751.906250000000    -122080.062500000000    -0.422006011009    0.175412446260    0.000060964248    -0.000430407323    0.126019924879    0.038605682552    0.000000000000    0.000000000000    0.000000000000    0.000000000000    0.000000000000    0.000000000000
-0.000000086877    1.299590110779    -0.011432220228    0.000290457043    132060.968750000000    130551.445312500000    -82504.851562500000    132061.000000000000    -101176.218750000000    -0.420995056629    0.170461893082    0.000064154243    -0.000430373941    0.125226765871    0.038343317807    0.000000000000    0.000000000000    0.000000000000    0.000000000000    0.000000000000    0.000000000000
-0.000000087990    1.299698114395    -0.011579453014    0.000386780157    132301.453125000000    130307.726562500000    -109679.156250000000    132301.484375000000    -70360.382812500000    -0.419409841299    0.162699311972    0.000069156195    -0.000430321612    0.123983100057    0.037931930274    0.000000000000    0.000000000000    0.000000000000    0.000000000000    0.000000000000    0.000000000000
-0.000000089104    1.299830436707    -0.011726900935    0.000444625301    132447.640625000000    130159.148437500000    -125996.718750000000    132447.671875000000    -32653.111328125000    -0.415883898735    0.153231844306    0.000075028482    -0.000429004082    0.122395612299    0.037382926792    0.000000000000    0.000000000000    0.000000000000    0.000000000000    0.000000000000    0.000000000000
-0.000000090218    1.299974083900    -0.011874452233    0.000458327500    132482.609375000000    130123.554687500000    -129861.648437500000    132482.640625000000    8251.529296875000    -0.411779195070    0.142780974507    0.000081480284    -0.000427382445    0.120633788407    0.036770589650    0.000000000000    0.000000000000    0.000000000000    0.000000000000    0.000000000000    0.000000000000
-0.000000091332    1.300114870071    -0.012021976523    0.000426544953    132400.109375000000    130207.500000000000    -120898.257812500000    132400.140625000000    48348.734375000000    -0.407674521208    0.132330089808    0.000087932087    -0.000425760780    0.118871971965    0.036158252507    0.000000000000    0.000000000000    0.000000000000    0.000000000000    0.000000000000    0.000000000000
-0.000000092446    1.300238966942    -0.012169345282    0.000352387695    132205.468750000000    130405.109375000000    -99986.234375000000    132205.500000000000    83715.250000000000    -0.403971701860    0.122902438045    0.000093752205    -0.000424297905    0.117282643914    0.035605870187    0.000000000000    0.000000000000    0.000000000000    0.000000000000    0.000000000000    0.000000000000
-0.000000093560    1.300333976746    -0.012316442095    0.000243110611    131915.281250000000    130698.656250000000    -69173.203125000000    131915.312500000000    110892.765625000000    -0.401041746140    0.115442521870    0.000098357552    -0.000423140358    0.116025045514    0.035168778151    0.000000000000    0.000000000000    0.000000000000    0.000000000000    0.000000000000    0.000000000000
-0.000000094673    1.300390481949    -0.012463174760    0.000109401939    131556.031250000000    131060.257812500000    -31473.402343750000    131556.046875000000    127225.062500000000    -0.399173170328    0.110684968531    0.000101294601    -0.000422402110    0.115223012865    0.034890025854    0.000000000000    0.000000000000    0.000000000000    0.000000000000    0.000000000000    0.000000000000
-0.000000095787    1.300402760506    -0.012609484605    -0.000035662681    131161.718750000000    131454.859375000000    9427.103515625000    131161.734375000000    131116.406250000000    -0.398558318615    0.109119519591    0.000102261023    -0.000422159210    0.114959105849    0.034798301756    0.000000000000    0.000000000000    0.000000000000    0.000000000000    0.000000000000    0.000000000000
-0.000000096901    1.300369620323    -0.012755353935    -0.000177898168    130770.648437500000    131843.921875000000    49530.175781250000    130770.648437500000    122186.679687500000    -0.399255603552    0.110894858837    0.000101165031    -0.000422434678    0.115258395672    0.034902323037    0.000000000000    0.000000000000    0.000000000000    0.000000000000    0.000000000000    0.000000000000
-0.000000098015    1.300294041634    -0.012900806963    -0.000303395791    130421.625000000000    132189.171875000000    84915.421875000000    130421.617187500000    101308.218750000000    -0.401199758053    0.115844815969    0.000098109194    -0.000423202757    0.116092868149    0.035192348063    0.000000000000    0.000000000000    0.000000000000    0.000000000000    0.000000000000    0.000000000000
-0.000000099129    1.300183415413    -0.013045910746    -0.000399882207    130150.250000000000    132456.375000000000    112122.546875000000    130150.242187500000    70521.156250000000    -0.404208719730    0.123505875468    0.000093379676    -0.000424391532    0.117384374142    0.035641226918    0.000000000000    0.000000000000    0.000000000000    0.000000000000    0.000000000000    0.000000000000
-0.000000100242    1.300048232079    -0.013190770522    -0.000457919377    129985.210937500000    132618.343750000000    128489.265625000000    129985.203125000000    32835.050781250000    -0.407990515232    0.133134678006    0.000087435379    -0.000425885635    0.119007609785    0.036205396056    0.000000000000    0.000000000000    0.000000000000    0.000000000000    0.000000000000    0.000000000000
-0.000000101356    1.299901604652    -0.013335514814    -0.000471828913    129945.312500000000    132657.437500000000    132412.140625000000    129945.296875000000    -8064.132812500000    -0.412181079388    0.143804192543    0.000080848600    -0.000427541207    0.120806284249    0.036830540746    0.000000000000    0.000000000000    0.000000000000    0.000000000000    0.000000000000    0.000000000000
-0.000000102470    1.299757957458    -0.013480287045    -0.000440249743    130037.312500000000    132567.250000000000    123504.578125000000    130037.304687500000    -48173.667968750000    -0.416371643543    0.154473707080    0.000074261821    -0.000429196778    0.122604966164    0.037455689162    0.000000000000    0.000000000000    0.000000000000    0.000000000000    0.000000000000    0.000000000000
-0.000000103584    1.299630880356    -0.013625233434    -0.000366274180    130255.023437500000    132353.343750000000    102636.289062500000    130255.015625000000    -83565.593750000000    -0.419718325138    0.164209961891    0.000068182781    -0.000430331798    0.124225124717    0.038011990488    0.000000000000    0.000000000000    0.000000000000    0.000000000000    0.000000000000    0.000000000000
-0.000000104698    1.299532890320    -0.013770482503    -0.000257147563    130579.593750000000    132033.140625000000    71849.460937500000    130579.593750000000    -110771.890625000000    -0.421350002289    0.172200053930    0.000063034226    -0.000430385669    0.125505238771    0.038435436785    0.000000000000    0.000000000000    0.000000000000    0.000000000000    0.000000000000    0.000000000000
-0.000000105811    1.299473404884    -0.013916140422    -0.000123560574    130981.132812500000    131634.828125000000    34159.703125000000    130981.132812500000    -127125.312500000000    -0.422407448292    0.177378118038    0.000059697635    -0.000430420594    0.126334846020    0.038709856570    0.000000000000    0.000000000000    0.000000000000    0.000000000000    0.000000000000    0.000000000000
-0.000000106925    1.299458026886    -0.014062270522    0.000021397627    131421.421875000000    131195.234375000000    -6739.367187500000    131421.437500000000    -131022.039062500000    -0.422788411379    0.179243683815    0.000058495523    -0.000430433167    0.126633733511    0.038808725774    0.000000000000    0.000000000000    0.000000000000    0.000000000000    0.000000000000    0.000000000000
-0.000000108039    1.299488186836    -0.014208893292    0.000163522607    131857.578125000000    130756.867187500000    -46838.738281250000    131857.593750000000    -122079.851562500000    -0.422457605600    0.177623838186    0.000059539310    -0.000430422253    0.126374214888    0.038722880185    0.000000000000    0.000000000000    0.000000000000    0.000000000000    0.000000000000    0.000000000000
-0.000000109153    1.299560785294    -0.014355979860    0.000288887823    132246.203125000000    130363.765625000000    -82208.015625000000    132246.234375000000    -101175.843750000000    -0.421452224255    0.172700554132    0.000062711712    -0.000430389046    0.125585436821    0.038461960852    0.000000000000    0.000000000000    0.000000000000    0.000000000000    0.000000000000    0.000000000000
-0.000000110267    1.299668312073    -0.014503454790    0.000385210471    132547.828125000000    130057.085937500000    -109381.585937500000    132547.859375000000    -70359.867187500000    -0.419872581959    0.164965286851    0.000067696070    -0.000430336891    0.124346144497    0.038052018732    0.000000000000    0.000000000000    0.000000000000    0.000000000000    0.000000000000    0.000000000000
-0.000000111380    1.299800276756    -0.014651202597    0.000443054974    132730.718750000000    129870.429687500000    -125698.601562500000    132730.750000000000    -32652.500000000000    -0.416752934456    0.155444458127    0.000073662537    -0.000429347419    0.122768618166    0.037512566894    0.000000000000    0.000000000000    0.000000000000    0.000000000000    0.000000000000    0.000000000000
-0.000000112494    1.299943566322    -0.014799075201    0.000456756476    132774.375000000000    129825.789062500000    -129563.242187500000    132774.406250000000    8252.182617187500    -0.412655115128    0.145011067390    0.000080103542    -0.000427728490    0.121009744704    0.036901254207    0.000000000000    0.000000000000    0.000000000000    0.000000000000    0.000000000000    0.000000000000
-0.000000113608    1.300084114075    -0.014946915209    0.000424973230    132671.703125000000    129930.695312500000    -120599.843750000000    132671.734375000000    48349.363281250000    -0.408557295799    0.134577691555    0.000086544547    -0.000426109531    0.119250871241    0.036289945245    0.000000000000    0.000000000000    0.000000000000    0.000000000000    0.000000000000    0.000000000000
-0.000000114722    1.300207734108    -0.015094562434    0.000350815331    132429.984375000000    130177.023437500000    -99688.132812500000    132430.015625000000    83715.789062500000    -0.404868215322    0.125185012817    0.000092343063    -0.000424652069    0.117667444050    0.035739608109    0.000000000000    0.000000000000    0.000000000000    0.000000000000    0.000000000000    0.000000000000
-0.000000115836    1.300302386284    -0.015241872519    0.000241537753    132070.453125000000    130541.757812500000    -68875.671875000000    132070.484375000000    110893.156250000000    -0.401948571205    0.117751330137    0.000096932214    -0.000423498597    0.116414271295    0.035304054618    0.000000000000    0.000000000000    0.000000000000    0.000000000000    0.000000000000    0.000000000000
-0.000000116949    1.300358653069    -0.015388731845    0.000107828739    131626.406250000000    130989.492187500000    -31176.662109375000    131626.421875000000    127225.250000000000    -0.400090277195    0.113020017743    0.000099853074    -0.000422764453    0.115616656840    0.035026840866    0.000000000000    0.000000000000    0.000000000000    0.000000000000    0.000000000000    0.000000000000
-0.000000118063    1.300370812416    -0.015535068698    -0.000037235979    131140.093750000000    131476.359375000000    9722.892578125000    131140.109375000000    131116.375000000000    -0.399478882551    0.111463315785    0.000100814097    -0.000422522891    0.115354225039    0.034935630858    0.000000000000    0.000000000000    0.000000000000    0.000000000000    0.000000000000    0.000000000000
-0.000000119177    1.300337433815    -0.015680862591    -0.000179471288    130658.796875000000    131954.703125000000    49824.941406250000    130658.796875000000    122186.421875000000    -0.400179594755    0.113247402012    0.000099712699    -0.000422799727    0.115654990077    0.035040162504    0.000000000000    0.000000000000    0.000000000000    0.000000000000    0.000000000000    0.000000000000
-0.000000120291    1.300261616707    -0.015826143324    -0.000304968504    130230.171875000000    132377.750000000000    85209.210937500000    130230.164062500000    101307.765625000000    -0.402134031057    0.118223592639    0.000096640666    -0.000423571881    0.116493880749    0.035331726074    0.000000000000    0.000000000000    0.000000000000    0.000000000000    0.000000000000    0.000000000000
-0.000000121405    1.300150632858    -0.015970995650    -0.000401454308    129897.593750000000    132704.093750000000    112415.476562500000    129897.585937500000    70520.531250000000    -0.405149877071    0.125902146101    0.000091900351    -0.000424763362    0.117788344622    0.035781629384    0.000000000000    0.000000000000    0.000000000000    0.000000000000    0.000000000000    0.000000000000
-0.000000122518    1.300015091896    -0.016115549952    -0.000459490722    129695.742187500000    132901.375000000000    128781.562500000000    129695.734375000000    32834.328125000000    -0.408941984177    0.135557174683    0.000085939857    -0.000426261511    0.119415998459    0.036347333342    0.000000000000    0.000000000000    0.000000000000    0.000000000000    0.000000000000    0.000000000000
-0.000000123632    1.299868464470    -0.016259964556    -0.000473399443    129647.023437500000    132948.921875000000    132704.109375000000    129647.007812500000    -8064.880859375000    -0.413135975599    0.146235436201    0.000079347679    -0.000427918450    0.121216148138    0.036972992122    0.000000000000    0.000000000000    0.000000000000    0.000000000000    0.000000000000    0.000000000000
-0.000000124746    1.299724459648    -0.016404410824    -0.000441819488    129759.062500000000    132839.562500000000    123796.562500000000    129759.054687500000    -48174.359375000000    -0.417333424091    0.156922444701    0.000072750103    -0.000429576758    0.123017773032    0.037599164993    0.000000000000    0.000000000000    0.000000000000    0.000000000000    0.000000000000    0.000000000000
-0.000000125860    1.299597263336    -0.016549071297    -0.000367843168    130023.726562500000    132580.515625000000    102928.617187500000    130023.718750000000    -83566.156250000000    -0.420242398977    0.166776254773    0.000066529145    -0.000430349086    0.124636285007    0.038147993386    0.000000000000    0.000000000000    0.000000000000    0.000000000000    0.000000000000    0.000000000000
-0.000000126974    1.299498915672    -0.016694102436    -0.000258716027    130417.562500000000    132193.125000000000    72142.453125000000    130417.562500000000    -110772.273437500000    -0.421879649162    0.174793630838    0.000061363004    -0.000430403161    0.125920772552    0.038572888821    0.000000000000    0.000000000000    0.000000000000    0.000000000000    0.000000000000    0.000000000000
-0.000000128087    1.299439072609    -0.016839627177    -0.000125128747    130903.914062500000    131711.562500000000    34453.613281250000    130903.914062500000    -127125.476562500000    -0.422940790653    0.179989919066    0.000058014684    -0.000430438202    0.126753285527    0.038848273456    0.000000000000    0.000000000000    0.000000000000    0.000000000000    0.000000000000    0.000000000000
-0.000000129201    1.299423336983    -0.016985725611    0.000019829504    131436.218750000000    131180.359375000000    -6444.370117187500    131436.234375000000    -131021.984375000000    -0.423327356577    0.181882783771    0.000056794979    -0.000430450949    0.127056553960    0.038948588073    0.000000000000    0.000000000000    0.000000000000    0.000000000000    0.000000000000    0.000000000000
-0.000000130315    1.299453139305    -0.017132414505    0.000161954318    131962.609375000000    130650.828125000000    -46542.601562500000    131962.625000000000    -122079.593750000000    -0.423004001379    0.180299326777    0.000057815309    -0.000430440268    0.126802861691    0.038864672184    0.000000000000    0.000000000000    0.000000000000    0.000000000000    0.000000000000    0.000000000000
-0.000000131429    1.299525380135    -0.017279664055    0.000287319155    132430.828125000000    130176.203125000000    -81910.804687500000    132430.859375000000    -101175.406250000000    -0.422002315521    0.175394266844    0.000060975977    -0.000430407206    0.126017004251    0.038604717702    0.000000000000    0.000000000000    0.000000000000    0.000000000000    0.000000000000    0.000000000000
-0.000000132543    1.299632787704    -0.017427379265    0.000383641222    132793.578125000000    129806.148437500000    -109083.468750000000    132793.609375000000    -70359.296875000000    -0.420426368713    0.167677193880    0.000065948610    -0.000430355169    0.124780625105    0.038195740432    0.000000000000    0.000000000000    0.000000000000    0.000000000000    0.000000000000    0.000000000000
-0.000000133656    1.299764394760    -0.017575424165    0.000441485085    133013.171875000000    129581.117187500000    -125399.835937500000    133013.203125000000    -32651.859375000000    -0.417783379555    0.158068105578    0.000072042836    -0.000429754524    0.123210914433    0.037666290998    0.000000000000    0.000000000000    0.000000000000    0.000000000000    0.000000000000    0.000000000000
-0.000000134770    1.299907445908    -0.017723619938    0.000455185858    133065.515625000000    129527.382812500000    -129264.179687500000    133065.546875000000    8252.833984375000    -0.413695871830    0.147660955787    0.000078467645    -0.000428139669    0.121456466615    0.037056516856    0.000000000000    0.000000000000    0.000000000000    0.000000000000    0.000000000000    0.000000000000
-0.000000135884    1.300047516823    -0.017871776596    0.000423401885    132942.687500000000    129653.437500000000    -120300.843750000000    132942.718750000000    48349.960937500000    -0.409608364105    0.137253805995    0.000084892454    -0.000426524784    0.119702018797    0.036446742713    0.000000000000    0.000000000000    0.000000000000    0.000000000000    0.000000000000    0.000000000000
-0.000000136998    1.300171017647    -0.018019702286    0.000349243346    132653.937500000000    129948.843750000000    -99389.562500000000    132653.968750000000    83716.281250000000    -0.405926167965    0.127878636122    0.000090680172    -0.000425070059    0.118121542037    0.035897433758    0.000000000000    0.000000000000    0.000000000000    0.000000000000    0.000000000000    0.000000000000
-0.000000138112    1.300265431404    -0.018167225644    0.000239965302    132225.093750000000    130385.179687500000    -68577.875000000000    132225.125000000000    110893.507812500000    -0.403013378382    0.120462439954    0.000095258525    -0.000423919293    0.116871312261    0.035462904721    0.000000000000    0.000000000000    0.000000000000    0.000000000000    0.000000000000    0.000000000000
-0.000000139225    1.300321340561    -0.018314210698    0.000106255997    131696.234375000000    130919.351562500000    -30879.896484375000    131696.250000000000    127225.429687500000    -0.401161968708    0.115748614073    0.000098168588    -0.000423187827    0.116076648235    0.035186711699    0.000000000000    0.000000000000    0.000000000000    0.000000000000    0.000000000000    0.000000000000
-0.000000140339    1.300333023071    -0.018460575491    -0.000038808816    131117.890625000000    131498.546875000000    10018.471679687500    131117.906250000000    131116.375000000000    -0.400564283133    0.114226892591    0.000099108009    -0.000422951707    0.115820117295    0.035097554326    0.000000000000    0.000000000000    0.000000000000    0.000000000000    0.000000000000    0.000000000000
-0.000000141453    1.300299286842    -0.018606293947    -0.000181044030    130546.375000000000    132065.968750000000    50119.296875000000    130546.375000000000    122186.250000000000    -0.401278764009    0.116045966744    0.000097985016    -0.000423233985    0.116126775742    0.035204134881    0.000000000000    0.000000000000    0.000000000000    0.000000000000    0.000000000000    0.000000000000
-0.000000142567    1.300223112106    -0.018751405180    -0.000306540984    130038.140625000000    132566.406250000000    85502.414062500000    130038.132812500000    101307.437500000000    -0.403240084648    0.121039643884    0.000094902192    -0.000424008846    0.116968616843    0.035496726632    0.000000000000    0.000000000000    0.000000000000    0.000000000000    0.000000000000    0.000000000000
-0.000000143681    1.300111889839    -0.018896009773    -0.000403026323    129644.351562500000    132951.531250000000    112707.726562500000    129644.343750000000    70520.101562500000    -0.406266212463    0.128744438291    0.000090145673    -0.000425204402    0.118267498910    0.035948161036    0.000000000000    0.000000000000    0.000000000000    0.000000000000    0.000000000000    0.000000000000
-0.000000144794    1.299976110458    -0.019040260464    -0.000461062213    129405.679687500000    133183.843750000000    129073.164062500000    129405.671875000000    32833.843750000000    -0.410065203905    0.138416960835    0.000084174382    -0.000426705286    0.119898103178    0.036514893174    0.000000000000    0.000000000000    0.000000000000    0.000000000000    0.000000000000    0.000000000000
-0.000000145908    1.299828886986    -0.019184343517    -0.000474970380    129348.132812500000    133239.718750000000    132995.421875000000    129348.117187500000    -8065.369140625000    -0.414272934198    0.149130210280    0.000077560609    -0.000428367639    0.121704153717    0.037142604589    0.000000000000    0.000000000000    0.000000000000    0.000000000000    0.000000000000    0.000000000000
-0.000000147022    1.299684524536    -0.019328467548    -0.000443389872    129480.203125000000    133111.390625000000    124088.015625000000    129480.195312500000    -48174.812500000000    -0.418480664492    0.159843444824    0.000070946837    -0.000430030021    0.123510204256    0.037770312279    0.000000000000    0.000000000000    0.000000000000    0.000000000000    0.000000000000    0.000000000000
-0.000000148136    1.299556851387    -0.019472841173    -0.000369413116    129791.820312500000    132807.562500000000    103220.593750000000    129791.812500000000    -83566.539062500000    -0.420870542526    0.169852167368    0.000064547130    -0.000430369837    0.125129088759    0.038311004639    0.000000000000    0.000000000000    0.000000000000    0.000000000000    0.000000000000    0.000000000000
-0.000000149250    1.299458265305    -0.019617646933    -0.000260285597    130254.929687500000    132353.406250000000    72435.296875000000    130254.929687500000    -110772.546875000000    -0.422511518002    0.177887737751    0.000059369257    -0.000430424028    0.126416489482    0.038736864924    0.000000000000    0.000000000000    0.000000000000    0.000000000000    0.000000000000    0.000000000000
-0.000000150363    1.299398183823    -0.019763037562    -0.000126698083    130826.054687500000    131788.906250000000    34747.582031250000    130826.054687500000    -127125.617187500000    -0.423578232527    0.183111324906    0.000056003348    -0.000430459244    0.127253383398    0.039013698697    0.000000000000    0.000000000000    0.000000000000    0.000000000000    0.000000000000    0.000000000000
-0.000000151477    1.299382209778    -0.019909096882    0.000018260243    131450.359375000000    131166.187500000000    -6149.112304687500    131450.375000000000    -131021.984375000000    -0.423968493938    0.185022383928    0.000054771914    -0.000430472137    0.127559557557    0.039114978164    0.000000000000    0.000000000000    0.000000000000    0.000000000000    0.000000000000    0.000000000000
-0.000000152591    1.299411654472    -0.020055852830    0.000160384952    132066.953125000000    130545.351562500000    -46246.023437500000    132066.968750000000    -122079.453125000000    -0.423648864031    0.183457136154    0.000055780514    -0.000430461572    0.127308785915    0.039032023400    0.000000000000    0.000000000000    0.000000000000    0.000000000000    0.000000000000    0.000000000000
-0.000000153705    1.299483418465    -0.020203262568    0.000285749556    132614.734375000000    129988.828125000000    -81613.007812500000    132614.765625000000    -101175.148437500000    -0.422654598951    0.178588479757    0.000058917733    -0.000430428743    0.126528754830    0.038773998618    0.000000000000    0.000000000000    0.000000000000    0.000000000000    0.000000000000    0.000000000000
-0.000000154819    1.299590349197    -0.020351218060    0.000382071274    133038.609375000000    129554.976562500000    -108784.687500000000    133038.640625000000    -70358.953125000000    -0.421086102724    0.170907795429    0.000063866908    -0.000430376938    0.125298216939    0.038366951048    0.000000000000    0.000000000000    0.000000000000    0.000000000000    0.000000000000    0.000000000000
-0.000000155933    1.299721717834    -0.020499557257    0.000439914671    133294.906250000000    129291.257812500000    -125100.390625000000    133294.937500000000    -32651.453125000000    -0.419013082981    0.161199003458    0.000070109993    -0.000430240354    0.123738721013    0.037849735469    0.000000000000    0.000000000000    0.000000000000    0.000000000000    0.000000000000    0.000000000000
-0.000000157046    1.299864292145    -0.020648075268    0.000453614921    133355.937500000000    129228.304687500000    -128964.468750000000    133355.968750000000    8253.250976562500    -0.414935857058    0.150818079710    0.000076518605    -0.000428629544    0.121988698840    0.037241499871    0.000000000000    0.000000000000    0.000000000000    0.000000000000    0.000000000000    0.000000000000
-0.000000158160    1.300004124641    -0.020796546713    0.000421830482    133212.937500000000    129375.703125000000    -120001.296875000000    133212.968750000000    48350.351562500000    -0.410858660936    0.140437170863    0.000082927218    -0.000427018735    0.120238669217    0.036633260548    0.000000000000    0.000000000000    0.000000000000    0.000000000000    0.000000000000    0.000000000000
-0.000000159274    1.300127148628    -0.020944749936    0.000347671506    132877.156250000000    129720.546875000000    -99090.609375000000    132877.187500000000    83716.609375000000    -0.407186746597    0.131088227034    0.000088698740    -0.000425568083    0.118662618101    0.036085490137    0.000000000000    0.000000000000    0.000000000000    0.000000000000    0.000000000000    0.000000000000
-0.000000160388    1.300221085548    -0.021092483774    0.000238393113    132379.000000000000    130228.882812500000    -68279.867187500000    132379.031250000000    110893.734375000000    -0.404287725687    0.123707026243    0.000093255498    -0.000424422731    0.117418289185    0.035653010011    0.000000000000    0.000000000000    0.000000000000    0.000000000000    0.000000000000    0.000000000000
-0.000000161502    1.300276637077    -0.021239593625    0.000104683641    131765.328125000000    130849.757812500000    -30583.113281250000    131765.343750000000    127225.523437500000    -0.402450054884    0.119028180838    0.000096143958    -0.000423696736    0.116629518569    0.035378869623    0.000000000000    0.000000000000    0.000000000000    0.000000000000    0.000000000000    0.000000000000
-0.000000162615    1.300288081169    -0.021385982633    -0.000040381201    131094.968750000000    131521.343750000000    10313.863281250000    131094.984375000000    131116.328125000000    -0.401855826378    0.117515206337    0.000097077987    -0.000423461956    0.116374462843    0.035290222615    0.000000000000    0.000000000000    0.000000000000    0.000000000000    0.000000000000    0.000000000000
-0.000000163729    1.300254106522    -0.021531624720    -0.000182616292    130433.234375000000    132177.640625000000    50413.269531250000    130433.234375000000    122186.062500000000    -0.402577131987    0.119351759553    0.000095944197    -0.000423746940    0.116684071720    0.035397827625    0.000000000000    0.000000000000    0.000000000000    0.000000000000    0.000000000000    0.000000000000
-0.000000164843    1.300177693367    -0.021676562726    -0.000308112969    129845.406250000000    132755.125000000000    85795.078125000000    129845.398437500000    101307.140625000000    -0.404548764229    0.124371677637    0.000092845177    -0.000424525875    0.117530331016    0.035691954195    0.000000000000    0.000000000000    0.000000000000    0.000000000000    0.000000000000    0.000000000000
-0.000000165957    1.300066113472    -0.021820915863    -0.000404597988    129390.414062500000    133198.609375000000    112999.328125000000    129390.406250000000    70519.726562500000    -0.407581776381    0.132093966007    0.000088077861    -0.000425724138    0.118832163513    0.036144416779    0.000000000000    0.000000000000    0.000000000000    0.000000000000    0.000000000000    0.000000000000
-0.000000167071    1.299929976463    -0.021964861080    -0.000462633412    129114.945312500000    133465.687500000000    129364.062500000000    129114.929687500000    32833.414062500000    -0.411391079426    0.141792729497    0.000082090373    -0.000427229097    0.120467193425    0.036712687463    0.000000000000    0.000000000000    0.000000000000    0.000000000000    0.000000000000    0.000000000000
-0.000000168184    1.299782633781    -0.022108610719    -0.000476541114    129048.578125000000    133529.843750000000    133286.046875000000    129048.562500000000    -8065.803710937500    -0.415605664253    0.152523458004    0.000075465803    -0.000428894156    0.122276186943    0.037341419607    0.000000000000    0.000000000000    0.000000000000    0.000000000000    0.000000000000    0.000000000000
-0.000000169298    1.299637913704    -0.022252408788    -0.000444960140    129200.695312500000    133382.656250000000    124378.820312500000    129200.687500000000    -48175.207031250000    -0.419538050890    0.163327232003    0.000068751579    -0.000430325832    0.124083705246    0.037965208292    0.000000000000    0.000000000000    0.000000000000    0.000000000000    0.000000000000    0.000000000000
-0.000000170412    1.299510121346    -0.022396493703    -0.000370982976    129559.257812500000    133034.406250000000    103512.039062500000    129559.250000000000    -83566.851562500000    -0.421599030495    0.173419490457    0.000062248459    -0.000430393877    0.125700622797    0.038500063121    0.000000000000    0.000000000000    0.000000000000    0.000000000000    0.000000000000    0.000000000000
-0.000000171526    1.299411177635    -0.022541079670    -0.000261855137    130091.617187500000    132513.875000000000    72727.781250000000    130091.617187500000    -110772.757812500000    -0.423245579004    0.181482374668    0.000057052992    -0.000430448272    0.126992404461    0.038927368820    0.000000000000    0.000000000000    0.000000000000    0.000000000000    0.000000000000    0.000000000000
-0.000000172640    1.299350619316    -0.022686330602    -0.000128267449    130747.546875000000    131866.750000000000    35041.414062500000    130747.546875000000    -127125.695312500000    -0.424317896366    0.186733245850    0.000053669493    -0.000430483662    0.127833664417    0.039205648005    0.000000000000    0.000000000000    0.000000000000    0.000000000000    0.000000000000    0.000000000000
-0.000000173753    1.299334168434    -0.022832354531    0.000016690889    131463.859375000000    131152.625000000000    -5853.773437500000    131463.875000000000    -131021.929687500000    -0.424715578556    0.188680723310    0.000052414605    -0.000430496788    0.128145664930    0.039308857173    0.000000000000    0.000000000000    0.000000000000    0.000000000000    0.000000000000    0.000000000000
-0.000000174867    1.299363374710    -0.022979177535    0.000158815485    132170.656250000000    130440.312500000000    -45949.160156250000    132170.671875000000    -122079.281250000000    -0.424401521683    0.187142759562    0.000053405613    -0.000430486427    0.127899274230    0.039227347821    0.000000000000    0.000000000000    0.000000000000    0.000000000000    0.000000000000    0.000000000000
-0.000000175981    1.299434781075    -0.023126751184    0.000284179841    132798.000000000000    129801.554687500000    -81314.742187500000    132798.031250000000    -101174.875000000000    -0.423412829638    0.182301402092    0.000056525238    -0.000430453772    0.127123624086    0.038970772177    0.000000000000    0.000000000000    0.000000000000    0.000000000000    0.000000000000    0.000000000000
-0.000000177095    1.299541354179    -0.023274946958    0.000380501209    133283.015625000000    129303.500000000000    -108485.296875000000    133283.046875000000    -70358.601562500000    -0.421848058701    0.174638926983    0.000061462692    -0.000430402113    0.125895991921    0.038564689457    0.000000000000    0.000000000000    0.000000000000    0.000000000000    0.000000000000    0.000000000000
-0.000000178209    1.299672365189    -0.023423578590    0.000438344199    133576.031250000000    129000.789062500000    -124800.265625000000    133576.062500000000    -32651.068359375000    -0.419867008924    0.164937987924    0.000067713663    -0.000430336688    0.124341771007    0.038050569594    0.000000000000    0.000000000000    0.000000000000    0.000000000000    0.000000000000    0.000000000000
-0.000000179322    1.299814820290    -0.023572416976    0.000452044012    133645.781250000000    128928.546875000000    -128664.070312500000    133645.812500000000    8253.635742187500    -0.416361361742    0.154447466135    0.000074278025    -0.000429192733    0.122600540519    0.037454150617    0.000000000000    0.000000000000    0.000000000000    0.000000000000    0.000000000000    0.000000000000
-0.000000180436    1.299954295158    -0.023721201345    0.000420259137    133482.625000000000    129097.468750000000    -119701.140625000000    133482.656250000000    48350.695312500000    -0.412290990353    0.144084051251    0.000080675833    -0.000427584630    0.120853468776    0.036846939474    0.000000000000    0.000000000000    0.000000000000    0.000000000000    0.000000000000    0.000000000000
-0.000000181550    1.300076961517    -0.023869682103    0.000346099871    133099.812500000000    129492.132812500000    -98791.171875000000    133099.843750000000    83716.875000000000    -0.408629417419    0.134761333466    0.000086431166    -0.000426138024    0.119281835854    0.036300703883    0.000000000000    0.000000000000    0.000000000000    0.000000000000    0.000000000000    0.000000000000
-0.000000182664    1.300170660019    -0.024017628282    0.000236821201    132532.328125000000    130072.882812500000    -67981.562500000000    132532.359375000000    110893.914062500000    -0.405737251043    0.127397626638    0.000090977119    -0.000424995407    0.118040449917    0.035869251937    0.000000000000    0.000000000000    0.000000000000    0.000000000000    0.000000000000    0.000000000000
-0.000000183778    1.300225853920    -0.024164862931    0.000103111553    131833.843750000000    130780.789062500000    -30286.253906250000    131833.859375000000    127225.617187500000    -0.403909862041    0.122745022178    0.000093849390    -0.000424273458    0.117256112397    0.035596646369    0.000000000000    0.000000000000    0.000000000000    0.000000000000    0.000000000000    0.000000000000
-0.000000184891    1.300236940384    -0.024311279878    -0.000041953335    131071.476562500000    131544.812500000000    10609.113281250000    131071.484375000000    131116.328125000000    -0.403329372406    0.121267028153    0.000094761817    -0.000424044119    0.117006950080    0.035510048270    0.000000000000    0.000000000000    0.000000000000    0.000000000000    0.000000000000    0.000000000000
-0.000000186005    1.300202369690    -0.024456845596    -0.000184188379    130319.531250000000    132289.812500000000    50706.902343750000    130319.531250000000    122185.960937500000    -0.404064446688    0.123138561845    0.000093606432    -0.000424334547    0.117322452366    0.035619705915    0.000000000000    0.000000000000    0.000000000000    0.000000000000    0.000000000000    0.000000000000
-0.000000187119    1.300125598907    -0.024601614103    -0.000309684896    129652.101562500000    132943.984375000000    86087.250000000000    129652.093750000000    101306.945312500000    -0.406046390533    0.128184720874    0.000090491209    -0.000425117556    0.118173137307    0.035915367305    0.000000000000    0.000000000000    0.000000000000    0.000000000000    0.000000000000    0.000000000000
-0.000000188233    1.300013661385    -0.024745717645    -0.000406169624    129135.914062500000    133445.453125000000    113290.343750000000    129135.906250000000    70519.453125000000    -0.409093111753    0.135941982269    0.000085702297    -0.000426321232    0.119480870664    0.036369878799    0.000000000000    0.000000000000    0.000000000000    0.000000000000    0.000000000000    0.000000000000
-0.000000189347    1.299877285957    -0.024889355525    -0.000464204699    128823.625000000000    133746.953125000000    129654.320312500000    128823.609375000000    32833.093750000000    -0.412909299135    0.145658239722    0.000079704012    -0.000427828898    0.121118843555    0.036939173937    0.000000000000    0.000000000000    0.000000000000    0.000000000000    0.000000000000    0.000000000000
-0.000000190460    1.299729466438    -0.025032773614    -0.000478111993    128748.437500000000    133819.343750000000    133576.046875000000    128748.421875000000    -8066.140625000000    -0.417134195566    0.156415209174    0.000073063246    -0.000429498061    0.122932262719    0.037569444627    0.000000000000    0.000000000000    0.000000000000    0.000000000000    0.000000000000    0.000000000000
-0.000000191574    1.299584507942    -0.025176247582    -0.000446530641    128920.593750000000    133653.468750000000    124669.062500000000    128920.585937500000    -48175.527343750000    -0.420368760824    0.167395085096    0.000066130393    -0.000430353277    0.124735429883    0.038180790842    0.000000000000    0.000000000000    0.000000000000    0.000000000000    0.000000000000    0.000000000000
-0.000000192688    1.299456238747    -0.025320045650    -0.000372553157    129326.093750000000    133261.140625000000    103803.046875000000    129326.085937500000    -83567.125000000000    -0.422437191010    0.177523732185    0.000059603812    -0.000430421554    0.126358166337    0.038717571646    0.000000000000    0.000000000000    0.000000000000    0.000000000000    0.000000000000    0.000000000000
-0.000000193802    1.299357056618    -0.025464408100    -0.000263425056    129927.710937500000    132674.625000000000    73019.992187500000    129927.710937500000    -110772.945312500000    -0.424087435007    0.185604810715    0.000054396620    -0.000430476066    0.127652868629    0.039145842195    0.000000000000    0.000000000000    0.000000000000    0.000000000000    0.000000000000    0.000000000000
-0.000000194916    1.299296379089    -0.025609524921    -0.000129837223    130668.414062500000    131945.203125000000    35335.144531250000    130668.414062500000    -127125.789062500000    -0.425163447857    0.190873891115    0.000051001392    -0.000430511602    0.128497049212    0.039425086230    0.000000000000    0.000000000000    0.000000000000    0.000000000000    0.000000000000    0.000000000000
-0.000000196029    1.299279689789    -0.025755513459    0.000015121173    131476.734375000000    131139.765625000000    -5558.336914062500    131476.750000000000    -131021.921875000000    -0.425564885139    0.192839562893    0.000049734779    -0.000430524844    0.128811970353    0.039529260248    0.000000000000    0.000000000000    0.000000000000    0.000000000000    0.000000000000    0.000000000000
-0.000000197143    1.299308300018    -0.025902401656    0.000157245682    132273.718750000000    130335.820312500000    -45652.003906250000    132273.734375000000    -122079.156250000000    -0.425258249044    0.191338017583    0.000050702332    -0.000430514716    0.128571406007    0.039449684322    0.000000000000    0.000000000000    0.000000000000    0.000000000000    0.000000000000    0.000000000000
-0.000000198257    1.299379348755    -0.026050133631    0.000282609864    132980.625000000000    129614.476562500000    -81016.046875000000    132980.656250000000    -101174.656250000000    -0.424275130033    0.186523944139    0.000053804364    -0.000430482265    0.127800121903    0.039194554090    0.000000000000    0.000000000000    0.000000000000    0.000000000000    0.000000000000    0.000000000000
-0.000000199371    1.299485564232    -0.026198569685    0.000378930941    133526.750000000000    129051.789062500000    -108185.359375000000    133526.781250000000    -70358.304687500000    -0.422717809677    0.178897887468    0.000058718357    -0.000430430839    0.126578330994    0.038790397346    0.000000000000    0.000000000000    0.000000000000    0.000000000000    0.000000000000    0.000000000000
-0.000000200485    1.299616336823    -0.026347499341    0.000436773582    133856.468750000000    128709.781250000000    -124499.539062500000    133856.500000000000    -32650.718750000000    -0.420740455389    0.169215142727    0.000064957603    -0.000430365530    0.125027030706    0.038277246058    0.000000000000    0.000000000000    0.000000000000    0.000000000000    0.000000000000    0.000000000000
-0.000000201598    1.299758195877    -0.026496656239    0.000450473046    133934.875000000000    128628.171875000000    -128363.054687500000    133934.906250000000    8254.005859375000    -0.417989492416    0.158592835069    0.000071718896    -0.000429835956    0.123299375176    0.037697035819    0.000000000000    0.000000000000    0.000000000000    0.000000000000    0.000000000000    0.000000000000
-0.000000202712    1.299897313118    -0.026645755395    0.000418687821    133751.531250000000    128818.796875000000    -119400.398437500000    133751.562500000000    48351.050781250000    -0.413932889700    0.148264393210    0.000078095109    -0.000428233296    0.121558196843    0.037091873586    0.000000000000    0.000000000000    0.000000000000    0.000000000000    0.000000000000    0.000000000000
-0.000000203826    1.300019741058    -0.026794511825    0.000344528176    133321.640625000000    129263.648437500000    -98491.234375000000    133321.671875000000    83717.179687500000    -0.410278171301    0.138959184289    0.000083839645    -0.000426789396    0.119989514351    0.036546662450    0.000000000000    0.000000000000    0.000000000000    0.000000000000    0.000000000000    0.000000000000
-0.000000204940    1.300112962723    -0.026942668483    0.000235249230    132684.859375000000    129917.203125000000    -67682.890625000000    132684.890625000000    110894.125000000000    -0.407399713993    0.131630450487    0.000088364002    -0.000425652222    0.118754021823    0.036117259413    0.000000000000    0.000000000000    0.000000000000    0.000000000000    0.000000000000    0.000000000000
-0.000000206054    1.300167679787    -0.027090027928    0.000101539437    131901.578125000000    130712.406250000000    -29989.193359375000    131901.593750000000    127225.718750000000    -0.405582666397    0.127004086971    0.000091220078    -0.000424934347    0.117974109948    0.035846192390    0.000000000000    0.000000000000    0.000000000000    0.000000000000    0.000000000000    0.000000000000
-0.000000207167    1.300178408623    -0.027236467227    -0.000043525488    131047.210937500000    131568.937500000000    10904.383789062500    131047.218750000000    131116.296875000000    -0.405012488365    0.125552326441    0.000092116308    -0.000424709084    0.117729365826    0.035761132836    0.000000000000    0.000000000000    0.000000000000    0.000000000000    0.000000000000    0.000000000000
-0.000000208281    1.300143837929    -0.027381952852    -0.000185760407    130205.054687500000    132402.421875000000    51000.363281250000    130205.054687500000    122185.796875000000    -0.405750989914    0.127432614565    0.000090955524    -0.000425000850    0.118046350777    0.035871300846    0.000000000000    0.000000000000    0.000000000000    0.000000000000    0.000000000000    0.000000000000
-0.000000209395    1.300066828728    -0.027526546270    -0.000311256648    129458.039062500000    133132.921875000000    86379.046875000000    129458.031250000000    101306.664062500000    -0.407739788294    0.132496252656    0.000087829503    -0.000425786566    0.118899986148    0.036167990416    0.000000000000    0.000000000000    0.000000000000    0.000000000000    0.000000000000    0.000000000000
-0.000000210509    1.299954652786    -0.027670394629    -0.000407741027    128880.648437500000    133691.937500000000    113580.804687500000    128880.640625000000    70519.093750000000    -0.410789966583    0.140262261033    0.000083035193    -0.000426991610    0.120209187269    0.036623012275    0.000000000000    0.000000000000    0.000000000000    0.000000000000    0.000000000000    0.000000000000
-0.000000211623    1.299817919731    -0.027813725173    -0.000465775665    128531.554687500000    134027.609375000000    129943.914062500000    128531.539062500000    32832.679687500000    -0.414616435766    0.150004759431    0.000077020712    -0.000428503350    0.121851585805    0.037193845958    0.000000000000    0.000000000000    0.000000000000    0.000000000000    0.000000000000    0.000000000000
-0.000000212736    1.299669981003    -0.027956809849    -0.000479682494    128447.546875000000    134108.125000000000    133865.328125000000    128447.531250000000    -8066.569335937500    -0.418848216534    0.160779222846    0.000070369148    -0.000430175220    0.123667955399    0.037825141102    0.000000000000    0.000000000000    0.000000000000    0.000000000000    0.000000000000    0.000000000000
-0.000000213850    1.299524545670    -0.028099955991    -0.000448100705    128639.757812500000    133923.765625000000    124958.625000000000    128639.750000000000    -48175.925781250000    -0.421303540468    0.171972543001    0.000063180829    -0.000430384127    0.125468790531    0.038423378021    0.000000000000    0.000000000000    0.000000000000    0.000000000000    0.000000000000    0.000000000000
-0.000000214964    1.299395918846    -0.028243465349    -0.000374122785    129092.210937500000    133487.671875000000    104093.453125000000    129092.203125000000    -83567.453125000000    -0.423377543688    0.182128489017    0.000056636654    -0.000430452608    0.127095922828    0.038961611688    0.000000000000    0.000000000000    0.000000000000    0.000000000000    0.000000000000    0.000000000000
-0.000000216078    1.299296379089    -0.028387604281    -0.000264994422    129763.085937500000    132835.609375000000    73311.734375000000    129763.085937500000    -110773.171875000000    -0.425033360720    0.190236881375    0.000051411869    -0.000430507294    0.128394991159    0.039391327649    0.000000000000    0.000000000000    0.000000000000    0.000000000000    0.000000000000    0.000000000000
-0.000000217192    1.299235224724    -0.028532583266    -0.000131406399    130588.578125000000    132024.171875000000    35628.597656250000    130588.578125000000    -127125.882812500000    -0.426114976406    0.195533275604    0.000047999049    -0.000430543005    0.129243537784    0.039672017097    0.000000000000    0.000000000000    0.000000000000    0.000000000000    0.000000000000    0.000000000000
-0.000000218306    1.299218177795    -0.028678530827    0.000013552019    131488.890625000000    131127.515625000000    -5262.975585937500    131488.906250000000    -131021.859375000000    -0.426521956921    0.197526231408    0.000046714846    -0.000430556451    0.129562839866    0.039777636528    0.000000000000    0.000000000000    0.000000000000    0.000000000000    0.000000000000    0.000000000000
-0.000000219419    1.299246788025    -0.028825482354    0.000155676404    132376.109375000000    130231.820312500000    -45354.718750000000    132376.125000000000    -122078.976562500000    -0.426217168570    0.196033775806    0.000047676531    -0.000430546381    0.129323735833    0.039698541164    0.000000000000    0.000000000000    0.000000000000    0.000000000000    0.000000000000    0.000000000000
-0.000000220533    1.299317598343    -0.028973372653    0.000281040324    133162.578125000000    129427.531250000000    -80717.000000000000    133162.609375000000    -101174.359375000000    -0.425237804651    0.191237911582    0.000050766837    -0.000430514046    0.128555372357    0.039444379508    0.000000000000    0.000000000000    0.000000000000    0.000000000000    0.000000000000    0.000000000000
-0.000000221647    1.299423456192    -0.029122048989    0.000377361052    133769.843750000000    128799.820312500000    -107884.906250000000    133769.875000000000    -70357.929687500000    -0.423684179783    0.183630049229    0.000055669097    -0.000430462736    0.127336487174    0.039041187614    0.000000000000    0.000000000000    0.000000000000    0.000000000000    0.000000000000    0.000000000000
