wc / wrf: 0.935595
 t  x  y  z vpar vper vx vy vz re(e1)  im(e1)  re(e2)  im(e2)  re(e3)  im(e3)  re(b1)  im(b1)  re(b2)  im(b2)  re(b3)  im(b3)
-0.000000000223    1.300115704536    -0.000029250354    -0.000450908090    131308.375000000000    131315.937500000000    127191.414062500000    131308.375000000000    32653.146484375000    -0.406053245068    0.128202214837    0.000090480411    -0.000425120263    0.118176087737    0.035916391760    0.000000000000    0.000000000000    0.000000000000    0.000000000000    0.000000000000    0.000000000000
-0.000000001337    1.299970865250    -0.000175501933    -0.000464604469    131308.171875000000    131354.125000000000    131093.937500000000    131308.171875000000    -8264.057617187500    -0.432801306248    0.013960279524    0.000204004638    -0.000384128012    0.104225307703    0.069719687104    0.000000000000    0.000000000000    0.000000000000    0.000000000000    0.000000000000    0.000000000000
-0.000000002450    1.299828648567    -0.000321754138    -0.000432796311    131310.015625000000    131385.406250000000    122152.390625000000    131310.015625000000    -48383.113281250000    -0.427588582039    -0.105541475117    0.000302027853    -0.000313528610    0.080694667995    0.098426535726    0.000000000000    0.000000000000    0.000000000000    0.000000000000    0.000000000000    0.000000000000
-0.000000003564    1.299703240395    -0.000468010781    -0.000358588266    131316.500000000000    131401.656250000000    101236.640625000000    131316.500000000000    -83770.789062500000    -0.388403743505    -0.221724897623    0.000377310615    -0.000218059315    0.049308702350    0.119177654386    0.000000000000    0.000000000000    0.000000000000    0.000000000000    0.000000000000    0.000000000000
-0.000000004678    1.299606919289    -0.000614278135    -0.000249243865    131329.468750000000    131399.703125000000    70391.929687500000    131329.468750000000    -110954.328125000000    -0.315476179123    -0.323715418577    0.000422850426    -0.000104115388    0.012760095298    0.129683643579    0.000000000000    0.000000000000    0.000000000000    0.000000000000    0.000000000000    0.000000000000
-0.000000005792    1.299549221992    -0.000760563882    -0.000115476359    131349.515625000000    131382.250000000000    32639.769531250000    131349.531250000000    -127263.289062500000    -0.213282242417    -0.401744842529    0.000434585236    0.000019619038    -0.025542268530    0.128649353981    0.000000000000    0.000000000000    0.000000000000    0.000000000000    0.000000000000    0.000000000000
-0.000000006906    1.299535632133    -0.000906875706    0.000029600318    131375.828125000000    131356.796875000000    -8318.012695312500    131375.843750000000    -131093.187500000000    -0.089374490082    -0.446983724833    0.000410488545    0.000143590907    -0.061861123890    0.115986511111    -0.000000000000    0.000000000000    -0.000000000000    0.000000000000    -0.000000000000    0.000000000000
-0.000000008019    1.299567580223    -0.001053219312    0.000171757856    131406.093750000000    131332.953125000000    -48463.136718750000    131406.109375000000    -122064.203125000000    0.045339703560    -0.452568739653    0.000350744464    0.000257351145    -0.092596948147    0.092885196209    -0.000000000000    0.000000000000    -0.000000000000    0.000000000000    -0.000000000000    0.000000000000
-0.000000009133    1.299641966820    -0.001199597144    0.000297050312    131436.703125000000    131319.468750000000    -83856.250000000000    131436.734375000000    -101059.039062500000    0.177377551794    -0.415729641914    0.000258826156    0.000350221613    -0.114774793386    0.061688039452    -0.000000000000    0.000000000000    -0.000000000000    0.000000000000    -0.000000000000    0.000000000000
-0.000000010247    1.299751400948    -0.001346007222    0.000393183349    131463.203125000000    131322.187500000000    -111024.531250000000    131463.234375000000    -70136.062500000000    0.292032003403    -0.338669717312    0.000141702505    0.000412105321    -0.126405581832    0.025563150644    -0.000000000000    0.000000000000    -0.000000000000    0.000000000000    -0.000000000000    0.000000000000
-0.000000011361    1.299885153770    -0.001492442214    0.000450720690    131480.828125000000    131343.125000000000    -127302.835937500000    131480.859375000000    -32326.443359375000    0.375874012709    -0.229459166527    0.000010177202    0.000435218477    -0.126705572009    -0.011930326000    -0.000000000000    0.000000000000    -0.000000000000    0.000000000000    -0.000000000000    0.000000000000
-0.000000012475    1.300030112267    -0.001638889895    0.000464009063    131485.218750000000    131380.890625000000    -131094.890625000000    131485.250000000000    8664.257812500000    0.421137303114    -0.100591033697    -0.000122686673    0.000417275034    -0.116099826992    -0.047348130494    0.000000000000    0.000000000000    0.000000000000    0.000000000000    0.000000000000    0.000000000000
-0.000000013588    1.300172209740    -0.001785333618    0.000431731081    131473.125000000000    131432.234375000000    -122028.757812500000    131473.156250000000    48820.179687500000    0.424414247274    0.033946715295    -0.000243732604    0.000359870959    -0.095988266170    -0.077711835504    0.000000000000    0.000000000000    0.000000000000    0.000000000000    0.000000000000    0.000000000000
-0.000000014702    1.300297498703    -0.001931753708    0.000357032608    131442.906250000000    131493.203125000000    -100991.734375000000    131442.937500000000    84208.851562500000    0.387491852045    0.160502463579    -0.000341180596    0.000268985692    -0.068460136652    -0.100746400654    0.000000000000    0.000000000000    0.000000000000    0.000000000000    0.000000000000    0.000000000000
-0.000000015816    1.300393581390    -0.002078130376    0.000247213087    131395.046875000000    131560.750000000000    -70042.125000000000    131395.078125000000    111365.750000000000    0.316466748714    0.267674952745    -0.000406129839    0.000154094625    -0.035986572504    -0.114958807826    0.000000000000    0.000000000000    0.000000000000    0.000000000000    0.000000000000    0.000000000000
-0.000000016930    1.300451040268    -0.002224445110    0.000113010072    131332.375000000000    131633.125000000000    -32206.951171875000    131332.390625000000    127632.257812500000    0.220181941986    0.347513616085    -0.000433531066    0.000026763148    -0.001164980233    -0.119594804943    0.000000000000    0.000000000000    0.000000000000    0.000000000000    0.000000000000    0.000000000000
-0.000000018044    1.300464153290    -0.002370683709    -0.000032451193    131259.859375000000    131709.875000000000    8814.125976562500    131259.875000000000    131414.640625000000    0.108418904245    0.395772814751    -0.000422448124    -0.000100995712    0.033439833671    -0.114526748657    0.000000000000    0.000000000000    0.000000000000    0.000000000000    0.000000000000    0.000000000000
-0.000000019157    1.300431609154    -0.002516839420    -0.000174940651    131184.328125000000    131790.828125000000    49009.820312500000    131184.343750000000    122339.132812500000    -0.009419530630    0.411348462105    -0.000375629112    -0.000218101923    0.065364763141    -0.100178964436    0.000000000000    0.000000000000    0.000000000000    0.000000000000    0.000000000000    0.000000000000
-0.000000020271    1.300356626511    -0.002662912942    -0.000300514075    131113.843750000000    131874.468750000000    84448.273437500000    131113.843750000000    101288.562500000000    -0.125133037567    0.395273685455    -0.000298626022    -0.000315452489    0.092277392745    -0.077481180429    0.000000000000    0.000000000000    0.000000000000    0.000000000000    0.000000000000    0.000000000000
-0.000000021385    1.300246596336    -0.002808914520    -0.000396876188    131056.718750000000    131956.546875000000    111660.507812500000    131056.710937500000    70316.914062500000    -0.231673806906    0.349826604128    -0.000198790076    -0.000386320055    0.112037539482    -0.047908633947    0.000000000000    0.000000000000    0.000000000000    0.000000000000    0.000000000000    0.000000000000
-0.000000022499    1.300112009048    -0.002954863477    -0.000454584020    131020.718750000000    132029.203125000000    127979.359375000000    131020.710937500000    32450.021484375000    -0.322773903608    0.277998387814    -0.000084368221    -0.000426381594    0.122818857431    -0.013515356928    0.000000000000    0.000000000000    0.000000000000    0.000000000000    0.000000000000    0.000000000000
-0.000000023613    1.299965977669    -0.003100787057    -0.000467973034    131012.039062500000    132081.890625000000    131801.062500000000    131012.023437500000    -8608.812500000000    -0.392444372177    0.183586403728    0.000036076202    -0.000433451933    0.123316317797    0.023067206144    0.000000000000    0.000000000000    0.000000000000    0.000000000000    0.000000000000    0.000000000000
-0.000000024726    1.299822926521    -0.003246718552    -0.000435715192    131034.351562500000    132103.718750000000    122743.859375000000    131034.343750000000    -48839.992187500000    -0.434840261936    0.071705311537    0.000153955305    -0.000407227402    0.112992875278    0.058742560446    0.000000000000    0.000000000000    0.000000000000    0.000000000000    0.000000000000    0.000000000000
-0.000000025840    1.299696922302    -0.003392692190    -0.000360953592    131088.328125000000    132086.921875000000    101687.437500000000    131088.328125000000    -84300.820312500000    -0.444697231054    -0.050574928522    0.000260766392    -0.000349191367    0.092303961515    0.090197384357    0.000000000000    0.000000000000    0.000000000000    0.000000000000    0.000000000000    0.000000000000
-0.000000026954    1.299600124359    -0.003538742661    -0.000250998884    131171.140625000000    132030.000000000000    70688.906250000000    131171.140625000000    -111512.359375000000    -0.417877197266    -0.173069491982    0.000347473222    -0.000262419751    0.062827505171    0.114261925220    0.000000000000    0.000000000000    0.000000000000    0.000000000000    0.000000000000    0.000000000000
-0.000000028068    1.299542069435    -0.003684898373    -0.000116616298    131276.593750000000    131939.359375000000    32782.648437500000    131276.609375000000    -127801.789062500000    -0.354751348495    -0.285160809755    0.000407044921    -0.000153372050    0.027188494802    0.128404125571    0.000000000000    0.000000000000    0.000000000000    0.000000000000    0.000000000000    0.000000000000
-0.000000029182    1.299528241158    -0.003831180278    0.000029027759    131395.484375000000    131828.765625000000    -8316.541015625000    131395.500000000000    -131566.187500000000    -0.258715659380    -0.375688135624    0.000433795591    -0.000029977909    -0.011209463701    0.131068885326    0.000000000000    0.000000000000    0.000000000000    0.000000000000    0.000000000000    0.000000000000
-0.000000030295    1.299560308456    -0.003977596760    0.000171656473    131516.421875000000    131716.531250000000    -48578.335937500000    131516.437500000000    -122431.164062500000    -0.137057766318    -0.434028029442    0.000423772173    0.000098110628    -0.048585176468    0.121927499771    -0.000000000000    0.000000000000    -0.000000000000    0.000000000000    -0.000000000000    0.000000000000
-0.000000031409    1.299634814262    -0.004124143627    0.000297283434    131626.859375000000    131621.781250000000    -84053.296875000000    131626.890625000000    -101288.375000000000    -0.001093983650    -0.452292591333    0.000375941134    0.000219706068    -0.081276416779    0.101964816451    -0.000000000000    0.000000000000    -0.000000000000    0.000000000000    -0.000000000000    0.000000000000
-0.000000032523    1.299744606018    -0.004270801786    0.000393585447    131714.562500000000    131560.812500000000    -111261.382812500000    131714.593750000000    -70207.890625000000    0.134832412004    -0.426764607430    0.000292765442    0.000322833890    -0.106207989156    0.073314741254    -0.000000000000    0.000000000000    -0.000000000000    0.000000000000    -0.000000000000    0.000000000000
-0.000000033637    1.299878716469    -0.004417539574    0.000451111438    131768.718750000000    131544.390625000000    -127533.781250000000    131768.750000000000    -32234.378906250000    0.255057692528    -0.359406858683    0.000180987874    0.000395954296    -0.121250271797    0.038941629231    -0.000000000000    0.000000000000    -0.000000000000    0.000000000000    -0.000000000000    0.000000000000
-0.000000034751    1.300024151802    -0.004564315081    0.000464208948    131781.390625000000    131576.687500000000    -131274.500000000000    131781.421875000000    8912.456054687500    0.347548484802    -0.258752524853    0.000051792660    0.000431857450    -0.125443980098    0.002184454352    -0.000000000000    0.000000000000    -0.000000000000    0.000000000000    -0.000000000000    0.000000000000
-0.000000035864    1.300166606903    -0.004711079411    0.000431576918    131748.453125000000    131655.718750000000    -122115.804687500000    131748.484375000000    49203.203125000000    0.403654456139    -0.136306822300    -0.000082106002    0.000426825136    -0.118901550770    -0.033666152507    -0.000000000000    0.000000000000    -0.000000000000    0.000000000000    -0.000000000000    0.000000000000
-0.000000036978    1.300291895866    -0.004857781343    0.000356391625    131670.312500000000    131774.515625000000    -100952.984375000000    131670.343750000000    84693.648437500000    0.419648617506    -0.005366243422    -0.000207498873    0.000381715625    -0.102654971182    -0.065696761012    0.000000000000    0.000000000000    0.000000000000    0.000000000000    0.000000000000    0.000000000000
-0.000000038092    1.300387978554    -0.005004374310    0.000245994597    131552.187500000000    131923.093750000000    -69855.296875000000    131552.218750000000    111910.406250000000    0.396651446819    0.121198765934    -0.000312479184    0.000301738328    -0.078386366367    -0.091563098133    0.000000000000    0.000000000000    0.000000000000    0.000000000000    0.000000000000    0.000000000000
-0.000000039206    1.300445079803    -0.005150817335    0.000111173336    131403.687500000000    132090.218750000000    -31862.750000000000    131403.703125000000    128189.671875000000    0.339654386044    0.232606455684    -0.000387857523    0.000195532892    -0.048184920102    -0.109548032284    0.000000000000    0.000000000000    0.000000000000    0.000000000000    0.000000000000    0.000000000000
-0.000000040320    1.300457715988    -0.005297083873    -0.000034893463    131238.218750000000    132264.812500000000    9311.228515625000    131238.234375000000    131936.671875000000    0.255980849266    0.321101665497    -0.000428042404    0.000073775722    -0.014358285815    -0.118524968624    0.000000000000    0.000000000000    0.000000000000    0.000000000000    0.000000000000    0.000000000000
-0.000000041433    1.300424575806    -0.005443164147    -0.000177923532    131071.679687500000    132436.625000000000    49642.070312500000    131071.679687500000    122780.812500000000    0.153822287917    0.381970643997    -0.000431200984    -0.000052275842    0.020662866533    -0.117911279202    0.000000000000    0.000000000000    0.000000000000    0.000000000000    0.000000000000    0.000000000000
-0.000000042547    1.300348758698    -0.005589066539    -0.000303926121    130920.992187500000    132595.953125000000    85186.296875000000    130920.984375000000    101611.953125000000    0.041119977832    0.412933260202    -0.000398852513    -0.000172070388    0.054368294775    -0.107642836869    0.000000000000    0.000000000000    0.000000000000    0.000000000000    0.000000000000    0.000000000000
-0.000000043661    1.300237774849    -0.005734817125    -0.000400569174    130802.375000000000    132733.015625000000    112466.007812500000    130802.367187500000    70494.390625000000    -0.074780039489    0.413289904594    -0.000335096353    -0.000276548817    0.084207102656    -0.088228054345    0.000000000000    0.000000000000    0.000000000000    0.000000000000    0.000000000000    0.000000000000
-0.000000044775    1.300102233887    -0.005880460143    -0.000458385824    130729.617187500000    132837.125000000000    128808.523437500000    130729.609375000000    32466.500000000000    -0.186935678124    0.383307546377    -0.000245803094    -0.000358489313    0.107689000666    -0.060836367309    0.000000000000    0.000000000000    0.000000000000    0.000000000000    0.000000000000    0.000000000000
-0.000000045889    1.299955606461    -0.006026051939    -0.000471702282    130712.515625000000    132896.968750000000    132608.328125000000    130712.500000000000    -8754.636718750000    -0.288353532553    0.324069619179    -0.000137955270    -0.000412519701    0.122570343316    -0.027371402830    0.000000000000    0.000000000000    0.000000000000    0.000000000000    0.000000000000    0.000000000000
-0.000000047003    1.299811959267    -0.006171658169    -0.000439196854    130755.617187500000    132902.328125000000    123485.734375000000    130755.609375000000    -49135.621093750000    -0.371618449688    0.237961381674    -0.000019316431    -0.000434963789    0.127135664225    0.009527338669    0.000000000000    0.000000000000    0.000000000000    0.000000000000    0.000000000000    0.000000000000
-0.000000048116    1.299685120583    -0.006317345891    -0.000364033738    130857.585937500000    132846.859375000000    102326.125000000000    130857.578125000000    -84721.085937500000    -0.429090291262    0.129423499107    0.000101705773    -0.000423826452    0.120501264930    0.046631690115    0.000000000000    0.000000000000    0.000000000000    0.000000000000    0.000000000000    0.000000000000
-0.000000049230    1.299587726593    -0.006463176571    -0.000253557693    131010.921875000000    132731.265625000000    71195.265625000000    131010.921875000000    -112021.554687500000    -0.452780872583    0.006239756942    0.000215528635    -0.000378252385    0.102862104774    0.080397360027    0.000000000000    0.000000000000    0.000000000000    0.000000000000    0.000000000000    0.000000000000
-0.000000050344    1.299529194832    -0.006609200500    -0.000118578289    131202.531250000000    132565.421875000000    33138.660156250000    131202.546875000000    -128356.640625000000    -0.439132332802    -0.121805220842    0.000313288096    -0.000301637803    0.075639545918    0.107466481626    0.000000000000    0.000000000000    0.000000000000    0.000000000000    0.000000000000    0.000000000000
-0.000000051458    1.299515128136    -0.006755451672    0.000027687354    131414.796875000000    132368.531250000000    -8116.285156250000    131414.812500000000    -132119.484375000000    -0.386659979820    -0.243076741695    0.000386592408    -0.000198873298    0.041348516941    0.125056236982    0.000000000000    0.000000000000    0.000000000000    0.000000000000    0.000000000000    0.000000000000
-0.000000052572    1.299546957016    -0.006901940797    0.000170909421    131627.156250000000    132166.437500000000    -48526.097656250000    131627.171875000000    -122935.695312500000    -0.297894269228    -0.344886779785    0.000427972991    -0.000077277873    0.003343969584    0.131378903985    0.000000000000    0.000000000000    0.000000000000    0.000000000000    0.000000000000    0.000000000000
-0.000000053685    1.299621462822    -0.007048657164    0.000297050807    131818.140625000000    131987.578125000000    -84128.695312500000    131818.171875000000    -101700.945312500000    -0.180104643106    -0.415510207415    0.000432066910    0.000053290776    -0.034616205841    0.125893905759    0.000000000000    0.000000000000    0.000000000000    0.000000000000    0.000000000000    0.000000000000
-0.000000054799    1.299731254578    -0.007195564453    0.000393744151    131967.578125000000    131858.171875000000    -111432.984375000000    131967.609375000000    -70493.023437500000    -0.044925108552    -0.446009457111    0.000396528980    0.000180950097    -0.068863540888    0.109353192151    -0.000000000000    0.000000000000    -0.000000000000    0.000000000000    -0.000000000000    0.000000000000
-0.000000055913    1.299865603447    -0.007342607714    0.000451504719    132058.640625000000    131797.968750000000    -127761.695312500000    132058.671875000000    -32367.441406250000    0.092333361506    -0.431636571884    0.000322708278    0.000292288722    -0.096260428429    0.083642892540    -0.000000000000    0.000000000000    -0.000000000000    0.000000000000    -0.000000000000    0.000000000000
-0.000000057027    1.300011038780    -0.007489713375    0.000464659737    132079.718750000000    131817.421875000000    -131513.703125000000    132079.750000000000    8943.037109375000    0.217255592346    -0.375661671162    0.000218183297    0.000376308075    -0.114611461759    0.051461249590    -0.000000000000    0.000000000000    -0.000000000000    0.000000000000    -0.000000000000    0.000000000000
-0.000000058141    1.300153493881    -0.007636801340    0.000431903056    132025.890625000000    131916.859375000000    -122320.085937500000    132025.921875000000    49394.855468750000    0.317335188389    -0.285254627466    0.000093175491    0.000424569764    -0.122724071145    0.015881564468    -0.000000000000    0.000000000000    -0.000000000000    0.000000000000    -0.000000000000    0.000000000000
-0.000000059254    1.300279021263    -0.007783788256    0.000356421690    131899.578125000000    132087.234375000000    -101079.007812500000    131899.609375000000    85029.820312500000    0.383889913559    -0.171147972345    -0.000039850467    0.000432651199    -0.120396152139    -0.020008530468    -0.000000000000    0.000000000000    -0.000000000000    0.000000000000    -0.000000000000    0.000000000000
-0.000000060368    1.300375103951    -0.007930599153    0.000245582778    131710.640625000000    132312.265625000000    -69866.500000000000    131710.671875000000    112361.953125000000    0.412853002548    -0.045628458261    -0.000167891369    0.000400635006    -0.108253046870    -0.053386643529    0.000000000000    0.000000000000    0.000000000000    0.000000000000    0.000000000000    0.000000000000
-0.000000061482    1.300432205200    -0.008077171631    0.000110212131    131475.671875000000    132571.265625000000    -31732.613281250000    131475.687500000000    128717.445312500000    0.404552251101    0.079409793019    -0.000279089261    0.000332834374    -0.087542094290    -0.081849157810    0.000000000000    0.000000000000    0.000000000000    0.000000000000    0.000000000000    0.000000000000
-0.000000062596    1.300444602966    -0.008223466575    -0.000036463913    131216.453125000000    132842.031250000000    9596.792968750000    131216.468750000000    132494.937500000000    0.362661242485    0.193939492106    -0.000364092411    0.000236857915    -0.059943467379    -0.103450961411    0.000000000000    0.000000000000    0.000000000000    0.000000000000    0.000000000000    0.000000000000
-0.000000063710    1.300411224365    -0.008369470946    -0.000180110350    130958.070312500000    133103.390625000000    50083.570312500000    130958.070312500000    123321.328125000000    0.292816996574    0.290401220322    -0.000416785799    0.000122310536    -0.027462217957    -0.116693302989    0.000000000000    0.000000000000    0.000000000000    0.000000000000    0.000000000000    0.000000000000
-0.000000064823    1.300334930420    -0.008515200578    -0.000306683272    130726.398437500000    133336.421875000000    85770.742187500000    130726.390625000000    102088.140625000000    0.201445817947    0.363546639681    -0.000434394693    -0.000000498949    0.007615201175    -0.120532937348    0.000000000000    0.000000000000    0.000000000000    0.000000000000    0.000000000000    0.000000000000
-0.000000065937    1.300223350525    -0.008660698310    -0.000403801561    130545.570312500000    133525.000000000000    113168.187500000000    130545.562500000000    70865.328125000000    0.094999119639    0.409828960896    -0.000417115982    -0.000121644422    0.042741842568    -0.114428341389    0.000000000000    0.000000000000    0.000000000000    0.000000000000    0.000000000000    0.000000000000
-0.000000067051    1.300087094307    -0.008806030266    -0.000461957505    130435.476562500000    133655.281250000000    129593.304687500000    130435.460937500000    32700.427734375000    -0.020043037832    0.426738500595    -0.000367490109    -0.000232181803    0.075164645910    -0.098472893238    0.000000000000    0.000000000000    0.000000000000    0.000000000000    0.000000000000    0.000000000000
-0.000000068165    1.299939274788    -0.008951286785    -0.000475448323    130409.570312500000    133715.656250000000    133433.812500000000    130409.554687500000    -8677.712890625000    -0.136814594269    0.412508547306    -0.000289815303    -0.000324417691    0.102069750428    -0.073534891009    0.000000000000    0.000000000000    0.000000000000    0.000000000000    0.000000000000    0.000000000000
-0.000000069279    1.299794435501    -0.009096564725    -0.000442937424    130473.304687500000    133697.421875000000    124306.765625000000    130473.296875000000    -49222.320312500000    -0.247575372458    0.366372883320    -0.000189757528    -0.000391928421    0.120835080743    -0.041362404823    0.000000000000    0.000000000000    0.000000000000    0.000000000000    0.000000000000    0.000000000000
-0.000000070392    1.299666643143    -0.009241961874    -0.000367589324    130623.335937500000    133596.796875000000    103098.054687500000    130623.328125000000    -84964.125000000000    -0.343538314104    0.289345741272    -0.000074223979    -0.000429565087    0.129367083311    -0.004577185959    0.000000000000    0.000000000000    0.000000000000    0.000000000000    0.000000000000    0.000000000000
-0.000000071506    1.299568414688    -0.009387568571    -0.000256764499    130847.492187500000    133417.546875000000    71877.656250000000    130847.492187500000    -112400.398437500000    -0.413997530937    0.185476988554    0.000048254522    -0.000432532368    0.126445308328    0.033474411815    0.000000000000    0.000000000000    0.000000000000    0.000000000000    0.000000000000    0.000000000000
-0.000000072620    1.299509167671    -0.009533458389    -0.000121301928    131125.750000000000    133173.312500000000    33698.558593750000    131125.765625000000    -128839.218750000000    -0.452305853367    0.062317393720    0.000168280574    -0.000400878984    0.112056687474    0.069145798683    0.000000000000    0.000000000000    0.000000000000    0.000000000000    0.000000000000    0.000000000000
-0.000000073734    1.299494624138    -0.009679676034    0.000025540288    131432.062500000000    132888.187500000000    -7701.615234375000    131432.078125000000    -132664.843750000000    -0.452223509550    -0.070042580366    0.000276214501    -0.000335553719    0.087415911257    0.098877988756    0.000000000000    0.000000000000    0.000000000000    0.000000000000    0.000000000000    0.000000000000
-0.000000074848    1.299526095390    -0.009826236404    0.000169383347    131736.687500000000    132594.625000000000    -48267.203125000000    131736.703125000000    -123497.414062500000    -0.411026924849    -0.198929965496    0.000362307095    -0.000240309222    0.054906278849    0.119697920978    0.000000000000    0.000000000000    0.000000000000    0.000000000000    0.000000000000    0.000000000000
-0.000000075961    1.299600243568    -0.009973121807    0.000296137208    132009.078125000000    132329.281250000000    -84022.914062500000    132009.109375000000    -102231.054687500000    -0.330759227276    -0.310661017895    0.000417723088    -0.000122075886    0.017776872963    0.129626303911    0.000000000000    0.000000000000    0.000000000000    0.000000000000    0.000000000000    0.000000000000
-0.000000077075    1.299710035324    -0.010120278224    0.000393382070    132221.109375000000    132127.531250000000    -111464.492187500000    132221.140625000000    -70946.109375000000    -0.218525275588    -0.392663657665    0.000435830239    0.000009226889    -0.020301220939    0.127905845642    0.000000000000    0.000000000000    0.000000000000    0.000000000000    0.000000000000    0.000000000000
-0.000000078189    1.299844384193    -0.010267627425    0.000451585918    132349.812500000000    132017.843750000000    -127902.781250000000    132349.843750000000    -32704.531250000000    -0.086509481072    -0.433971136808    0.000412108755    0.000140714372    -0.055684916675    0.115031644702    -0.000000000000    0.000000000000    -0.000000000000    0.000000000000    -0.000000000000    0.000000000000
-0.000000079303    1.299990296364    -0.010415065102    0.000465037738    132379.906250000000    132017.359375000000    -131727.000000000000    132379.937500000000    8751.008789062500    0.050693571568    -0.432055383921    0.000349338719    0.000259269204    -0.085285291076    0.092621423304    -0.000000000000    0.000000000000    -0.000000000000    0.000000000000    -0.000000000000    0.000000000000
-0.000000080417    1.300133109093    -0.010562479496    0.000432405795    132305.562500000000    132129.609375000000    -122561.742187500000    132305.593750000000    49364.468750000000    0.178687974811    -0.388606548309    0.000253608014    0.000353068055    -0.106795720756    0.063044093549    -0.000000000000    0.000000000000    -0.000000000000    0.000000000000    -0.000000000000    0.000000000000
-0.000000081530    1.300258755684    -0.010709754191    0.000356866396    132131.218750000000    132344.437500000000    -101302.523437500000    132131.250000000000    85163.656250000000    0.285246014595    -0.310044407845    0.000134616173    0.000413127884    -0.118809819221    0.029061848298    -0.000000000000    0.000000000000    -0.000000000000    0.000000000000    -0.000000000000    0.000000000000
-0.000000082644    1.300354838371    -0.010856783949    0.000245791744    131871.437500000000    132640.125000000000    -70026.859375000000    131871.468750000000    112648.312500000000    0.361756384373    -0.206072151661    0.000004350572    0.000434383372    -0.120793014765    -0.006478920579    -0.000000000000    0.000000000000    -0.000000000000    0.000000000000    -0.000000000000    0.000000000000
-0.000000083758    1.300411939621    -0.011003487743    0.000110028210    131549.671875000000    132987.000000000000    -31790.351562500000    131549.687500000000    129131.382812500000    0.403804689646    -0.087735973299    -0.000124601589    0.000416113180    -0.112942442298    -0.040872041136    0.000000000000    0.000000000000    0.000000000000    0.000000000000    0.000000000000    0.000000000000
-0.000000084872    1.300424337387    -0.011149812490    -0.000037163663    131196.171875000000    133351.687500000000    9672.116210937500    131196.187500000000    133000.484375000000    0.410781949759    0.034290790558    -0.000240646317    0.000361605518    -0.096038267016    -0.071661993861    0.000000000000    0.000000000000    0.000000000000    0.000000000000    0.000000000000    0.000000000000
-0.000000085986    1.300390601158    -0.011295742355    -0.000181404117    130845.218750000000    133701.484375000000    50310.687500000000    130845.218750000000    123874.640625000000    0.384875208139    0.150808170438    -0.000334363373    0.000277268700    -0.071338444948    -0.096678398550    0.000000000000    0.000000000000    0.000000000000    0.000000000000    0.000000000000    0.000000000000
-0.000000087099    1.300314068794    -0.011441298760    -0.000308597781    130531.718750000000    134007.296875000000    86155.156250000000    130531.710937500000    102641.382812500000    0.329888284206    0.254449427128    -0.000399138604    0.000171464606    -0.040535904467    -0.114055424929    0.000000000000    0.000000000000    0.000000000000    0.000000000000    0.000000000000    0.000000000000
-0.000000088213    1.300201892853    -0.011586542241    -0.000406309962    130287.789062500000    134245.640625000000    113701.820312500000    130287.781250000000    71370.820312500000    0.250362604856    0.339380472898    -0.000431224820    0.000053396630    -0.005764331669    -0.122293755412    0.000000000000    0.000000000000    0.000000000000    0.000000000000    0.000000000000    0.000000000000
-0.000000089327    1.300064921379    -0.011731564999    -0.000464981829    130139.492187500000    134398.812500000000    130255.382812500000    130139.476562500000    33114.742187500000    0.151235818863    0.400720417500    -0.000429425330    -0.000067732792    0.030405109748    -0.120389923453    0.000000000000    0.000000000000    0.000000000000    0.000000000000    0.000000000000    0.000000000000
-0.000000090441    1.299916505814    -0.011876484379    -0.000478866394    130104.015625000000    134454.750000000000    134192.750000000000    130104.000000000000    -8390.101562500000    0.038098424673    0.434095025063    -0.000394635455    -0.000183179072    0.065036863089    -0.108029939234    0.000000000000    0.000000000000    0.000000000000    0.000000000000    0.000000000000    0.000000000000
-0.000000091555    1.299770951271    -0.012021429837    -0.000446593243    130187.765625000000    134406.796875000000    125122.953125000000    130187.757812500000    -49086.058593750000    -0.082215055823    0.435707181692    -0.000329507253    -0.000284796464    0.095024168491    -0.085791349411    0.000000000000    0.000000000000    0.000000000000    0.000000000000    0.000000000000    0.000000000000
-0.000000092668    1.299642324448    -0.012166534550    -0.000371306553    130385.460937500000    134254.718750000000    103927.234375000000    130385.453125000000    -84990.976562500000    -0.200942412019    0.402871668339    -0.000238256718    -0.000364885724    0.117402113974    -0.055267233402    0.000000000000    0.000000000000    0.000000000000    0.000000000000    0.000000000000    0.000000000000
-0.000000093782    1.299543261528    -0.012311914936    -0.000260361237    130680.289062500000    134006.375000000000    72674.531250000000    130680.289062500000    -112588.312500000000    -0.307068884373    0.335386991501    -0.000127054882    -0.000416080322    0.129732072353    -0.019052192569    0.000000000000    0.000000000000    0.000000000000    0.000000000000    0.000000000000    0.000000000000
-0.000000094896    1.299483180046    -0.012457665056    -0.000124606348    131045.343750000000    133679.828125000000    34420.519531250000    131045.343750000000    -129172.476562500000    -0.391344845295    0.237365961075    -0.000004396203    -0.000434580666    0.130556747317    0.019499355927    0.000000000000    0.000000000000    0.000000000000    0.000000000000    0.000000000000    0.000000000000
-0.000000096010    1.299467802048    -0.012603846379    0.000022675462    131446.046875000000    133304.046875000000    -7091.012695312500    131446.062500000000    -133115.328125000000    -0.443978846073    0.115608572960    0.000120502198    -0.000417403644    0.119591303170    0.056628670543    0.000000000000    0.000000000000    0.000000000000    0.000000000000    0.000000000000    0.000000000000
-0.000000097124    1.299498677254    -0.012750473805    0.000167068240    131843.453125000000    132917.500000000000    -47795.152343750000    131843.468750000000    -124026.960937500000    -0.457421630621    -0.019331216812    0.000237222659    -0.000364128267    0.097853541374    0.088654950261    0.000000000000    0.000000000000    0.000000000000    0.000000000000    0.000000000000    0.000000000000
-0.000000098237    1.299572587013    -0.012897524051    0.000294435216    132198.015625000000    132564.125000000000    -83704.953125000000    132198.046875000000    -102794.593750000000    -0.428081929684    -0.154069125652    0.000334923971    -0.000277596788    0.067552790046    0.112465754151    0.000000000000    0.000000000000    0.000000000000    0.000000000000    0.000000000000    0.000000000000
-0.000000099351    1.299682021141    -0.013044929132    0.000392304355    132473.531250000000    132287.484375000000    -111303.062500000000    132473.562500000000    -71495.476562500000    -0.357529073954    -0.274178892374    0.000403560989    -0.000164297948    0.031777389348    0.125919908285    0.000000000000    0.000000000000    0.000000000000    0.000000000000    0.000000000000    0.000000000000
-0.000000100465    1.299816370010    -0.013192582875    0.000451090164    132640.828125000000    132124.171875000000    -127886.835937500000    132640.859375000000    -33192.617187500000    -0.252574533224    -0.365133345127    0.000434219925    -0.000034212630    -0.005928514525    0.128030300140    0.000000000000    0.000000000000    0.000000000000    0.000000000000    0.000000000000    0.000000000000
-0.000000101579    1.299962401390    -0.013340353034    0.000465031655    132680.875000000000    132098.046875000000    -131832.859375000000    132680.906250000000    8366.191406250000    -0.125525668263    -0.418014377356    0.000423575810    0.000099534955    -0.042065948248    0.119059629738    -0.000000000000    0.000000000000    -0.000000000000    0.000000000000    -0.000000000000    0.000000000000
-0.000000102693    1.300105452538    -0.013488093391    0.000432754954    132586.875000000000    132216.406250000000    -122754.984375000000    132586.906250000000    49116.089843750000    0.009604915977    -0.428995966911    0.000372845039    0.000223624636    -0.073574118316    0.100282654166    -0.000000000000    0.000000000000    -0.000000000000    0.000000000000    -0.000000000000    0.000000000000
-0.000000103806    1.300231456757    -0.013635656796    0.000357405690    132365.171875000000    132468.843750000000    -101540.929687500000    132365.203125000000    85073.101562500000    0.138981819153    -0.399133563042    0.000287382834    0.000325942645    -0.098067194223    0.073695771396    -0.000000000000    0.000000000000    -0.000000000000    0.000000000000    -0.000000000000    0.000000000000
-0.000000104920    1.300328016281    -0.013782910071    0.000246339769    132034.937500000000    132829.187500000000    -70264.195312500000    132034.968750000000    112723.265625000000    0.250836431980    -0.333902716637    0.000176181187    0.000397097872    -0.113923624158    0.041710108519    -0.000000000000    0.000000000000    -0.000000000000    0.000000000000    -0.000000000000    0.000000000000
-0.000000106034    1.300385475159    -0.013929748908    0.000110403009    131626.531250000000    133259.515625000000    -31980.443359375000    131626.546875000000    129365.179687500000    0.336695462465    -0.241718590260    0.000050520604    0.000431432651    -0.120258770883    0.006901908666    -0.000000000000    0.000000000000    -0.000000000000    0.000000000000    -0.000000000000    0.000000000000
-0.000000107148    1.300398111343    -0.014076107182    -0.000037128837    131178.625000000000    133715.640625000000    9571.241210937500    131178.640625000000    133372.671875000000    0.391749054193    -0.132173478603    -0.000077638040    0.000427375373    -0.116826154292    -0.028156416491    -0.000000000000    0.000000000000    -0.000000000000    0.000000000000    -0.000000000000    0.000000000000
-0.000000108262    1.300364375114    -0.014221963473    -0.000181846350    130734.710937500000    134153.046875000000    50333.101562500000    130734.710937500000    124352.828125000000    0.414350688457    -0.014596208930    -0.000197108602    0.000387086504    -0.103929191828    -0.060968637466    0.000000000000    0.000000000000    0.000000000000    0.000000000000    0.000000000000    0.000000000000
-0.000000109376    1.300287842751    -0.014367349446    -0.000309612748    130338.750000000000    134531.796875000000    86324.085937500000    130338.742187500000    103184.125000000000    0.405049622059    0.102739438415    -0.000298519881    0.000315620680    -0.082389898598    -0.089145310223    0.000000000000    0.000000000000    0.000000000000    0.000000000000    0.000000000000    0.000000000000
-0.000000110489    1.300175428391    -0.014512339607    -0.000407943793    130030.906250000000    134819.984375000000    114027.757812500000    130030.898437500000    71931.273437500000    0.365694642067    0.212643384933    -0.000374783063    0.000219942653    -0.053585622460    -0.110463052988    0.000000000000    0.000000000000    0.000000000000    0.000000000000    0.000000000000    0.000000000000
-0.000000111603    1.300038099289    -0.014657051302    -0.000467227364    129843.445312500000    134995.125000000000    130735.335937500000    129843.429687500000    33644.671875000000    0.298887729645    0.308647751808    -0.000421154080    0.000108028187    -0.019490726292    -0.122984543443    0.000000000000    0.000000000000    0.000000000000    0.000000000000    0.000000000000    0.000000000000
-0.000000112717    1.299889087677    -0.014801631682    -0.000481663825    129797.390625000000    135044.031250000000    134810.671875000000    129797.375000000000    -7936.172851562500    0.208031564951    0.384495377541    -0.000434993621    -0.000011741758    0.017313947901    -0.125262483954    0.000000000000    0.000000000000    0.000000000000    0.000000000000    0.000000000000    0.000000000000
-0.000000113831    1.299742698669    -0.014946244657    -0.000449835468    129900.187500000000    134962.187500000000    125851.210937500000    129900.179687500000    -48747.039062500000    0.097904816270    0.433967322111    -0.000415511517    -0.000130843502    0.053738892078    -0.116603016853    0.000000000000    0.000000000000    0.000000000000    0.000000000000    0.000000000000    0.000000000000
-0.000000114945    1.299613118172    -0.015091052279    -0.000374848285    130144.695312500000    134753.546875000000    104729.015625000000    130144.687500000000    -84796.000000000000    -0.024273097515    0.450777769089    -0.000363281026    -0.000240319918    0.086414262652    -0.097299829125    0.000000000000    0.000000000000    0.000000000000    0.000000000000    0.000000000000    0.000000000000
-0.000000116058    1.299512863159    -0.015236202627    -0.000264031492    130509.523437500000    134431.093750000000    73506.898437500000    130509.523437500000    -112554.265625000000    -0.148805558681    0.431072443724    -0.000281603658    -0.000331349060    0.112088367343    -0.068786740303    0.000000000000    0.000000000000    0.000000000000    0.000000000000    0.000000000000    0.000000000000
-0.000000117172    1.299451828003    -0.015381809324    -0.000128222746    130960.945312500000    134018.171875000000    35237.910156250000    130960.945312500000    -129302.609375000000    -0.265442550182    0.374557077885    -0.000176457499    -0.000396955526    0.128080546856    -0.033571168780    0.000000000000    0.000000000000    0.000000000000    0.000000000000    0.000000000000    0.000000000000
-0.000000118286    1.299435615540    -0.015527948737    0.000019291116    131455.921875000000    133549.187500000000    -6333.044921875000    131455.937500000000    -133398.953125000000    -0.362457156181    0.283566743135    -0.000055097484    -0.000430745276    0.132640153170    0.004994586110    0.000000000000    0.000000000000    0.000000000000    0.000000000000    0.000000000000    0.000000000000
-0.000000119400    1.299465775490    -0.015674639493    0.000164074765    131946.328125000000    133068.437500000000    -47136.257812500000    131946.343750000000    -124440.273437500000    -0.428683936596    0.164807781577    0.000073088733    -0.000428188621    0.125251144171    0.043114282191    0.000000000000    0.000000000000    0.000000000000    0.000000000000    0.000000000000    0.000000000000
-0.000000120514    1.299538969994    -0.015821853653    0.000291958509    132383.500000000000    132626.437500000000    -83176.593750000000    132383.531250000000    -103302.578125000000    -0.455484598875    0.029167965055    0.000197025918    -0.000387587177    0.106720104814    0.077046282589    0.000000000000    0.000000000000    0.000000000000    0.000000000000    0.000000000000    0.000000000000
-0.000000121627    1.299648046494    -0.015969501808    0.000390426401    132723.203125000000    132274.015625000000    -110925.703125000000    132723.234375000000    -72054.859375000000    -0.438535153866    -0.109478101134    0.000304937537    -0.000310899515    0.079043745995    0.103591293097    0.000000000000    0.000000000000    0.000000000000    0.000000000000    0.000000000000    0.000000000000
-0.000000122741    1.299782037735    -0.016117457300    0.000449841784    132930.000000000000    132055.171875000000    -127668.031250000000    132930.031250000000    -33755.531250000000    -0.378523588181    -0.235454469919    0.000385044899    -0.000203873162    0.045098450035    0.120449095964    0.000000000000    0.000000000000    0.000000000000    0.000000000000    0.000000000000    0.000000000000
-0.000000123855    1.299927592278    -0.016265558079    0.000464389712    132981.015625000000    132000.031250000000    -131766.515625000000    132981.046875000000    7848.102539062500    -0.282708108425    -0.334868460894    0.000428367290    -0.000076885844    0.008218809962    0.126461118460    0.000000000000    0.000000000000    0.000000000000    0.000000000000    0.000000000000    0.000000000000
-0.000000124969    1.300070643425    -0.016413623467    0.000432644039    132868.406250000000    132119.796875000000    -122821.695312500000    132868.437500000000    48687.449218750000    -0.162686839700    -0.398958861828    0.000431065244    0.000057170259    -0.028269790113    0.121589779854    0.000000000000    0.000000000000    0.000000000000    0.000000000000    0.000000000000    0.000000000000
-0.000000126083    1.300196766853    -0.016561476514    0.000357704761    132600.375000000000    132404.453125000000    -101709.562500000000    132600.406250000000    84770.867187500000    -0.031641744077    -0.423162341118    0.000393237773    0.000185029436    -0.061373576522    0.106738366187    -0.000000000000    0.000000000000    -0.000000000000    0.000000000000    -0.000000000000    0.000000000000
-0.000000127196    1.300293445587    -0.016708955169    0.000246892421    132200.609375000000    132824.218750000000    -70494.578125000000    132200.640625000000    112573.476562500000    0.097410030663    -0.407818406820    0.000319415471    0.000294497673    -0.088642008603    0.083491697907    -0.000000000000    0.000000000000    -0.000000000000    0.000000000000    -0.000000000000    0.000000000000
-0.000000128310    1.300351142883    -0.016855934635    0.000111031019    131706.234375000000    133333.859375000000    -32226.976562500000    131706.250000000000    129380.601562500000    0.213321954012    -0.357277214527    0.000217705441    0.000375911419    -0.108240060508    0.053876560181    -0.000000000000    0.000000000000    -0.000000000000    0.000000000000    -0.000000000000    0.000000000000
-0.000000129424    1.300364017487    -0.017002329230    -0.000036609941    131164.343750000000    133878.984375000000    9355.514648437500    131164.359375000000    133551.718750000000    0.307834357023    -0.278412073851    0.000098451288    0.000423083722    -0.118918806314    0.020170569420    -0.000000000000    0.000000000000    -0.000000000000    0.000000000000    -0.000000000000    0.000000000000
-0.000000130538    1.300330758095    -0.017148118466    -0.000181611322    130627.593750000000    134403.531250000000    50192.304687500000    130627.593750000000    124679.781250000000    0.375682145357    -0.179155647755    -0.000027216818    0.000433549925    -0.119974963367    -0.015199160203    -0.000000000000    0.000000000000    -0.000000000000    0.000000000000    -0.000000000000    0.000000000000
-0.000000131652    1.300254225731    -0.017293335870    -0.000309811527    130148.968750000000    134856.281250000000    86295.656250000000    130148.960937500000    103630.515625000000    0.414055228233    -0.067357406020    -0.000148682651    0.000408230961    -0.111227609217    -0.049702778459    0.000000000000    0.000000000000    0.000000000000    0.000000000000    0.000000000000    0.000000000000
-0.000000132765    1.300141572952    -0.017438076437    -0.000408688677    129776.687500000000    135196.109375000000    114139.250000000000    129776.679687500000    72458.453125000000    0.421782106161    0.049619071186    -0.000256675296    0.000350712537    -0.093071579933    -0.080747403204    0.000000000000    0.000000000000    0.000000000000    0.000000000000    0.000000000000    0.000000000000
-0.000000133879    1.300003886223    -0.017582479864    -0.000468583487    129549.304687500000    135394.593750000000    131002.187500000000    129549.289062500000    34207.203125000000    0.398646235466    0.164795100689    -0.000343693275    0.000266421353    -0.066560082138    -0.105764493346    0.000000000000    0.000000000000    0.000000000000    0.000000000000    0.000000000000    0.000000000000
-0.000000134993    1.299854278564    -0.017726723105    -0.000483643729    129491.710937500000    135436.578125000000    135235.031250000000    129491.695312500000    -7386.623046875000    0.345296114683    0.271022230387    -0.000403978396    0.000162008815    -0.033505022526    -0.122404530644    0.000000000000    0.000000000000    0.000000000000    0.000000000000    0.000000000000    0.000000000000
-0.000000136107    1.299707412720    -0.017871001735    -0.000452398206    129612.460937500000    135319.187500000000    126421.898437500000    129612.453125000000    -48257.585937500000    0.263613492250    0.360660344362    -0.000433428795    0.000044959539    0.003520082682    -0.128802567720    0.000000000000    0.000000000000    0.000000000000    0.000000000000    0.000000000000    0.000000000000
-0.000000137221    1.299577236176    -0.018015509471    -0.000377902936    129902.648437500000    135050.812500000000    105422.578125000000    129902.640625000000    -84408.578125000000    0.157880336046    0.424550861120    -0.000428618805    -0.000076123077    0.041281957179    -0.123897425830    0.000000000000    0.000000000000    0.000000000000    0.000000000000    0.000000000000    0.000000000000
-0.000000138334    1.299476385117    -0.018160426989    -0.000267444906    130336.406250000000    134650.343750000000    74289.640625000000    130336.406250000000    -112302.140625000000    0.035390675068    0.456250309944    -0.000389893859    -0.000192023086    0.076232001185    -0.107738025486    0.000000000000    0.000000000000    0.000000000000    0.000000000000    0.000000000000    0.000000000000
-0.000000139448    1.299414515495    -0.018305886537    -0.000131830893    130873.265625000000    134147.500000000000    36068.578125000000    130873.265625000000    -129207.640625000000    -0.094551697373    0.450913488865    -0.000319556362    -0.000293939636    0.104901835322    -0.081571601331    0.000000000000    0.000000000000    0.000000000000    0.000000000000    0.000000000000    0.000000000000
-0.000000140562    1.299397349358    -0.018451979384    0.000015669322    131461.812500000000    133582.906250000000    -5499.916015625000    131461.828125000000    -133469.656250000000    -0.220215111971    0.406019270420    -0.000221722497    -0.000373124640    0.124354675412    -0.047796733677    0.000000000000    0.000000000000    0.000000000000    0.000000000000    0.000000000000    0.000000000000
-0.000000141676    1.299426436424    -0.018598727882    0.000160622061    132044.812500000000    133007.062500000000    -46346.578125000000    132044.828125000000    -124671.062500000000    -0.328660666943    0.323278605938    -0.000103198305    -0.000421703502    0.132612735033    -0.009706739336    0.000000000000    0.000000000000    0.000000000000    0.000000000000    0.000000000000    0.000000000000
-0.000000142790    1.299498796463    -0.018746094778    0.000288843643    132564.515625000000    132476.796875000000    -82472.875000000000    132564.546875000000    -103674.132812500000    -0.407601267099    0.209239229560    0.000026548256    -0.000433724548    0.128935694695    0.028930407017    0.000000000000    0.000000000000    0.000000000000    0.000000000000    0.000000000000    0.000000000000
-0.000000143903    1.299607038498    -0.018893981352    0.000387789623    132968.671875000000    132049.546875000000    -110343.351562500000    132968.703125000000    -72535.687500000000    -0.447514474392    0.074931964278    0.000155943766    -0.000406301464    0.113897591829    0.064373292029    0.000000000000    0.000000000000    0.000000000000    0.000000000000    0.000000000000    0.000000000000
-0.000000145017    1.299740552902    -0.019042236730    0.000447782688    133215.546875000000    131775.718750000000    -127232.195312500000    133215.578125000000    -34304.593750000000    -0.443184852600    -0.065336495638    0.000272269506    -0.000340336555    0.089239031076    0.093371123075    0.000000000000    0.000000000000    0.000000000000    0.000000000000    0.000000000000    0.000000000000
-0.000000146131    1.299885988235    -0.019190663472    0.000462958444    133278.390625000000    131691.062500000000    -131489.812500000000    133278.421875000000    7277.897460937500    -0.394740194082    -0.195267349482    0.000362535910    -0.000241013287    0.057571899146    0.113504625857    0.000000000000    0.000000000000    0.000000000000    0.000000000000    0.000000000000    0.000000000000
-0.000000147245    1.300028681755    -0.019339054823    0.000431836816    133148.234375000000    131810.375000000000    -122702.953125000000    133148.265625000000    48145.183593750000    -0.309915512800    -0.302361220121    0.000418319658    -0.000119075077    0.021960649639    0.123443722725    0.000000000000    0.000000000000    0.000000000000    0.000000000000    0.000000000000    0.000000000000
-0.000000148359    1.300154685974    -0.019487200305    0.000357464014    132835.015625000000    132124.250000000000    -101733.781250000000    132835.046875000000    84303.328125000000    -0.198945343494    -0.377173781395    0.000434460322    0.000013299890    -0.014477796853    0.122825339437    0.000000000000    0.000000000000    0.000000000000    0.000000000000    0.000000000000    0.000000000000
-0.000000149472    1.300251364708    -0.019634904340    0.000247111660    132366.875000000000    132599.937500000000    -70634.164062500000    132366.906250000000    112221.015625000000    -0.073947027326    -0.414793998003    0.000410261739    0.000143116253    -0.048850819468    0.112143874168    -0.000000000000    0.000000000000    -0.000000000000    0.000000000000    -0.000000000000    0.000000000000
-0.000000150586    1.300309300423    -0.019782021642    0.000111564135    131787.656250000000    133185.718750000000    -32444.205078125000    131787.671875000000    129173.562500000000    0.053093135357    -0.414738327265    0.000349315873    0.000258288550    -0.078657165170    0.092543587089    -0.000000000000    0.000000000000    -0.000000000000    0.000000000000    -0.000000000000    0.000000000000
-0.000000151700    1.300322413445    -0.019928457215    -0.000035936067    131152.703125000000    133817.921875000000    9105.128906250000    131152.718750000000    133507.812500000000    0.171801835299    -0.380021899939    0.000258658722    0.000349017966    -0.101843371987    0.065638668835    -0.000000000000    0.000000000000    -0.000000000000    0.000000000000    -0.000000000000    0.000000000000
-0.000000152814    1.300289273262    -0.020074181259    -0.000180981704    130523.773437500000    134429.421875000000    49956.019531250000    130523.773437500000    124802.523437500000    0.274158269167    -0.315802514553    0.000147510844    0.000408627529    -0.116796888411    0.033392474055    -0.000000000000    0.000000000000    -0.000000000000    0.000000000000    -0.000000000000    0.000000000000
-0.000000153928    1.300212740898    -0.020219240338    -0.000309407042    129962.851562500000    134957.859375000000    86119.304687500000    129962.843750000000    103909.062500000000    0.354404926300    -0.228191316128    0.000025988375    0.000433734502    -0.122355110943    -0.001926768571    -0.000000000000    0.000000000000    -0.000000000000    0.000000000000    -0.000000000000    0.000000000000
-0.000000155041    1.300100445747    -0.020363735035    -0.000408670574    129526.140625000000    135352.328125000000    114063.281250000000    129526.132812500000    72868.578125000000    0.408481895924    -0.123448982835    -0.000096008676    0.000423939171    -0.117851771414    -0.037766512483    0.000000000000    0.000000000000    0.000000000000    0.000000000000    0.000000000000    0.000000000000
-0.000000156155    1.299962759018    -0.020507836714    -0.000469079474    129258.484375000000    135577.562500000000    131058.218750000000    129258.468750000000    34713.492187500000    0.433377146721    -0.007981494069    -0.000209408317    0.000381232385    -0.103255987167    -0.071339651942    0.000000000000    0.000000000000    0.000000000000    0.000000000000    0.000000000000    0.000000000000
-0.000000157269    1.299813151360    -0.020651746541    -0.000484737277    129188.687500000000    135615.218750000000    135443.265625000000    129188.671875000000    -6827.702148437500    0.426799625158    0.111371301115    -0.000306296337    0.000309417432    -0.079310014844    -0.099760919809    0.000000000000    0.000000000000    0.000000000000    0.000000000000    0.000000000000    0.000000000000
-0.000000158383    1.299665808678    -0.020795695484    -0.000454121415    129326.453125000000    135463.328125000000    126789.617187500000    129326.445312500000    -47693.949218750000    0.387442231178    0.226778537035    -0.000379917969    0.000213736435    -0.047656003386    -0.120297819376    0.000000000000    0.000000000000    0.000000000000    0.000000000000    0.000000000000    0.000000000000
-0.000000159497    1.299535155296    -0.020939908922    -0.000380234065    129661.179687500000    135134.453125000000    105943.625000000000    129661.171875000000    -83888.468750000000    0.315496504307    0.327521741390    -0.000423225923    0.000100701451    -0.010864645243    -0.130683496594    0.000000000000    0.000000000000    0.000000000000    0.000000000000    0.000000000000    0.000000000000
-0.000000160610    1.299433588982    -0.021084591746    -0.000270310091    130162.625000000000    134653.890625000000    74944.976562500000    130162.625000000000    -111870.132812500000    0.215456590056    0.405848771334    -0.000433847046    -0.000020921510    0.027784261853    -0.129583239555    0.000000000000    0.000000000000    0.000000000000    0.000000000000    0.000000000000    0.000000000000
-0.000000161724    1.299370884895    -0.021229906008    -0.000135110517    130783.656250000000    134058.609375000000    36827.824218750000    130783.656250000000    -128900.843750000000    0.093726061285    0.453069716692    -0.000409938220    -0.000142295583    0.064595378935    -0.116769023240    0.000000000000    0.000000000000    0.000000000000    0.000000000000    0.000000000000    0.000000000000
-0.000000162838    1.299352884293    -0.021375950426    0.000012130600    131464.656250000000    133396.593750000000    -4676.015625000000    131464.671875000000    -133314.625000000000    -0.039937928319    0.462162166834    -0.000351787952    -0.000253791688    0.095910817385    -0.093285746872    0.000000000000    0.000000000000    0.000000000000    0.000000000000    0.000000000000    0.000000000000
-0.000000163952    1.299381256104    -0.021522754803    0.000157002170    132139.281250000000    132725.218750000000    -45502.976562500000    132139.296875000000    -124681.453125000000    -0.172930866480    0.429515361786    -0.000262493268    -0.000345478504    0.118601582944    -0.061389707029    0.000000000000    0.000000000000    0.000000000000    0.000000000000    0.000000000000    0.000000000000
-0.000000165066    1.299452662468    -0.021670278162    0.000285327929    132740.859375000000    132107.937500000000    -81656.492187500000    132740.890625000000    -103849.531250000000    -0.291312575340    0.356254696846    -0.000148371400    -0.000408122258    0.130495771766    -0.024265218526    0.000000000000    0.000000000000    0.000000000000    0.000000000000    0.000000000000    0.000000000000
-0.000000166180    1.299560070038    -0.021818399429    0.000384555053    133209.109375000000    131608.359375000000    -109599.101562500000    133209.140625000000    -72861.468750000000    -0.381918787956    0.248714596033    -0.000018882369    -0.000434478367    0.130639880896    0.014409812167    0.000000000000    0.000000000000    0.000000000000    0.000000000000    0.000000000000    0.000000000000
-0.000000167293    1.299692630768    -0.021966947243    0.000444982434    133496.093750000000    131282.531250000000    -126599.062500000000    133496.125000000000    -34753.074218750000    -0.434559851885    0.117860227823    0.000114079587    -0.000420577504    0.119355052710    0.050955668092    0.000000000000    0.000000000000    0.000000000000    0.000000000000    0.000000000000    0.000000000000
-0.000000168407    1.299837350845    -0.022115698084    0.000460708630    133571.187500000000    131170.890625000000    -130997.335937500000    133571.218750000000    6745.095703125000    -0.442412853241    -0.021348863840    0.000236556589    -0.000365648099    0.098081588745    0.082096360624    0.000000000000    0.000000000000    0.000000000000    0.000000000000    0.000000000000    0.000000000000
-0.000000169521    1.299979567528    -0.022264411673    0.000430206390    133424.250000000000    131291.109375000000    -122368.617187500000    133424.281250000000    47573.882812500000    -0.407313406467    -0.154063880444    0.000336303608    -0.000276004575    0.069119289517    0.105376951396    0.000000000000    0.000000000000    0.000000000000    0.000000000000    0.000000000000    0.000000000000
-0.000000170635    1.300105452538    -0.022412836552    0.000356468547    133066.906250000000    131634.187500000000    -101561.312500000000    133066.937500000000    83742.796875000000    -0.335172355175    -0.267581045628    0.000403848186    -0.000160997733    0.035207755864    0.119230136275    0.000000000000    0.000000000000    0.000000000000    0.000000000000    0.000000000000    0.000000000000
-0.000000171749    1.300202131271    -0.022560762241    0.000246711861    132531.656250000000    132164.656250000000    -70613.101562500000    132531.687500000000    111719.671875000000    -0.235150903463    -0.352510690689    0.000433375855    -0.000032265583    -0.000782333314    0.122963547707    0.000000000000    0.000000000000    0.000000000000    0.000000000000    0.000000000000    0.000000000000
-0.000000172862    1.300260066986    -0.022708017379    0.000111669324    131868.921875000000    132824.984375000000    -32550.771484375000    131868.937500000000    128774.710937500000    -0.118087373674    -0.403582870960    0.000423366961    0.000097670214    -0.036083500832    0.116645276546    -0.000000000000    0.000000000000    -0.000000000000    0.000000000000    -0.000000000000    0.000000000000
-0.000000173976    1.300273299217    -0.022854492068    -0.000035460176    131142.234375000000    133543.093750000000    8905.861328125000    131142.250000000000    133245.812500000000    0.005280479789    -0.419384181499    0.000376370997    0.000217030771    -0.068155810237    0.100952520967    -0.000000000000    0.000000000000    -0.000000000000    0.000000000000    -0.000000000000    0.000000000000
-0.000000175090    1.300240397453    -0.023000152782    -0.000180301271    130422.312500000000    134241.703125000000    49706.984375000000    130422.312500000000    124699.851562500000    0.125493973494    -0.401408314705    0.000298177998    0.000316022633    -0.094728626311    0.077063731849    -0.000000000000    0.000000000000    -0.000000000000    0.000000000000    -0.000000000000    0.000000000000
-0.000000176204    1.300164461136    -0.023145047948    -0.000308705727    129780.031250000000    134847.718750000000    85867.593750000000    129780.023437500000    103974.375000000000    0.234777286649    -0.352928698063    0.000196704044    0.000387513835    -0.113826915622    0.046618498862    -0.000000000000    0.000000000000    -0.000000000000    0.000000000000    -0.000000000000    0.000000000000
-0.000000177318    1.300052404404    -0.023289302364    -0.000408133492    129279.539062500000    135300.437500000000    113855.984375000000    129279.531250000000    73096.046875000000    0.326827973127    -0.278098821640    0.000080882266    0.000427177409    -0.123832061887    0.011718414724    -0.000000000000    0.000000000000    -0.000000000000    0.000000000000    -0.000000000000    0.000000000000
-0.000000178431    1.299915075302    -0.023433102295    -0.000468877523    128971.882812500000    135557.000000000000    130938.382812500000    128971.867187500000    35083.398437500000    0.396267294884    -0.181587487459    -0.000040189880    0.000433223235    -0.123611956835    -0.025072012097    -0.000000000000    0.000000000000    -0.000000000000    0.000000000000    -0.000000000000    0.000000000000
-0.000000179545    1.299765467644    -0.023576682433    -0.000485012337    128889.734375000000    135594.890625000000    135446.281250000000    128889.718750000000    -6347.174804687500    0.438212275505    -0.068821594119    -0.000157723829    0.000405977771    -0.112719707191    -0.060794726014    0.000000000000    0.000000000000    0.000000000000    0.000000000000    0.000000000000    0.000000000000
-0.000000180659    1.299618124962    -0.023720303550    -0.000454974506    129043.992187500000    135411.953125000000    126940.328125000000    129043.984375000000    -47143.976562500000    0.447881400585    0.053123444319    -0.000263084308    0.000347236695    -0.091593086720    -0.092266120017    0.000000000000    0.000000000000    0.000000000000    0.000000000000    0.000000000000    0.000000000000
-0.000000181773    1.299487233162    -0.023864224553    -0.000381716702    129422.375000000000    135024.281250000000    106254.398437500000    129422.367187500000    -83316.085937500000    0.422081679106    0.174795299768    -0.000347746362    0.000260884641    -0.061716478318    -0.116402514279    0.000000000000    0.000000000000    0.000000000000    0.000000000000    0.000000000000    0.000000000000
-0.000000182887    1.299385190010    -0.024008676410    -0.000272420002    129990.351562500000    134463.609375000000    75414.664062500000    129990.351562500000    -111324.289062500000    0.361458361149    0.287163853645    -0.000405942847    0.000153692774    -0.025585312396    -0.130670502782    0.000000000000    0.000000000000    0.000000000000    0.000000000000    0.000000000000    0.000000000000
-0.000000184000    1.299321889877    -0.024153843522    -0.000137791692    130694.242187500000    133774.875000000000    37441.906250000000    130694.242187500000    -128428.289062500000    0.268343985081    0.379592657089    -0.000432406814    0.000032958189    0.013481603935    -0.133394956589    0.000000000000    0.000000000000    0.000000000000    0.000000000000    0.000000000000    0.000000000000
-0.000000185114    1.299303174019    -0.024299837649    0.000008983139    131466.281250000000    133014.453125000000    -3944.345703125000    131466.296875000000    -132955.968750000000    0.148940384388    0.441695004702    -0.000423558085    -0.000092364513    0.051694951952    -0.124096989632    0.000000000000    0.000000000000    0.000000000000    0.000000000000    0.000000000000    0.000000000000
-0.000000186228    1.299330472946    -0.024446694180    0.000153533590    132231.171875000000    132247.750000000000    -44690.648437500000    132231.187500000000    -124467.718750000000    0.013409465551    0.465108782053    -0.000378283585    -0.000211939259    0.085277155042    -0.103620149195    0.000000000000    0.000000000000    0.000000000000    0.000000000000    0.000000000000    0.000000000000
-0.000000187342    1.299401044846    -0.024594366550    0.000281711313    132913.406250000000    131545.359375000000    -80807.570312500000    132913.437500000000    -103799.406250000000    -0.124984785914    0.445283472538    -0.000298694184    -0.000314798410    0.110962271690    -0.074039407074    0.000000000000    0.000000000000    0.000000000000    0.000000000000    0.000000000000    0.000000000000
-0.000000188456    1.299507498741    -0.024742718786    0.000380976562    133444.828125000000    130977.156250000000    -108761.125000000000    133444.859375000000    -72979.656250000000    -0.251595556736    0.382771432400    -0.000190572042    -0.000390535977    0.126412749290    -0.038370151073    0.000000000000    0.000000000000    0.000000000000    0.000000000000    0.000000000000    0.000000000000
-0.000000189569    1.299639225006    -0.024891553447    0.000441625394    133771.343750000000    130604.312500000000    -125818.914062500000    133771.375000000000    -35029.765625000000    -0.352659046650    0.283564269543    -0.000063233398    -0.000430780114    0.130463361740    -0.000136416405    0.000000000000    0.000000000000    0.000000000000    0.000000000000    0.000000000000    0.000000000000
-0.000000190683    1.299783110619    -0.025040620938    0.000457737682    133858.500000000000    130470.945312500000    -130317.117187500000    133858.531250000000    6333.471679687500    -0.416629374027    0.158534750342    0.000071037917    -0.000429857027    0.123152464628    0.037079945207    0.000000000000    0.000000000000    0.000000000000    0.000000000000    0.000000000000    0.000000000000
-0.000000191797    1.299924731255    -0.025189645588    0.000427753141    133695.015625000000    130596.710937500000    -121822.007812500000    133695.046875000000    47062.671875000000    -0.437730967999    0.022138983011    0.000198279231    -0.000387424137    0.105606138706    0.070071920753    0.000000000000    0.000000000000    0.000000000000    0.000000000000    0.000000000000    0.000000000000
-0.000000192911    1.300050020218    -0.025338349864    0.000354619930    133294.187500000000    130972.203125000000    -101170.406250000000    133294.218750000000    83176.101562500000    -0.417017698288    -0.111501291394    0.000306101429    -0.000308899849    0.079746097326    0.096314221621    0.000000000000    0.000000000000    0.000000000000    0.000000000000    0.000000000000    0.000000000000
-0.000000194025    1.300146341324    -0.025486495346    0.000245502684    132692.796875000000    131559.062500000000    -70386.421875000000    132692.828125000000    111146.476562500000    -0.359121441841    -0.230079948902    0.000384544779    -0.000202633586    0.047949280590    0.114024348557    0.000000000000    0.000000000000    0.000000000000    0.000000000000    0.000000000000    0.000000000000
-0.000000195138    1.300204038620    -0.025633884594    0.000111079076    131947.796875000000    132294.312500000000    -32482.417968750000    131947.812500000000    128244.609375000000    -0.271860599518    -0.324383676052    0.000427228282    -0.000079489597    0.012803170830    0.122162826359    0.000000000000    0.000000000000    0.000000000000    0.000000000000    0.000000000000    0.000000000000
-0.000000196252    1.300217270851    -0.025780396536    -0.000035505564    131130.796875000000    133098.234375000000    8835.679687500000    131130.812500000000    132804.640625000000    -0.164522141218    -0.388763517141    0.000431788387    0.000048727263    -0.023070864379    0.120347291231    0.000000000000    0.000000000000    0.000000000000    0.000000000000    0.000000000000    0.000000000000
-0.000000197366    1.300184607506    -0.025925995782    -0.000179922907    130321.375000000000    133884.328125000000    49530.101562500000    130321.375000000000    124385.632812500000    -0.046410232782    -0.420747697353    0.000399618060    0.000170732266    -0.057101920247    0.108769856393    -0.000000000000    0.000000000000    -0.000000000000    0.000000000000    -0.000000000000    0.000000000000
-0.000000198480    1.300108671188    -0.026070734486    -0.000308061164    129599.140625000000    134569.687500000000    85625.000000000000    129599.132812500000    103814.101562500000    0.073980897665    -0.420182228088    0.000335122430    0.000276825624    -0.086811393499    0.088168747723    -0.000000000000    0.000000000000    -0.000000000000    0.000000000000    -0.000000000000    0.000000000000
-0.000000199594    1.299996852875    -0.026214754209    -0.000407403160    129036.062500000000    135084.156250000000    113594.156250000000    129036.054687500000    73103.382812500000    0.189152479172    -0.388312757015    0.000244750816    0.000359478436    -0.109868392348    0.059849560261    -0.000000000000    0.000000000000    -0.000000000000    0.000000000000    -0.000000000000    0.000000000000
-0.000000200707    1.299859762192    -0.026358261704    -0.000468249025    128689.296875000000    135377.046875000000    130705.218750000000    128689.281250000000    35257.601562500000    0.292219936848    -0.327262133360    0.000136122137    0.000413406931    -0.124213680625    0.025740318000    -0.000000000000    0.000000000000    -0.000000000000    0.000000000000    -0.000000000000    0.000000000000
-0.000000201821    1.299710392952    -0.026501519606    -0.000484664546    128595.312500000000    135420.890625000000    135287.000000000000    128595.296875000000    -6021.112304687500    0.376448005438    -0.240073233843    0.000017423961    0.000435388472    -0.128266617656    -0.011597281322    -0.000000000000    0.000000000000    -0.000000000000    0.000000000000    -0.000000000000    0.000000000000
-0.000000202935    1.299563169479    -0.026644820347    -0.000455062051    128766.140625000000    135212.203125000000    126893.734375000000    128766.132812500000    -46693.968750000000    0.433842629194    -0.131608650088    -0.000102433463    0.000423035613    -0.121172003448    -0.049032784998    0.000000000000    0.000000000000    0.000000000000    0.000000000000    0.000000000000    0.000000000000
-0.000000204049    1.299432277679    -0.026788452640    -0.000382357044    129187.843750000000    134769.703125000000    106349.687500000000    129187.835937500000    -82780.585937500000    0.459167331457    -0.009076714516    -0.000214447558    0.000377758668    -0.103102207184    -0.083158940077    0.000000000000    0.000000000000    0.000000000000    0.000000000000    0.000000000000    0.000000000000
-0.000000205163    1.299330115318    -0.026932677254    -0.000273683429    129821.570312500000    134131.031250000000    75669.015625000000    129821.570312500000    -110748.992187500000    0.448616057634    0.118920430541    -0.000310552801    0.000302816683    -0.075351282954    -0.110637068748    0.000000000000    0.000000000000    0.000000000000    0.000000000000    0.000000000000    0.000000000000
-0.000000206276    1.299266457558    -0.027077700943    -0.000139695301    130607.187500000000    133349.484375000000    37859.097656250000    130607.187500000000    -127862.335937500000    0.400090754032    0.241604596376    -0.000382990140    0.000202800045    -0.040325067937    -0.128613337874    0.000000000000    0.000000000000    0.000000000000    0.000000000000    0.000000000000    0.000000000000
-0.000000207390    1.299247145653    -0.027223648503    0.000006477007    131468.828125000000    132490.765625000000    -3374.279296875000    131468.843750000000    -132447.796875000000    0.315143913031    0.346918940544    -0.000424908387    0.000084485888    -0.001330483705    -0.135147258639    0.000000000000    0.000000000000    0.000000000000    0.000000000000    0.000000000000    0.000000000000
-0.000000208504    1.299273848534    -0.027370559052    0.000150514228    132322.421875000000    131629.453125000000    -43990.730468750000    132322.437500000000    -124060.992187500000    0.199771389365    0.423085451126    -0.000431165099    -0.000043106484    0.037811994553    -0.129520013928    0.000000000000    0.000000000000    0.000000000000    0.000000000000    0.000000000000    0.000000000000
-0.000000209618    1.299343466759    -0.027518376708    0.000278312218    133083.765625000000    130844.320312500000    -80012.078125000000    133083.796875000000    -103529.234375000000    0.064383432269    0.460597038269    -0.000399318378    -0.000169070685    0.073266729712    -0.112356632948    0.000000000000    0.000000000000    0.000000000000    0.000000000000    0.000000000000    0.000000000000
-0.000000210732    1.299448966980    -0.027666954324    0.000377364078    133676.890625000000    130211.906250000000    -107912.789062500000    133676.921875000000    -72869.523437500000    -0.077329576015    0.454092651606    -0.000330521987    -0.000281571352    0.101681165397    -0.085512124002    0.000000000000    0.000000000000    0.000000000000    0.000000000000    0.000000000000    0.000000000000
-0.000000211845    1.299579620361    -0.027816072106    0.000437984592    134041.734375000000    129798.343750000000    -124965.343750000000    134041.765625000000    -35089.457031250000    -0.210308283567    0.403565555811    -0.000229979778    -0.000369226473    0.120581611991    -0.051777094603    0.000000000000    0.000000000000    0.000000000000    0.000000000000    0.000000000000    0.000000000000
-0.000000212959    1.299722552299    -0.027965450659    0.000454256369    134140.062500000000    129650.625000000000    -129506.609375000000    134140.093750000000    6108.866210937500    -0.320396631956    0.314515799284    -0.000106721556    -0.000422651065    0.128592267632    -0.014460850507    0.000000000000    0.000000000000    0.000000000000    0.000000000000    0.000000000000    0.000000000000
-0.000000214073    1.299863219261    -0.028114782646    0.000424605503    133959.562500000000    129789.164062500000    -121099.328125000000    133959.593750000000    46692.363281250000    -0.394900560379    0.197370111942    0.000026886697    -0.000434573885    0.125449538231    0.023008462042    0.000000000000    0.000000000000    0.000000000000    0.000000000000    0.000000000000    0.000000000000
-0.000000215187    1.299987792969    -0.028263764456    0.000351951603    133515.250000000000    130203.210937500000    -100572.882812500000    133515.281250000000    82692.015625000000    -0.429808139801    0.065856494009    0.000157116869    -0.000405664498    0.111934013665    0.057537138462    0.000000000000    0.000000000000    0.000000000000    0.000000000000    0.000000000000    0.000000000000
-0.000000216301    1.300083518028    -0.028412122279    0.000243417831    132848.218750000000    130850.781250000000    -69940.460937500000    132848.250000000000    110590.500000000000    -0.424406051636    -0.066832304001    0.000271502358    -0.000339598104    0.089537441730    0.086529515684    0.000000000000    0.000000000000    0.000000000000    0.000000000000    0.000000000000    0.000000000000
-0.000000217414    1.300140976906    -0.028559640050    0.000109631314    132021.859375000000    131663.359375000000    -32201.160156250000    132021.875000000000    127664.890625000000    -0.382136225700    -0.189078390598    0.000359867758    -0.000243773859    0.060239799321    0.107991695404    0.000000000000    0.000000000000    0.000000000000    0.000000000000    0.000000000000    0.000000000000
-0.000000218528    1.300154089928    -0.028706185520    -0.000036317735    131115.812500000000    132554.078125000000    8953.542968750000    131115.828125000000    132251.359375000000    -0.309228599072    -0.291916906834    0.000415330025    -0.000128056156    0.026318859309    0.120525166392    0.000000000000    0.000000000000    0.000000000000    0.000000000000    0.000000000000    0.000000000000
-0.000000219642    1.300121426582    -0.028851719573    -0.000180155999    130218.382812500000    133428.312500000000    49500.164062500000    130218.382812500000    123906.632812500000    -0.213232204318    -0.369278043509    0.000434650778    -0.000003339839    -0.009763997048    0.123288072646    0.000000000000    0.000000000000    0.000000000000    0.000000000000    0.000000000000    0.000000000000
-0.000000220756    1.300045490265    -0.028996298090    -0.000307821698    129417.812500000000    134194.359375000000    85475.656250000000    129417.804687500000    103450.687500000000    -0.101903736591    -0.417548596859    0.000417984847    0.000119729681    -0.045418631285    0.115984201431    -0.000000000000    0.000000000000    -0.000000000000    0.000000000000    -0.000000000000    0.000000000000
-0.000000221870    1.299933910370    -0.029140077531    -0.000406838342    128793.773437500000    134773.406250000000    113363.984375000000    128793.765625000000    72886.789062500000    0.017342612147    -0.434795379639    0.000368220150    0.000231683967    -0.077967323363    0.098900265992    -0.000000000000    0.000000000000    -0.000000000000    0.000000000000    -0.000000000000    0.000000000000
