wc / wrf: 0.935595
 t  x  y  z vpar vper vx vy vz re(e1)  im(e1)  re(e2)  im(e2)  re(e3)  im(e3)  re(b1)  im(b1)  re(b2)  im(b2)  re(b3)  im(b3)
-0.000000000223    1.299606919289    -0.000029250361    -0.000249445060    131308.484375000000    131315.515625000000    70365.273437500000    131308.484375000000    -110871.531250000000    -0.420201510191    0.166576057673    0.000066658155    -0.000430347747    0.124604210258    0.038137383759    0.000000000000    0.000000000000    0.000000000000    0.000000000000    0.000000000000    0.000000000000
-0.000000001337    1.299549221992    -0.000175503475    -0.000115756149    131311.484375000000    131341.218750000000    32684.744140625000    131311.500000000000    -127209.382812500000    -0.452885746956    0.042221955955    0.000185376848    -0.000393553841    0.108907237649    0.073090873659    0.000000000000    0.000000000000    0.000000000000    0.000000000000    0.000000000000    0.000000000000
-0.000000002450    1.299535512924    -0.000321762636    0.000029288414    131319.343750000000    131350.093750000000    -8210.508789062500    131319.359375000000    -131093.250000000000    -0.446954786777    -0.089545667171    0.000290518510    -0.000323600863    0.083241984248    0.101739116013    0.000000000000    0.000000000000    0.000000000000    0.000000000000    0.000000000000    0.000000000000
-0.000000003564    1.299567103386    -0.000468033046    0.000171485415    131331.531250000000    131346.250000000000    -48314.167968750000    131331.546875000000    -122137.531250000000    -0.400285065174    -0.216020286083    0.000372509676    -0.000224688818    0.050091631711    0.121220022440    0.000000000000    0.000000000000    0.000000000000    0.000000000000    0.000000000000    0.000000000000
-0.000000004678    1.299641132355    -0.000614318647    0.000296905462    131346.218750000000    131337.796875000000    -83696.062500000000    131346.250000000000    -101215.531250000000    -0.315485298634    -0.323713630438    0.000422848243    -0.000104120816    0.012760210782    0.129685178399    0.000000000000    0.000000000000    0.000000000000    0.000000000000    0.000000000000    0.000000000000
-0.000000005792    1.299750328064    -0.000760620751    0.000393258786    131360.546875000000    131334.343750000000    -110888.390625000000    131360.578125000000    -70373.812500000000    -0.200259059668    -0.399908751249    0.000434904767    0.000027781305    -0.025062177330    0.126520186663    0.000000000000    0.000000000000    0.000000000000    0.000000000000    0.000000000000    0.000000000000
-0.000000006906    1.299884080887    -0.000906936999    0.000451100001    131370.953125000000    131344.140625000000    -127226.179687500000    131370.984375000000    -32630.976562500000    -0.067181453109    -0.435279875994    0.000405628030    0.000158074516    -0.059786513448    0.112364493310    -0.000000000000    0.000000000000    -0.000000000000    0.000000000000    -0.000000000000    0.000000000000
-0.000000008019    1.300029039383    -0.001053260872    0.000464753102    131373.781250000000    131371.984375000000    -131108.312500000000    131373.812500000000    8319.072265625000    0.069196663797    -0.427474200726    0.000337940553    0.000273804530    -0.088396899402    0.088941112161    -0.000000000000    0.000000000000    -0.000000000000    0.000000000000    -0.000000000000    0.000000000000
-0.000000009133    1.300171256065    -0.001199582242    0.000432866189    131365.890625000000    131418.375000000000    -122153.515625000000    131365.921875000000    48469.632812500000    0.194655627012    -0.378720551729    0.000238373672    0.000363444764    -0.108681507409    0.058688070625    -0.000000000000    0.000000000000    -0.000000000000    0.000000000000    -0.000000000000    0.000000000000
-0.000000010247    1.300296664238    -0.001345887780    0.000358542427    131345.312500000000    131479.953125000000    -101236.578125000000    131345.343750000000    83893.585937500000    0.297272861004    -0.295928567648    0.000116982490    0.000418417680    -0.119345664978    0.024411065504    -0.000000000000    0.000000000000    -0.000000000000    0.000000000000    -0.000000000000    0.000000000000
-0.000000011361    1.300392985344    -0.001492163050    0.000249035074    131311.546875000000    131550.828125000000    -70401.531250000000    131311.578125000000    111127.156250000000    0.368869215250    -0.189115613699    -0.000014060090    0.000434153422    -0.119962766767    -0.011033941060    -0.000000000000    0.000000000000    -0.000000000000    0.000000000000    -0.000000000000    0.000000000000
-0.000000012475    1.300450682640    -0.001638394082    0.000115037459    131266.062500000000    131624.187500000000    -32660.894531250000    131266.078125000000    127507.625000000000    0.405500769615    -0.069488741457    -0.000142146251    0.000410438719    -0.110833987594    -0.044957980514    0.000000000000    0.000000000000    0.000000000000    0.000000000000    0.000000000000    0.000000000000
-0.000000013588    1.300464391708    -0.001784569351    -0.000030362209    131212.109375000000    131694.171875000000    8298.815429687500    131212.125000000000    131432.453125000000    0.407006084919    0.052270911634    -0.000255817256    0.000351027178    -0.092831745744    -0.074943274260    0.000000000000    0.000000000000    0.000000000000    0.000000000000    0.000000000000    0.000000000000
-0.000000014702    1.300432443619    -0.001930682221    -0.000172958826    131154.703125000000    131757.156250000000    48476.734375000000    131154.718750000000    122515.132812500000    0.375983983278    0.167047232389    -0.000345896930    0.000262718182    -0.067297808826    -0.098879426718    0.000000000000    0.000000000000    0.000000000000    0.000000000000    0.000000000000    0.000000000000
-0.000000015816    1.300358057022    -0.002076731762    -0.000298817147    131100.062500000000    131811.859375000000    83947.515625000000    131100.062500000000    101622.773437500000    0.316558390856    0.267654180527    -0.000406110688    0.000154146896    -0.035990629345    -0.114973880351    0.000000000000    0.000000000000    0.000000000000    0.000000000000    0.000000000000    0.000000000000
-0.000000016930    1.300248384476    -0.002222725190    -0.000395632524    131054.984375000000    131858.703125000000    111243.828125000000    131054.976562500000    70792.210937500000    0.233565688133    0.348462074995    -0.000433076173    0.000034699704    -0.001095898449    -0.121822595596    0.000000000000    0.000000000000    0.000000000000    0.000000000000    0.000000000000    0.000000000000
-0.000000018044    1.300114154816    -0.002368676942    -0.000453933259    131026.023437500000    131897.937500000000    127694.726562500000    131026.015625000000    33032.285156250000    0.132189720869    0.404847264290    -0.000425982784    -0.000086340704    0.034789167345    -0.118532329798    0.000000000000    0.000000000000    0.000000000000    0.000000000000    0.000000000000    0.000000000000
-0.000000019157    1.299968719482    -0.002514607972    -0.000468008162    131018.640625000000    131927.921875000000    131687.062500000000    131018.625000000000    -7968.652343750000    0.018230177462    0.432745605707    -0.000386111700    -0.000200235547    0.068733900785    -0.104909740388    0.000000000000    0.000000000000    0.000000000000    0.000000000000    0.000000000000    0.000000000000
-0.000000020271    1.299825787544    -0.002660544356    -0.000436468021    131036.414062500000    131944.250000000000    122824.460937500000    131036.406250000000    -48202.132812500000    -0.101317286491    0.428755640984    -0.000316500140    -0.000298925064    0.097677782178    -0.081655353308    0.000000000000    0.000000000000    0.000000000000    0.000000000000    0.000000000000    0.000000000000
-0.000000021385    1.299699544907    -0.002806515200    -0.000362385093    131080.421875000000    131940.703125000000    101967.859375000000    131080.421875000000    -83731.179687500000    -0.217905759811    0.390776187181    -0.000221812428    -0.000375132309    0.118743807077    -0.050464291126    0.000000000000    0.000000000000    0.000000000000    0.000000000000    0.000000000000    0.000000000000
-0.000000022499    1.299602270126    -0.002952549141    -0.000252996426    131148.843750000000    131911.390625000000    71153.046875000000    131148.843750000000    -111075.953125000000    -0.320608496666    0.318907141685    -0.000108365399    -0.000421748497    0.129613667727    -0.014006275684    0.000000000000    0.000000000000    0.000000000000    0.000000000000    0.000000000000    0.000000000000
-0.000000023613    1.299543499947    -0.003098670626    -0.000118998738    131236.890625000000    131854.031250000000    33392.800781250000    131236.906250000000    -127555.507812500000    -0.399722933769    0.217544689775    0.000015188547    -0.000434726127    0.128957122564    0.024323903024    0.000000000000    0.000000000000    0.000000000000    0.000000000000    0.000000000000    0.000000000000
-0.000000024726    1.299529075623    -0.003244897816    0.000026497179    131337.093750000000    131772.187500000000    -7617.402343750000    131337.109375000000    -131551.843750000000    -0.446295648813    0.094115488231    0.000139342854    -0.000411905639    0.116646222770    0.060787580907    0.000000000000    0.000000000000    0.000000000000    0.000000000000    0.000000000000    0.000000000000
-0.000000025840    1.299560070038    -0.003391238861    0.000169249906    131439.921875000000    131676.109375000000    -47861.671875000000    131439.937500000000    -122669.710937500000    -0.453343570232    -0.040555775166    0.000253659557    -0.000353362964    0.093834169209    0.091771356761    0.000000000000    0.000000000000    0.000000000000    0.000000000000    0.000000000000    0.000000000000
-0.000000026954    1.299633860588    -0.003537691198    0.000295282807    131534.656250000000    131581.093750000000    -83398.007812500000    131534.687500000000    -101776.000000000000    -0.417923241854    -0.173038095236    0.000347448280    -0.000262444548    0.062831766903    0.114270091057    0.000000000000    0.000000000000    0.000000000000    0.000000000000    0.000000000000    0.000000000000
-0.000000028068    1.299743056297    -0.003684239462    0.000392253947    131610.609375000000    131504.562500000000    -110745.437500000000    131610.640625000000    -70914.718750000000    -0.342102468014    -0.288689494133    0.000410629582    -0.000146018632    0.026790969074    0.126262679696    0.000000000000    0.000000000000    0.000000000000    0.000000000000    0.000000000000    0.000000000000
-0.000000029182    1.299876689911    -0.003830857342    0.000450665015    131658.171875000000    131462.484375000000    -127225.695312500000    131658.203125000000    -33105.960937500000    -0.233706161380    -0.373767435551    0.000435114664    -0.000014739169    -0.010730065405    0.126923978329    0.000000000000    0.000000000000    0.000000000000    0.000000000000    0.000000000000    0.000000000000
-0.000000030295    1.300021767616    -0.003977509215    0.000464791112    131670.062500000000    131465.859375000000    -131225.218750000000    131670.093750000000    7950.825195312500    -0.105217665434    -0.420448750257    0.000418558076    0.000118311509    -0.046279139817    0.116649203002    -0.000000000000    0.000000000000    -0.000000000000    0.000000000000    -0.000000000000    0.000000000000
-0.000000031409    1.300164222717    -0.004124152008    0.000433239707    131642.250000000000    131518.812500000000    -122352.421875000000    131642.281250000000    48239.800781250000    0.029420979321    -0.425148993731    0.000362405524    0.000239972665    -0.076857417822    0.096807211637    -0.000000000000    0.000000000000    -0.000000000000    0.000000000000    -0.000000000000    0.000000000000
-0.000000032523    1.300289869308    -0.004270741716    0.000359085097    131574.671875000000    131617.796875000000    -101474.781250000000    131574.703125000000    83821.898437500000    0.156482487917    -0.389530777931    0.000272522826    0.000338372425    -0.100170552731    0.069475270808    -0.000000000000    0.000000000000    -0.000000000000    0.000000000000    -0.000000000000    0.000000000000
-0.000000033637    1.300386548042    -0.004417235497    0.000249566132    131471.468750000000    131752.796875000000    -70632.804687500000    131471.500000000000    111219.625000000000    0.264502406120    -0.319563806057    0.000158288836    0.000404517807    -0.114699155092    0.037110880017    -0.000000000000    0.000000000000    -0.000000000000    0.000000000000    -0.000000000000    0.000000000000
-0.000000034751    1.300444722176    -0.004563598428    0.000115377297    131340.796875000000    131909.187500000000    -32839.640625000000    131340.812500000000    127755.992187500000    0.345420300961    -0.224005952477    0.000031213225    0.000433234847    -0.119662418962    0.002308323979    -0.000000000000    0.000000000000    -0.000000000000    0.000000000000    -0.000000000000    0.000000000000
-0.000000035864    1.300458550453    -0.004709805828    -0.000030376308    131194.265625000000    132070.625000000000    8213.509765625000    131194.281250000000    131814.984375000000    0.394873350859    -0.112626418471    -0.000096685711    0.000423455989    -0.114912919700    -0.032364923507    -0.000000000000    0.000000000000    -0.000000000000    0.000000000000    -0.000000000000    0.000000000000
-0.000000036978    1.300426721573    -0.004855847452    -0.000173458713    131045.937500000000    132221.718750000000    48517.503906250000    131045.937500000000    122998.531250000000    0.411658316851    0.005165778100    -0.000214292231    0.000377816759    -0.100854039192    -0.064439997077    0.000000000000    0.000000000000    0.000000000000    0.000000000000    0.000000000000    0.000000000000
-0.000000038092    1.300352215767    -0.005001729820    -0.000299892505    130910.867187500000    132350.156250000000    84135.898437500000    130910.859375000000    102165.156250000000    0.396742671728    0.121132545173    -0.000312433374    0.000301786960    -0.078397966921    -0.091577813029    0.000000000000    0.000000000000    0.000000000000    0.000000000000    0.000000000000    0.000000000000
-0.000000039206    1.300242424011    -0.005147476215    -0.000397323194    130803.710937500000    132447.562500000000    111588.539062500000    130803.703125000000    71346.773437500000    0.352339446545    0.228205859661    -0.000384312152    0.000202654308    -0.048999104649    -0.111624553800    0.000000000000    0.000000000000    0.000000000000    0.000000000000    0.000000000000    0.000000000000
-0.000000040320    1.300107717514    -0.005293124821    -0.000456226175    130737.093750000000    132509.015625000000    128191.085937500000    130737.085937500000    33551.363281250000    0.281413912773    0.320083975792    -0.000425520760    0.000088644236    -0.014695107937    -0.122739829123    0.000000000000    0.000000000000    0.000000000000    0.000000000000    0.000000000000    0.000000000000
-0.000000041433    1.299961566925    -0.005438725464    -0.000470838597    130720.171875000000    132531.578125000000    132317.546875000000    130720.156250000000    -7529.543945312500    0.187663137913    0.390753507614    -0.000433802692    -0.000031725336    0.021897306666    -0.123586446047    0.000000000000    0.000000000000    0.000000000000    0.000000000000    0.000000000000    0.000000000000
-0.000000042547    1.299817800522    -0.005584337749    -0.000439725118    130757.445312500000    132512.984375000000    123560.304687500000    130757.437500000000    -47880.589843750000    0.076194547117    0.434334427118    -0.000408775930    -0.000149840562    0.057689070702    -0.113606072962    0.000000000000    0.000000000000    0.000000000000    0.000000000000    0.000000000000    0.000000000000
-0.000000043661    1.299690723419    -0.005730021745    -0.000365921500    130848.125000000000    132451.406250000000    102771.531250000000    130848.117187500000    -83554.742187500000    -0.046001598239    0.445511490107    -0.000351854484    -0.000257200474    0.089365519583    -0.093217641115    0.000000000000    0.000000000000    0.000000000000    0.000000000000    0.000000000000    0.000000000000
-0.000000044775    1.299592733383    -0.005875833798    -0.000256640837    130985.820312500000    132346.546875000000    71981.421875000000    130985.820312500000    -111059.851562500000    -0.168741822243    0.419972717762    -0.000265980430    -0.000344692322    0.113736376166    -0.063962124288    0.000000000000    0.000000000000    0.000000000000    0.000000000000    0.000000000000    0.000000000000
-0.000000045889    1.299533247948    -0.006021820009    -0.000122570375    131158.984375000000    132201.859375000000    34200.695312500000    131159.000000000000    -127701.398437500000    -0.281544208527    0.358101725578    -0.000157632283    -0.000405353378    0.128246337175    -0.028438337147    0.000000000000    0.000000000000    0.000000000000    0.000000000000    0.000000000000    0.000000000000
-0.000000047003    1.299517989159    -0.006168011576    0.000023173274    131351.843750000000    132026.687500000000    -6873.600585937500    131351.859375000000    -131847.656250000000    -0.373178333044    0.263071656227    -0.000034605942    -0.000433386711    0.131297051907    0.009966466576    0.000000000000    0.000000000000    0.000000000000    0.000000000000    0.000000000000    0.000000000000
-0.000000048116    1.299548387527    -0.006314420607    0.000166327955    131545.796875000000    131837.203125000000    -47220.355468750000    131545.812500000000    -123090.562500000000    -0.432939529419    0.142074555159    0.000093481751    -0.000424739264    0.122524760664    0.047472424805    0.000000000000    0.000000000000    0.000000000000    0.000000000000    0.000000000000    0.000000000000
-0.000000049230    1.299621343613    -0.006461036857    0.000292883138    131721.218750000000    131655.140625000000    -82889.070312500000    131721.250000000000    -102286.250000000000    -0.452815830708    0.006294593215    0.000215490465    -0.000378267490    0.102870427072    0.080404177308    0.000000000000    0.000000000000    0.000000000000    0.000000000000    0.000000000000    0.000000000000
-0.000000050344    1.299729943275    -0.006607830059    0.000390452478    131859.562500000000    131504.828125000000    -110387.625000000000    131859.593750000000    -71470.914062500000    -0.429013460875    -0.130158796906    0.000319600396    -0.000296373764    0.074431262910    0.105659469962    0.000000000000    0.000000000000    0.000000000000    0.000000000000    0.000000000000    0.000000000000
-0.000000051458    1.299863219261    -0.006754748523    0.000449486659    131945.062500000000    131409.093750000000    -127024.859375000000    131945.093750000000    -33660.550781250000    -0.363009393215    -0.251313567162    0.000393943134    -0.000185440585    0.040156945586    0.121065206826    0.000000000000    0.000000000000    0.000000000000    0.000000000000    0.000000000000    0.000000000000
-0.000000052572    1.300008058548    -0.006901727989    0.000464207376    131966.781250000000    131384.812500000000    -131173.671875000000    131966.812500000000    7445.442382812500    -0.263325750828    -0.345120012760    0.000431284861    -0.000056668978    0.003382965922    0.125626474619    0.000000000000    0.000000000000    0.000000000000    0.000000000000    0.000000000000    0.000000000000
-0.000000053685    1.300150513649    -0.007048693020    0.000433170993    131919.750000000000    131439.687500000000    -122429.406250000000    131919.781250000000    47827.093750000000    -0.141359314322    -0.402760326862    0.000427753956    0.000077281278    -0.032589476556    0.119419418275    0.000000000000    0.000000000000    0.000000000000    0.000000000000    0.000000000000    0.000000000000
-0.000000054799    1.300276398659    -0.007195568178    0.000359407451    131805.734375000000    131570.781250000000    -101648.273437500000    131805.765625000000    83537.390625000000    -0.010379232466    -0.420318156481    0.000384044513    0.000203193747    -0.064827144146    0.103449389338    -0.000000000000    0.000000000000    -0.000000000000    0.000000000000    -0.000000000000    0.000000000000
-0.000000055913    1.300373196602    -0.007342281751    0.000250122015    131633.453125000000    131764.718750000000    -70862.218750000000    131633.484375000000    111087.734375000000    0.116690851748    -0.398745149374    0.000305222173    0.000309089839    -0.090961650014    0.079382695258    -0.000000000000    0.000000000000    -0.000000000000    0.000000000000    -0.000000000000    0.000000000000
-0.000000057027    1.300431489944    -0.007488779258    0.000115989227    131417.796875000000    132000.000000000000    -33079.500000000000    131417.812500000000    127787.898437500000    0.228976309299    -0.342892467976    0.000199813221    0.000385674037    -0.109249532223    0.049299418926    -0.000000000000    0.000000000000    -0.000000000000    0.000000000000    -0.000000000000    0.000000000000
-0.000000058141    1.300445556641    -0.007635020651    -0.000029890387    131178.656250000000    132250.390625000000    8009.524414062500    131178.671875000000    132007.656250000000    0.318586617708    -0.260029554367    0.000078446879    0.000427213003    -0.118545264006    0.015507318079    -0.000000000000    0.000000000000    -0.000000000000    0.000000000000    -0.000000000000    0.000000000000
-0.000000059254    1.300413966179    -0.007780993823    -0.000173269655    130939.085937500000    132489.031250000000    48392.417968750000    130939.085937500000    123334.992187500000    0.380686998367    -0.158302485943    -0.000047641235    0.000431740598    -0.118242807686    -0.019561693072    -0.000000000000    0.000000000000    -0.000000000000    0.000000000000    -0.000000000000    0.000000000000
-0.000000060368    1.300339579582    -0.007926710881    -0.000300145184    130723.093750000000    132692.109375000000    84125.703125000000    130723.085937500000    102616.117187500000    0.412901163101    -0.045709140599    -0.000167840321    0.000400657213    -0.108266763389    -0.053394101560    0.000000000000    0.000000000000    0.000000000000    0.000000000000    0.000000000000    0.000000000000
-0.000000061482    1.300229668617    -0.008072210476    -0.000398124190    130553.195312500000    132841.703125000000    111719.140625000000    130553.187500000000    71873.226562500000    0.414473295212    0.070376664400    -0.000273030717    0.000337981182    -0.089106976986    -0.083436287940    0.000000000000    0.000000000000    0.000000000000    0.000000000000    0.000000000000    0.000000000000
-0.000000062596    1.300094842911    -0.008217554539    -0.000457634684    130448.148437500000    132926.546875000000    128476.164062500000    130448.140625000000    34107.949218750000    0.385614037514    0.183002784848    -0.000355929573    0.000249518693    -0.061910364777    -0.107188656926    0.000000000000    0.000000000000    0.000000000000    0.000000000000    0.000000000000    0.000000000000
-0.000000063710    1.299948215485    -0.008362825960    -0.000472861604    130420.859375000000    132941.484375000000    132757.593750000000    130420.843750000000    -6990.605468750000    0.327391862869    0.285149633884    -0.000411084795    0.000142230943    -0.028562165797    -0.122397646308    0.000000000000    0.000000000000    0.000000000000    0.000000000000    0.000000000000    0.000000000000
-0.000000064823    1.299803853035    -0.008508112282    -0.000442316988    130476.843750000000    132886.015625000000    124142.757812500000    130476.835937500000    -47405.437500000000    0.242122739553    0.369411259890    -0.000434764486    0.000023847999    0.008320126683    -0.127323538065    0.000000000000    0.000000000000    0.000000000000    0.000000000000    0.000000000000    0.000000000000
-0.000000065937    1.299676060677    -0.008653506637    -0.000368987879    130613.476562500000    132762.968750000000    103471.882812500000    130613.468750000000    -83184.046875000000    0.134156316519    0.428125619888    -0.000424906233    -0.000097250253    0.045520365238    -0.121048763394    0.000000000000    0.000000000000    0.000000000000    0.000000000000    0.000000000000    0.000000000000
-0.000000067051    1.299577116966    -0.008799092844    -0.000260046712    130819.882812500000    132578.484375000000    72765.312500000000    130819.882812500000    -110825.406250000000    0.011259704828    0.453128397465    -0.000380481681    -0.000211421284    0.079492516816    -0.103731304407    0.000000000000    0.000000000000    0.000000000000    0.000000000000    0.000000000000    0.000000000000
-0.000000068165    1.299516558647    -0.008944940753    -0.000126151484    131077.781250000000    132342.812500000000    35026.742187500000    131077.796875000000    -127623.476562500000    -0.116970911622    0.440991699696    -0.000304991234    -0.000309913215    0.106866493821    -0.076753690839    0.000000000000    0.000000000000    0.000000000000    0.000000000000    0.000000000000    0.000000000000
-0.000000069279    1.299500346184    -0.009091093205    0.000019596433    131363.140625000000    132071.890625000000    -6050.450195312500    131363.156250000000    -131933.250000000000    -0.238899976015    0.389993906021    -0.000203145348    -0.000384260551    0.124831698835    -0.042600214481    0.000000000000    0.000000000000    0.000000000000    0.000000000000    0.000000000000    0.000000000000
-0.000000070392    1.299529910088    -0.009237566032    0.000162934957    131648.312500000000    131788.171875000000    -46445.125000000000    131648.328125000000    -123332.773437500000    -0.341848850250    0.302472352982    -0.000082151317    -0.000426953775    0.131555840373    -0.004604600370    0.000000000000    0.000000000000    0.000000000000    0.000000000000    0.000000000000    0.000000000000
-0.000000071506    1.299602150917    -0.009384343401    0.000289838295    131904.750000000000    131519.515625000000    -82202.968750000000    131904.781250000000    -102664.765625000000    -0.414005070925    0.185522809625    0.000048225207    -0.000432531524    0.126452669501    0.033476546407    0.000000000000    0.000000000000    0.000000000000    0.000000000000    0.000000000000    0.000000000000
-0.000000072620    1.299710154533    -0.009531376883    0.000387890730    132105.968750000000    131296.406250000000    -109824.484375000000    132106.000000000000    -71953.648437500000    -0.446505725384    0.050523765385    0.000176286499    -0.000398696982    0.110233224928    0.067963898182    0.000000000000    0.000000000000    0.000000000000    0.000000000000    0.000000000000    0.000000000000
-0.000000073734    1.299842834473    -0.009678593837    0.000447501836    132230.125000000000    131147.593750000000    -126608.125000000000    132230.156250000000    -34206.300781250000    -0.433910429478    -0.087130710483    0.000288452546    -0.000326240348    0.084746949375    0.095681920648    0.000000000000    0.000000000000    0.000000000000    0.000000000000    0.000000000000    0.000000000000
-0.000000074848    1.299987435341    -0.009825900197    0.000462843891    132262.468750000000    131095.125000000000    -130914.273437500000    132262.500000000000    6883.457031250000    -0.379461646080    -0.213008373976    0.000373694085    -0.000222748917    0.052674070001    0.114397488534    0.000000000000    0.000000000000    0.000000000000    0.000000000000    0.000000000000    0.000000000000
-0.000000075961    1.300129652023    -0.009973187000    0.000432419969    132197.046875000000    131150.109375000000    -122324.656250000000    132197.078125000000    47297.203125000000    -0.290155827999    -0.314478337765    0.000423451012    -0.000098330296    0.017086710781    0.122877016664    0.000000000000    0.000000000000    0.000000000000    0.000000000000    0.000000000000    0.000000000000
-0.000000077075    1.300255537033    -0.010120347142    0.000359207334    132037.453125000000    131310.187500000000    -101681.898437500000    132037.484375000000    83085.234375000000    -0.176625117660    -0.382666379213    0.000433130394    0.000034610148    -0.018914747983    0.120885401964    0.000000000000    0.000000000000    0.000000000000    0.000000000000    0.000000000000    0.000000000000
-0.000000078189    1.300352573395    -0.010267283767    0.000250363693    131796.812500000000    131559.468750000000    -71005.828125000000    131796.843750000000    110752.265625000000    -0.051128901541    -0.413302421570    0.000402638922    0.000163068646    -0.052487727255    0.109022431076    -0.000000000000    0.000000000000    -0.000000000000    0.000000000000    -0.000000000000    0.000000000000
-0.000000079303    1.300411224365    -0.010413916782    0.000116525654    131496.750000000000    131870.359375000000    -33295.027343750000    131496.765625000000    127597.937500000000    0.074388511479    -0.406526714563    0.000336129189    0.000275124097    -0.081204265356    0.088519819081    -0.000000000000    0.000000000000    -0.000000000000    0.000000000000    -0.000000000000    0.000000000000
-0.000000080417    1.300425648689    -0.010560194962    -0.000029231560    131165.359375000000    132207.671875000000    7766.365234375000    131165.375000000000    131979.375000000000    0.189790353179    -0.365869343281    0.000241086382    0.000361311919    -0.103094905615    0.061051122844    -0.000000000000    0.000000000000    -0.000000000000    0.000000000000    -0.000000000000    0.000000000000
-0.000000081530    1.300394177437    -0.010706101544    -0.000172671047    130834.742187500000    132533.578125000000    48168.195312500000    130834.742187500000    123470.562500000000    0.287365287542    -0.296938300133    0.000127074774    0.000415364513    -0.116648346186    0.028623554856    -0.000000000000    0.000000000000    -0.000000000000    0.000000000000    -0.000000000000    0.000000000000
-0.000000082644    1.300320029259    -0.010851656087    -0.000299783889    130537.750000000000    132812.937500000000    83965.125000000000    130537.742187500000    102903.554687500000    0.361761361361    -0.206109389663    0.000004372836    0.000434383517    -0.120799228549    -0.006479509175    -0.000000000000    0.000000000000    -0.000000000000    0.000000000000    -0.000000000000    0.000000000000
-0.000000083758    1.300210237503    -0.010996912606    -0.000398156553    130304.796875000000    133017.656250000000    111661.179687500000    130304.789062500000    72287.523437500000    0.409340620041    -0.099885709584    -0.000117043215    0.000418447395    -0.114995703101    -0.041710741818    0.000000000000    0.000000000000    0.000000000000    0.000000000000    0.000000000000    0.000000000000
-0.000000084872    1.300075411797    -0.011141957715    -0.000458183000    130160.781250000000    133129.218750000000    128550.820312500000    130160.773437500000    34613.343750000000    0.427531480789    0.015249915421    -0.000228190343    0.000370008143    -0.099309392273    -0.074316516519    0.000000000000    0.000000000000    0.000000000000    0.000000000000    0.000000000000    0.000000000000
-0.000000085986    1.299928545952    -0.011286899447    -0.000474003667    130122.406250000000    133139.109375000000    132983.421875000000    130122.390625000000    -6437.545898437500    0.414526104927    0.132407814264    -0.000321308005    0.000293301069    -0.074588432908    -0.101478613913    0.000000000000    0.000000000000    0.000000000000    0.000000000000    0.000000000000    0.000000000000
-0.000000087099    1.299783945084    -0.011431859806    -0.000444079662    130196.250000000000    133047.687500000000    124525.406250000000    130196.242187500000    -46852.097656250000    0.369525283575    0.243842363358    -0.000389907567    0.000193954649    -0.042558226734    -0.120564676821    0.000000000000    0.000000000000    0.000000000000    0.000000000000    0.000000000000    0.000000000000
-0.000000088213    1.299655675888    -0.011576964520    -0.000371344941    130377.937500000000    132862.312500000000    104003.812500000000    130377.929687500000    -82677.750000000000    0.293463081121    0.340670496225    -0.000428692467    0.000078838086    -0.005818232894    -0.129457622766    0.000000000000    0.000000000000    0.000000000000    0.000000000000    0.000000000000    0.000000000000
-0.000000089327    1.299556016922    -0.011722324416    -0.000262921094    130652.156250000000    132595.984375000000    73426.531250000000    130652.156250000000    -110409.453125000000    0.190360248089    0.412345796824    -0.000432952511    -0.000043518226    0.032303567976    -0.126909494400    0.000000000000    0.000000000000    0.000000000000    0.000000000000    0.000000000000    0.000000000000
-0.000000090441    1.299494743347    -0.011868030764    -0.000129421838    130994.031250000000    132266.765625000000    35786.339843750000    130994.031250000000    -127333.562500000000    0.067624956369    0.452158689499    -0.000402645936    -0.000163770877    0.068166002631    -0.112865313888    0.000000000000    0.000000000000    0.000000000000    0.000000000000    0.000000000000    0.000000000000
-0.000000091555    1.299477696419    -0.012014141306    0.000016085556    131371.234375000000    131898.218750000000    -5231.762695312500    131371.250000000000    -131794.437500000000    -0.064770981669    0.453732758760    -0.000338603306    -0.000272304256    0.098195835948    -0.088495984674    0.000000000000    0.000000000000    0.000000000000    0.000000000000    0.000000000000    0.000000000000
-0.000000092668    1.299506187439    -0.012160675600    0.000159359930    131747.203125000000    131519.843750000000    -45611.851562500000    131747.218750000000    -123357.312500000000    -0.194217652082    0.414206862450    -0.000244477385    -0.000359358586    0.119394138455    -0.056150697172    0.000000000000    0.000000000000    0.000000000000    0.000000000000    0.000000000000    0.000000000000
-0.000000093782    1.299577355385    -0.012307609431    0.000286381459    132084.484375000000    131165.781250000000    -81401.117187500000    132084.515625000000    -102850.953125000000    -0.307064414024    0.335405051708    -0.000127065534    -0.000416075462    0.129735127091    -0.019052572548    0.000000000000    0.000000000000    0.000000000000    0.000000000000    0.000000000000    0.000000000000
-0.000000094896    1.299684166908    -0.012454880401    0.000384724699    132348.687500000000    130872.304687500000    -109097.679687500000    132348.718750000000    -72285.906250000000    -0.390656471252    0.224241301417    0.000003822199    -0.000435726892    0.128415212035    0.019130835310    0.000000000000    0.000000000000    0.000000000000    0.000000000000    0.000000000000    0.000000000000
-0.000000096010    1.299816131592    -0.012602391653    0.000444774632    132511.859375000000    130673.250000000000    -125993.765625000000    132511.890625000000    -34656.406250000000    -0.434209108353    0.092561468482    0.000135562950    -0.000413931673    0.115882217884    0.054748706520    0.000000000000    0.000000000000    0.000000000000    0.000000000000    0.000000000000    0.000000000000
-0.000000097124    1.299960136414    -0.012750020251    0.000460666197    132555.468750000000    130594.968750000000    -130440.289062500000    132555.500000000000    6354.012695312500    -0.434234052896    -0.044933587313    0.000254830462    -0.000352689269    0.093714118004    0.084668211639    0.000000000000    0.000000000000    0.000000000000    0.000000000000    0.000000000000    0.000000000000
-0.000000098237    1.300101876259    -0.012897626497    0.000430855289    132472.437500000000    130651.218750000000    -122006.875000000000    132472.468750000000    46733.933593750000    -0.392493546009    -0.173860400915    0.000349812093    -0.000258184155    0.064260736108    0.106543764472    0.000000000000    0.000000000000    0.000000000000    0.000000000000    0.000000000000    0.000000000000
-0.000000099351    1.300227284431    -0.013045071624    0.000358266348    132268.140625000000    130840.132812500000    -101522.570312500000    132268.171875000000    82536.695312500000    -0.315206706524    -0.281844377518    0.000411388435    -0.000139971322    0.030284067616    0.118929103017    0.000000000000    0.000000000000    0.000000000000    0.000000000000    0.000000000000    0.000000000000
-0.000000100465    1.300324082375    -0.013192230836    0.000250003330    131960.125000000000    131143.406250000000    -70993.281250000000    131960.156250000000    110265.796875000000    -0.211951270700    -0.360068529844    0.000434316054    -0.000009957694    -0.005355997011    0.121253892779    0.000000000000    0.000000000000    0.000000000000    0.000000000000    0.000000000000    0.000000000000
-0.000000101579    1.300382733345    -0.013338999823    0.000116652707    131576.578125000000    131528.171875000000    -33404.742187500000    131576.593750000000    127215.500000000000    -0.093727856874    -0.403891950846    0.000417681847    0.000119288743    -0.039931714535    0.113688334823    -0.000000000000    0.000000000000    -0.000000000000    0.000000000000    -0.000000000000    0.000000000000
-0.000000102693    1.300397276878    -0.013485317118    -0.000028752243    131153.781250000000    131951.109375000000    7569.588867187500    131153.796875000000    131733.828125000000    0.028712794185    -0.412509322166    0.000364601990    0.000236100110    -0.070963673294    0.097002141178    -0.000000000000    0.000000000000    -0.000000000000    0.000000000000    -0.000000000000    0.000000000000
-0.000000103806    1.300366282463    -0.013631159440    -0.000172004817    130732.750000000000    132364.390625000000    47927.027343750000    130732.750000000000    123382.882812500000    0.146064817905    -0.387960076332    0.000281352550    0.000330949988    -0.096259281039    0.072446316481    -0.000000000000    0.000000000000    -0.000000000000    0.000000000000    -0.000000000000    0.000000000000
-0.000000104920    1.300292372704    -0.013776554726    -0.000299111969    130355.164062500000    132721.953125000000    83725.898437500000    130355.156250000000    102981.046875000000    0.250808775425    -0.334002315998    0.000176237634    0.000397074095    -0.113939970732    0.041715361178    -0.000000000000    0.000000000000    -0.000000000000    0.000000000000    -0.000000000000    0.000000000000
-0.000000106034    1.300182700157    -0.013921570964    -0.000397660391    130059.312500000000    132985.484375000000    111469.828125000000    130059.304687500000    72523.265625000000    0.337002724409    -0.255151182413    0.000058437356    0.000430597254    -0.122490443289    0.006939578801    -0.000000000000    0.000000000000    -0.000000000000    0.000000000000    -0.000000000000    0.000000000000
-0.000000107148    1.300047993660    -0.014066318050    -0.000458028604    129876.203125000000    133128.484375000000    128448.890625000000    129876.195312500000    34986.882812500000    0.399678438902    -0.156360283494    -0.000062825195    0.000430205691    -0.120893217623    -0.029312919825    -0.000000000000    0.000000000000    -0.000000000000    0.000000000000    -0.000000000000    0.000000000000
-0.000000108262    1.299901247025    -0.014210934751    -0.000474327622    129826.328125000000    133138.015625000000    133004.656250000000    129826.312500000000    -5958.346679687500    0.434410780668    -0.043253675103    -0.000178751128    0.000396707183    -0.108818426728    -0.064109191298    0.000000000000    0.000000000000    0.000000000000    0.000000000000    0.000000000000    0.000000000000
-0.000000109376    1.299756526947    -0.014355574735    -0.000444977486    129917.398437500000    133014.234375000000    124692.968750000000    129917.390625000000    -46308.285156250000    0.437375664711    0.077331170440    -0.000281144050    0.000332695025    -0.086820781231    -0.094343304634    0.000000000000    0.000000000000    0.000000000000    0.000000000000    0.000000000000    0.000000000000
-0.000000110489    1.299627780914    -0.014500391670    -0.000372862996    130143.312500000000    132768.312500000000    104328.492187500000    130143.304687500000    -82115.781250000000    0.405738204718    0.196493163705    -0.000362111372    0.000242265407    -0.056465752423    -0.117036700249    0.000000000000    0.000000000000    0.000000000000    0.000000000000    0.000000000000    0.000000000000
-0.000000111603    1.299527645111    -0.014645526186    -0.000265052833    130484.421875000000    132420.171875000000    73905.906250000000    130484.421875000000    -109877.328125000000    0.339472323656    0.303545832634    -0.000414521113    0.000131716690    -0.020319756120    -0.129740059376    0.000000000000    0.000000000000    0.000000000000    0.000000000000    0.000000000000    0.000000000000
-0.000000112717    1.299465775490    -0.014791090973    -0.000132108282    130909.250000000000    131996.359375000000    36405.000000000000    130909.250000000000    -126876.781250000000    0.242429107428    0.389111012220    -0.000434394839    0.000009386396    0.018283586949    -0.130954220891    0.000000000000    0.000000000000    0.000000000000    0.000000000000    0.000000000000    0.000000000000
-0.000000113831    1.299447894096    -0.014937156811    0.000012950881    131377.359375000000    131529.171875000000    -4501.039062500000    131377.375000000000    -131452.156250000000    0.121284037828    0.443351566792    -0.000418677373    -0.000115553608    0.055590741336    -0.120352998376    0.000000000000    0.000000000000    0.000000000000    0.000000000000    0.000000000000    0.000000000000
-0.000000114945    1.299475550652    -0.015083746985    0.000155922055    131843.250000000000    131056.203125000000    -44805.906250000000    131843.265625000000    -123159.085937500000    -0.013538643718    0.458615481853    -0.000366853114    -0.000232726365    0.087910115719    -0.098909743130    0.000000000000    0.000000000000    0.000000000000    0.000000000000    0.000000000000    0.000000000000
-0.000000116058    1.299546003342    -0.015230833553    0.000282811641    132260.687500000000    130618.562500000000    -80563.453125000000    132260.718750000000    -102814.093750000000    -0.148749649525    0.431146621704    -0.000281642919    -0.000331305491    0.112101629376    -0.068794466555    0.000000000000    0.000000000000    0.000000000000    0.000000000000    0.000000000000    0.000000000000
-0.000000117172    1.299652099609    -0.015378338285    0.000381205929    132587.437500000000    130258.242187500000    -108274.796875000000    132587.468750000000    -72413.914062500000    -0.269957959652    0.362273722887    -0.000169384308    -0.000401226687    0.125975847244    -0.033068913966    0.000000000000    0.000000000000    0.000000000000    0.000000000000    0.000000000000    0.000000000000
-0.000000118286    1.299783229828    -0.015526140109    0.000441485987    132789.437500000000    130013.671875000000    -125231.164062500000    132789.468750000000    -34938.609375000000    -0.362991243601    0.258607298136    -0.000039888226    -0.000433851877    0.128506138921    0.004734192044    0.000000000000    0.000000000000    0.000000000000    0.000000000000    0.000000000000    0.000000000000
-0.000000119400    1.299926400185    -0.015674086288    0.000457767164    132844.406250000000    129914.492187500000    -129778.531250000000    132844.437500000000    5941.666015625000    -0.417905300856    0.132092013955    0.000093880604    -0.000424968486    0.119890816510    0.041091665626    0.000000000000    0.000000000000    0.000000000000    0.000000000000    0.000000000000    0.000000000000
-0.000000120514    1.300067543983    -0.015822008252    0.000428472005    132744.234375000000    129976.242187500000    -121477.976562500000    132744.265625000000    46226.847656250000    -0.430986285210    -0.003230482340    0.000218567555    -0.000375924777    0.101371377707    0.072913967073    0.000000000000    0.000000000000    0.000000000000    0.000000000000    0.000000000000    0.000000000000
-0.000000121627    1.300192713737    -0.015969732776    0.000356480654    132495.953125000000    130196.843750000000    -101147.054687500000    132495.984375000000    81978.593750000000    -0.403001487255    -0.133499413729    0.000322010601    -0.000291867036    0.074922852218    0.097770333290    0.000000000000    0.000000000000    0.000000000000    0.000000000000    0.000000000000    0.000000000000
-0.000000122741    1.300289392471    -0.016117110848    0.000248845434    132121.421875000000    130555.460937500000    -70778.281250000000    132121.453125000000    109704.890625000000    -0.339223325253    -0.246782183647    0.000394673873    -0.000181635492    0.042958736420    0.114000499249    0.000000000000    0.000000000000    0.000000000000    0.000000000000    0.000000000000    0.000000000000
-0.000000123855    1.300347924232    -0.016264015809    0.000116098519    131655.421875000000    131014.234375000000    -33343.316406250000    131655.437500000000    126700.257812500000    -0.247918277979    -0.334405809641    0.000430726679    -0.000056406971    0.008065935224    0.120683364570    0.000000000000    0.000000000000    0.000000000000    0.000000000000    0.000000000000    0.000000000000
-0.000000124969    1.300362467766    -0.016410369426    -0.000028778926    131142.265625000000    131522.593750000000    7497.831054687500    131142.281250000000    131308.718750000000    -0.138631224632    -0.391326814890    0.000428399682    0.000071883522    -0.027161758393    0.117546454072    0.000000000000    0.000000000000    0.000000000000    0.000000000000    0.000000000000    0.000000000000
-0.000000126083    1.300331473351    -0.016556151211    -0.000171625667    130631.828125000000    132023.625000000000    47754.035156250000    130631.828125000000    123084.507812500000    -0.020739413798    -0.415685236454    0.000389668508    0.000192001593    -0.060204442590    0.104879342020    -0.000000000000    0.000000000000    -0.000000000000    0.000000000000    -0.000000000000    0.000000000000
-0.000000127196    1.300257921219    -0.016701385379    -0.000298483530    130174.523437500000    132461.265625000000    83492.281250000000    130174.515625000000    102834.968750000000    0.097351275384    -0.407891720533    0.000319454091    0.000294457597    -0.088653795421    0.083501935005    -0.000000000000    0.000000000000    -0.000000000000    0.000000000000    -0.000000000000    0.000000000000
-0.000000128310    1.300148725510    -0.016846165061    -0.000396960444    129816.421875000000    132787.328125000000    111221.210937500000    129816.414062500000    72541.890625000000    0.208326324821    -0.369719713926    0.000224639312    0.000372034701    -0.110272385180    0.054787915200    -0.000000000000    0.000000000000    -0.000000000000    0.000000000000    -0.000000000000    0.000000000000
-0.000000129424    1.300014376640    -0.016990618780    -0.000457440939    129594.625000000000    132967.078125000000    128231.945312500000    129594.617187500000    35168.457031250000    0.305603086948    -0.303739190102    0.000113165755    0.000419856980    -0.123108074069    0.020708136261    -0.000000000000    0.000000000000    -0.000000000000    0.000000000000    -0.000000000000    0.000000000000
-0.000000130538    1.299867749214    -0.017134910449    -0.000474026281    129533.382812500000    132982.281250000000    132863.109375000000    129533.367187500000    -5629.480468750000    0.382837325335    -0.213387280703    -0.000006559792    0.000435165566    -0.125704243779    -0.016160842031    -0.000000000000    0.000000000000    -0.000000000000    0.000000000000    -0.000000000000    0.000000000000
-0.000000131652    1.299723029137    -0.017279228196    -0.000445111888    129641.460937500000    132831.703125000000    124663.968750000000    129641.453125000000    -45860.281250000000    0.433762252331    -0.103432498872    -0.000125992985    0.000417083153    -0.117345750332    -0.052735757083    0.000000000000    0.000000000000    0.000000000000    0.000000000000    0.000000000000    0.000000000000
-0.000000132765    1.299594283104    -0.017423760146    -0.000373545365    129911.078125000000    132529.421875000000    104439.625000000000    129911.070312500000    -81586.890625000000    0.451848864555    0.018755778670    -0.000235983782    0.000365953747    -0.098303072155    -0.085643358529    0.000000000000    0.000000000000    0.000000000000    0.000000000000    0.000000000000    0.000000000000
-0.000000133879    1.299494028091    -0.017568672076    -0.000266348623    130318.281250000000    132101.765625000000    74172.937500000000    130318.281250000000    -109312.656250000000    0.433632940054    0.143783003092    -0.000327948394    0.000285372575    -0.069980069995    -0.111631825566    0.000000000000    0.000000000000    0.000000000000    0.000000000000    0.000000000000    0.000000000000
-0.000000134993    1.299431681633    -0.017714094371    -0.000134030604    130825.093750000000    131584.062500000000    36830.578125000000    130825.093750000000    -126324.492187500000    0.378522932529    0.261299014091    -0.000394736970    0.000181077863    -0.034857261926    -0.128000676632    0.000000000000    0.000000000000    0.000000000000    0.000000000000    0.000000000000    0.000000000000
-0.000000136107    1.299413323402    -0.017860116437    0.000010442402    131383.000000000000    131018.367187500000    -3927.643554687500    131383.015625000000    -130959.492187500000    0.288720667362    0.359609574080    -0.000429923151    0.000060257447    0.003738187253    -0.132962569594    0.000000000000    0.000000000000    0.000000000000    0.000000000000    0.000000000000    0.000000000000
-0.000000137221    1.299440145493    -0.018006760627    0.000152917986    131937.687500000000    130451.414062500000    -44108.035156250000    131937.703125000000    -122768.289062500000    0.170797437429    0.427520960569    -0.000428911851    -0.000067759887    0.042021069676    -0.125960454345    0.000000000000    0.000000000000    0.000000000000    0.000000000000    0.000000000000    0.000000000000
-0.000000138334    1.299509763718    -0.018153999001    0.000279445172    132434.234375000000    129932.312500000000    -79775.203125000000    132434.265625000000    -102558.867187500000    0.035455167294    0.456287235022    -0.000389909022    -0.000191978688    0.076239317656    -0.107747904956    0.000000000000    0.000000000000    0.000000000000    0.000000000000    0.000000000000    0.000000000000
-0.000000139448    1.299614787102    -0.018301732838    0.000377641612    132822.625000000000    129509.265625000000    -107438.257812500000    132822.656250000000    -72316.437500000000    -0.103538528085    0.441399991512    -0.000314736069    -0.000300650659    0.103164874017    -0.080281265080    0.000000000000    0.000000000000    0.000000000000    0.000000000000    0.000000000000    0.000000000000
-0.000000140562    1.299744963646    -0.018449818715    0.000437905604    133062.812500000000    129225.062500000000    -124392.875000000000    133062.843750000000    -35007.523437500000    -0.230998694897    0.383507013321    -0.000209102829    -0.000382385275    0.120462052524    -0.046404130757    0.000000000000    0.000000000000    0.000000000000    0.000000000000    0.000000000000    0.000000000000
-0.000000141676    1.299887180328    -0.018598077819    0.000454354187    133128.796875000000    129111.843750000000    -128985.414062500000    133128.828125000000    5712.061523437500    -0.332157373428    0.289030849934    -0.000082824132    -0.000427381543    0.126896023750    -0.009448230267    0.000000000000    0.000000000000    0.000000000000    0.000000000000    0.000000000000    0.000000000000
-0.000000142790    1.300027489662    -0.018746308982    0.000425395730    133011.343750000000    129185.851562500000    -120773.296875000000    133011.375000000000    45856.210937500000    -0.398369073868    0.169715881348    0.000051075127    -0.000431929482    0.122395239770    0.027246586978    0.000000000000    0.000000000000    0.000000000000    0.000000000000    0.000000000000    0.000000000000
-0.000000143903    1.300151824951    -0.018894311041    0.000353881362    132719.296875000000    129443.796875000000    -100566.531250000000    132719.328125000000    81498.882812500000    -0.424804806709    0.038617447019    0.000179387775    -0.000395925133    0.107819654047    0.060655415058    0.000000000000    0.000000000000    0.000000000000    0.000000000000    0.000000000000    0.000000000000
-0.000000145017    1.300247907639    -0.019041901454    0.000246822223    132278.859375000000    129861.687500000000    -70346.820312500000    132278.890625000000    109157.601562500000    -0.411511451006    -0.091228403151    0.000289880176    -0.000323682296    0.084732174873    0.088284641504    0.000000000000    0.000000000000    0.000000000000    0.000000000000    0.000000000000    0.000000000000
-0.000000146131    1.300306081772    -0.019188936800    0.000114700670    131731.234375000000    130396.632812500000    -33072.769531250000    131731.250000000000    126132.765625000000    -0.362595558167    -0.208532243967    0.000372762064    -0.000223127048    0.055157870054    0.108256563544    0.000000000000    0.000000000000    0.000000000000    0.000000000000    0.000000000000    0.000000000000
-0.000000147245    1.300320267677    -0.019335325807    -0.000029556286    131128.781250000000    130991.343750000000    7609.724609375000    131128.796875000000    130770.132812500000    -0.284807324409    -0.304815739393    0.000421661010    -0.000104506129    0.021387472749    0.119292266667    0.000000000000    0.000000000000    0.000000000000    0.000000000000    0.000000000000    0.000000000000
-0.000000148359    1.300289273262    -0.019481042400    -0.000171841064    130530.117187500000    131580.812500000000    47723.386718750000    130530.117187500000    122621.335937500000    -0.185988932848    -0.374594867229    0.000433924783    0.000021108659    -0.014135261998    0.120657704771    0.000000000000    0.000000000000    0.000000000000    0.000000000000    0.000000000000    0.000000000000
-0.000000149472    1.300215721130    -0.019626120105    -0.000298243947    129994.296875000000    132099.984375000000    83347.507812500000    129994.289062500000    102487.101562500000    -0.074038200080    -0.414842635393    0.000410283421    0.000143059005    -0.048858299851    0.112159334123    -0.000000000000    0.000000000000    -0.000000000000    0.000000000000    -0.000000000000    0.000000000000
-0.000000150586    1.300106525421    -0.019770663232    -0.000396412011    129575.070312500000    132491.687500000000    111000.453125000000    129575.062500000000    72339.171875000000    0.043582260609    -0.424228936434    0.000354173593    0.000251981779    -0.080169707537    0.094184935093    -0.000000000000    0.000000000000    -0.000000000000    0.000000000000    -0.000000000000    0.000000000000
-0.000000151700    1.299972295761    -0.019914820790    -0.000456756272    129315.500000000000    132713.140625000000    127979.656250000000    129315.492187500000    35128.210937500000    0.159765809774    -0.402449786663    0.000270927936    0.000340248866    -0.105486683547    0.067784570158    -0.000000000000    0.000000000000    -0.000000000000    0.000000000000    -0.000000000000    0.000000000000
-0.000000152814    1.299826025963    -0.020058793947    -0.000473389548    129243.531250000000    132740.296875000000    132626.171875000000    129243.515625000000    -5503.853515625000    0.267254352570    -0.350104868412    0.000167146121    0.000401976140    -0.122445091605    0.034764900804    -0.000000000000    0.000000000000    -0.000000000000    0.000000000000    -0.000000000000    0.000000000000
-0.000000153928    1.299681663513    -0.020202796906    -0.000444703124    129368.976562500000    132569.593750000000    124487.804687500000    129368.968750000000    -45579.503906250000    0.358316987753    -0.269111663103    0.000050330687    0.000432938512    -0.129173219204    -0.002305984497    -0.000000000000    0.000000000000    -0.000000000000    0.000000000000    -0.000000000000    0.000000000000
-0.000000155041    1.299553155899    -0.020347049460    -0.000373525196    129682.312500000000    132216.781250000000    104364.398437500000    129682.304687500000    -81174.859375000000    0.423426955938    -0.163787811995    -0.000070820577    0.000429358333    -0.124582849443    -0.040196850896    0.000000000000    0.000000000000    0.000000000000    0.000000000000    0.000000000000    0.000000000000
-0.000000156155    1.299452900887    -0.020491737872    -0.000266844669    130155.265625000000    131713.781250000000    74230.250000000000    130155.265625000000    -108804.398437500000    0.456784456968    -0.041353240609    -0.000187185055    0.000392076938    -0.108707599342    -0.075374990702    0.000000000000    0.000000000000    0.000000000000    0.000000000000    0.000000000000    0.000000000000
-0.000000157269    1.299390435219    -0.020637026057    -0.000135126567    130743.382812500000    131104.625000000000    37040.890625000000    130743.382812500000    -125763.265625000000    0.453136056662    0.088942348957    -0.000289907970    0.000323030603    -0.082757569849    -0.104360930622    0.000000000000    0.000000000000    0.000000000000    0.000000000000    0.000000000000    0.000000000000
-0.000000158383    1.299371600151    -0.020783007145    0.000008713945    131390.140625000000    130441.625000000000    -3556.740234375000    131390.156250000000    -130393.132812500000    0.409870266914    0.215417712927    -0.000370215654    0.000226268225    -0.049098536372    -0.124198175967    0.000000000000    0.000000000000    0.000000000000    0.000000000000    0.000000000000    0.000000000000
-0.000000159497    1.299398183823    -0.020929710940    0.000150578417    132032.484375000000    129781.843750000000    -43582.542968750000    132032.500000000000    -122245.203125000000    0.328530550003    0.325168043375    -0.000420204771    0.000108499094    -0.010997369885    -0.132869362831    0.000000000000    0.000000000000    0.000000000000    0.000000000000    0.000000000000    0.000000000000
-0.000000160610    1.299467206001    -0.021077100188    0.000276568200    132606.875000000000    129183.515625000000    -79114.367187500000    132606.906250000000    -102123.929687500000    0.215521201491    0.405856251717    -0.000433843903    -0.000020880572    0.027786750346    -0.129593700171    0.000000000000    0.000000000000    0.000000000000    0.000000000000    0.000000000000    0.000000000000
-0.000000161724    1.299571633339    -0.021225061268    0.000374347146    133055.671875000000    128701.890625000000    -106673.093750000000    133055.703125000000    -72007.117187500000    0.081685401499    0.447848051786    -0.000408144406    -0.000150385313    0.063503652811    -0.114893734455    0.000000000000    0.000000000000    0.000000000000    0.000000000000    0.000000000000    0.000000000000
-0.000000162838    1.299700975418    -0.021373430267    0.000434349553    133332.890625000000    128384.304687500000    -123563.593750000000    133332.921875000000    -34850.582031250000    -0.059011504054    0.445994824171    -0.000344051834    -0.000267552881    0.092885017395    -0.090468809009    0.000000000000    0.000000000000    0.000000000000    0.000000000000    0.000000000000    0.000000000000
-0.000000163952    1.299842357635    -0.021521998569    0.000450715248    133408.906250000000    128264.859375000000    -128138.000000000000    133408.937500000000    5702.944335937500    -0.190159469843    0.399705618620    -0.000246202981    -0.000359200785    0.113456517458    -0.058895513415    0.000000000000    0.000000000000    0.000000000000    0.000000000000    0.000000000000    0.000000000000
-0.000000165066    1.299981713295    -0.021670533344    0.000421859790    133273.562500000000    128359.492187500000    -119955.570312500000    133273.593750000000    45681.703125000000    -0.298990190029    0.316429853439    -0.000125180130    -0.000416656345    0.123828485608    -0.023230146617    0.000000000000    0.000000000000    0.000000000000    0.000000000000    0.000000000000    0.000000000000
-0.000000166180    1.300105094910    -0.021818803623    0.000350625574    132937.484375000000    128662.484375000000    -99823.906250000000    132937.515625000000    81174.015625000000    -0.375970542431    0.206351950765    0.000006849012    -0.000434702786    0.123594462872    0.013395164162    0.000000000000    0.000000000000    0.000000000000    0.000000000000    0.000000000000    0.000000000000
-0.000000167293    1.300200343132    -0.021966600791    0.000243999486    132431.187500000000    129145.703125000000    -69718.250000000000    132431.218750000000    108710.523437500000    -0.415922433138    0.081473082304    0.000136950111    -0.000412434892    0.113209247589    0.048059150577    0.000000000000    0.000000000000    0.000000000000    0.000000000000    0.000000000000    0.000000000000
-0.000000168407    1.300257921219    -0.022113762796    0.000112426351    131802.375000000000    129760.734375000000    -32587.214843750000    131802.390625000000    125602.242187500000    -0.418060660362    -0.046225085855    0.000253016653    -0.000353219220    0.093791656196    0.078218415380    0.000000000000    0.000000000000    0.000000000000    0.000000000000    0.000000000000    0.000000000000
-0.000000169521    1.300271749496    -0.022260181606    -0.000031214360    131111.406250000000    130443.765625000000    7935.854980468750    131111.421875000000    130202.156250000000    -0.385166555643    -0.166223704815    0.000345124194    -0.000263909867    0.066954702139    0.101781107485    0.000000000000    0.000000000000    0.000000000000    0.000000000000    0.000000000000    0.000000000000
-0.000000170635    1.300240397453    -0.022405829281    -0.000172868458    130425.554687500000    131122.468750000000    47887.648437500000    130425.554687500000    122065.054687500000    -0.322219431400    -0.270317375660    0.000406435807    -0.000153593035    0.034668043256    0.117098167539    0.000000000000    0.000000000000    0.000000000000    0.000000000000    0.000000000000    0.000000000000
-0.000000171749    1.300166606903    -0.022550746799    -0.000298680738    129812.445312500000    131724.000000000000    83361.546875000000    129812.437500000000    101990.554687500000    -0.235244512558    -0.352518737316    0.000433373498    -0.000032321201    -0.000783052295    0.122979141772    0.000000000000    0.000000000000    0.000000000000    0.000000000000    0.000000000000    0.000000000000
-0.000000172862    1.300057411194    -0.022695051506    -0.000396349235    129333.414062500000    132183.296875000000    110888.828125000000    129333.406250000000    71945.125000000000    -0.130557939410    -0.408558875322    0.000425347884    0.000089965644    -0.036827139556    0.118748098612    -0.000000000000    0.000000000000    -0.000000000000    0.000000000000    -0.000000000000    0.000000000000
-0.000000173976    1.299923300743    -0.022838920355    -0.000456327893    129037.382812500000    132450.203125000000    127777.578125000000    129037.375000000000    34870.519531250000    -0.014606237411    -0.435256034136    0.000384193874    0.000204144104    -0.070659056306    0.104358278215    -0.000000000000    0.000000000000    -0.000000000000    0.000000000000    -0.000000000000    0.000000000000
-0.000000175090    1.299777150154    -0.022982574999    -0.000472760905    128955.867187500000    132494.906250000000    132376.406250000000    128955.851562500000    -5603.083984375000    0.105642363429    -0.430221974850    0.000313608616    0.000302177767    -0.099380291998    0.080549091101    -0.000000000000    0.000000000000    -0.000000000000    0.000000000000    -0.000000000000    0.000000000000
-0.000000176204    1.299633026123    -0.023126268759    -0.000444056845    129099.617187500000    132310.734375000000    124236.960937500000    129099.609375000000    -45511.714843750000    0.221935421228    -0.391942083836    0.000218675268    0.000376905024    -0.120239555836    0.048958260566    -0.000000000000    0.000000000000    -0.000000000000    0.000000000000    -0.000000000000    0.000000000000
-0.000000177318    1.299504876137    -0.023270241916    -0.000373045506    129457.296875000000    131914.000000000000    104159.046875000000    129457.289062500000    -80945.687500000000    0.324036955833    -0.320972591639    0.000106155392    0.000421682053    -0.130968689919    0.012143451720    -0.000000000000    0.000000000000    -0.000000000000    0.000000000000    -0.000000000000    0.000000000000
-0.000000178431    1.299404621124    -0.023414717987    -0.000266701711    129996.242187500000    131341.156250000000    74113.046875000000    129996.242187500000    -108433.210937500000    0.404006034136    -0.221597835422    -0.000015332571    0.000433905167    -0.130210354924    -0.026624988765    -0.000000000000    0.000000000000    -0.000000000000    0.000000000000    -0.000000000000    0.000000000000
-0.000000179545    1.299342155457    -0.023559870198    -0.000135462033    130665.523437500000    130644.304687500000    37047.105468750000    130665.523437500000    -125281.484375000000    0.453018635511    -0.100114166737    -0.000136986317    0.000411573623    -0.117702543736    -0.063656538725    0.000000000000    0.000000000000    0.000000000000    0.000000000000    0.000000000000    0.000000000000
-0.000000180659    1.299323201180    -0.023705812171    0.000007798912    131400.593750000000    129886.218750000000    -3402.166992187500    131400.609375000000    -129841.664062500000    0.463990032673    0.033745944500    -0.000249141740    0.000354899996    -0.094461083412    -0.095288202167    0.000000000000    0.000000000000    0.000000000000    0.000000000000    0.000000000000    0.000000000000
-0.000000181773    1.299349427223    -0.023852575570    0.000149031970    132129.718750000000    129135.125000000000    -43267.160156250000    132129.734375000000    -121671.007812500000    0.433190584183    0.167464137077    -0.000341870444    0.000266892341    -0.062703922391    -0.118369184434    0.000000000000    0.000000000000    0.000000000000    0.000000000000    0.000000000000    0.000000000000
-0.000000182887    1.299417853355    -0.024000115693    0.000274392369    132780.781250000000    128459.554687500000    -78639.382812500000    132780.812500000000    -101576.093750000000    0.361582994461    0.287126749754    -0.000405904866    0.000153765577    -0.025588981807    -0.130691692233    0.000000000000    0.000000000000    0.000000000000    0.000000000000    0.000000000000    0.000000000000
-0.000000184000    1.299521684647    -0.024148305878    0.000371597824    133288.640625000000    127922.859375000000    -106053.468750000000    133288.671875000000    -71532.625000000000    0.255294263363    0.379533678293    -0.000433934183    0.000024861689    0.013217873871    -0.131253495812    0.000000000000    0.000000000000    0.000000000000    0.000000000000    0.000000000000    0.000000000000
-0.000000185114    1.299650192261    -0.024296954274    0.000431131950    133601.437500000000    127577.531250000000    -122826.882812500000    133601.468750000000    -34490.292968750000    0.125113055110    0.434364825487    -0.000421869801    -0.000108013424    0.050027579069    -0.120327517390    0.000000000000    0.000000000000    0.000000000000    0.000000000000    0.000000000000    0.000000000000
-0.000000186228    1.299790620804    -0.024445828050    0.000447174913    133686.140625000000    127459.515625000000    -127322.039062500000    133686.171875000000    5917.923828125000    -0.014503687620    0.445102602243    -0.000369170943    -0.000231322760    0.081552371383    -0.099312596023    0.000000000000    0.000000000000    0.000000000000    0.000000000000    0.000000000000    0.000000000000
-0.000000187342    1.299929022789    -0.024594662711    0.000418170239    133531.703125000000    127583.515625000000    -119105.273437500000    133531.734375000000    45732.753906250000    -0.148234575987    0.412194013596    -0.000281078217    -0.000332256954    0.105266176164    -0.070466697216    0.000000000000    0.000000000000    0.000000000000    0.000000000000    0.000000000000    0.000000000000
-0.000000188456    1.300051450729    -0.024743199348    0.000346973189    133150.625000000000    127940.203125000000    -98987.390625000000    133150.656250000000    81056.710937500000    -0.263450860977    0.341828435659    -0.000167202699    -0.000401443220    0.119563832879    -0.036525588483    0.000000000000    0.000000000000    0.000000000000    0.000000000000    0.000000000000    0.000000000000
-0.000000189569    1.300145745277    -0.024891199544    0.000240567460    132577.875000000000    128496.039062500000    -68942.546875000000    132577.906250000000    108435.039062500000    -0.350579530001    0.242917895317    -0.000039025661    -0.000432911562    0.123698510230    -0.000368095934    0.000000000000    0.000000000000    0.000000000000    0.000000000000    0.000000000000    0.000000000000
-0.000000190683    1.300202250481    -0.025038480759    0.000109378736    131867.703125000000    129196.265625000000    -31914.054687500000    131867.718750000000    125192.523437500000    -0.404078811407    0.126185104251    0.000090997099    -0.000424928498    0.117699965835    0.035210262984    0.000000000000    0.000000000000    0.000000000000    0.000000000000    0.000000000000    0.000000000000
-0.000000191797    1.300215363503    -0.025184923783    -0.000033746917    131088.406250000000    129970.289062500000    8473.763671875000    131088.421875000000    129693.773437500000    -0.422235518694    0.002337992191    0.000211087026    -0.000379815960    0.102217115462    0.067630581558    0.000000000000    0.000000000000    0.000000000000    0.000000000000    0.000000000000    0.000000000000
-0.000000192911    1.300183534622    -0.025330495089    -0.000174799992    130315.992187500000    130739.023437500000    48269.496093750000    130315.992187500000    121502.070312500000    -0.406280457973    -0.119051456451    0.000311350304    -0.000303161272    0.078421980143    0.094581812620    0.000000000000    0.000000000000    0.000000000000    0.000000000000    0.000000000000    0.000000000000
-0.000000194025    1.300109505653    -0.025475246832    -0.000299977313    129626.562500000000    131422.937500000000    83580.156250000000    129626.554687500000    101421.664062500000    -0.359308779240    -0.230018079281    0.000384494255    -0.000202738986    0.047960788012    0.114055037498    0.000000000000    0.000000000000    0.000000000000    0.000000000000    0.000000000000    0.000000000000
-0.000000195138    1.300000309944    -0.025619309396    -0.000397031748    129088.968750000000    131950.312500000000    110951.164062500000    129088.960937500000    71419.398437500000    -0.285367667675    -0.324045866728    0.000426008191    -0.000087401320    0.012948416173    0.124402604997    0.000000000000    0.000000000000    0.000000000000    0.000000000000    0.000000000000    0.000000000000
-0.000000196252    1.299866318703    -0.025762883946    -0.000456470152    128757.890625000000    132264.687500000000    127703.992187500000    128757.882812500000    34433.191406250000    -0.189133211970    -0.395546138287    0.000433912704    0.000033751836    -0.024034226313    0.124477215111    0.000000000000    0.000000000000    0.000000000000    0.000000000000    0.000000000000    0.000000000000
-0.000000197366    1.299720406532    -0.025906221941    -0.000472483196    128668.312500000000    132330.921875000000    132198.718750000000    128668.296875000000    -5914.432617187500    -0.076066479087    -0.439458310604    0.000408370193    0.000151889937    -0.060011886060    0.113815963268    -0.000000000000    0.000000000000    -0.000000000000    0.000000000000    -0.000000000000    0.000000000000
-0.000000198480    1.299576520920    -0.026049602777    -0.000443515513    128831.765625000000    132138.984375000000    123995.726562500000    128831.757812500000    -45670.312500000000    0.046276181936    -0.450453042984    0.000350725459    0.000257912965    -0.091776564717    0.092851549387    -0.000000000000    0.000000000000    -0.000000000000    0.000000000000    -0.000000000000    0.000000000000
-0.000000199594    1.299448490143    -0.026193298399    -0.000372419599    129234.984375000000    131704.734375000000    103900.031250000000    129234.976562500000    -80937.796875000000    0.169037669897    -0.426270514727    0.000265569251    0.000343869819    -0.116255469620    0.063059411943    -0.000000000000    0.000000000000    -0.000000000000    0.000000000000    -0.000000000000    0.000000000000
-0.000000200707    1.299348711967    -0.026337560266    -0.000266177842    129840.851562500000    131067.945312500000    73883.437500000000    129840.851562500000    -108259.179687500000    0.282843768597    -0.366934537888    0.000159172167    0.000403599610    -0.130886271596    0.026920933276    -0.000000000000    0.000000000000    -0.000000000000    0.000000000000    -0.000000000000    0.000000000000
-0.000000201821    1.299286484718    -0.026482585818    -0.000135218390    130591.820312500000    130287.960937500000    36891.695312500000    130591.820312500000    -124955.828125000000    0.376991450787    -0.274734735489    0.000038811755    0.000431730936    -0.133972659707    -0.012255096808    -0.000000000000    0.000000000000    -0.000000000000    0.000000000000    -0.000000000000    0.000000000000
-0.000000202935    1.299267649651    -0.026628496125    0.000007607590    131415.328125000000    129437.664062500000    -3444.735351562500    131415.343750000000    -129391.828125000000    0.441034197807    -0.155807793140    -0.000086570668    0.000424593425    -0.125005230308    -0.050684653223    0.000000000000    0.000000000000    0.000000000000    0.000000000000    0.000000000000    0.000000000000
-0.000000204049    1.299293756485    -0.026775324717    0.000148287771    132230.890625000000    128596.921875000000    -43167.667968750000    132230.906250000000    -121135.140625000000    0.466518163681    -0.020228266716    -0.000206653800    0.000380978920    -0.104790069163    -0.084582954645    0.000000000000    0.000000000000    0.000000000000    0.000000000000    0.000000000000    0.000000000000
-0.000000205163    1.299362063408    -0.026923019439    0.000273024343    132957.875000000000    127845.523437500000    -78380.585937500000    132957.906250000000    -100999.804687500000    0.448758840561    0.118801608682    -0.000310462026    0.000302890956    -0.075368016958    -0.110662825406    0.000000000000    0.000000000000    0.000000000000    0.000000000000    0.000000000000    0.000000000000
-0.000000206276    1.299465417862    -0.027071444318    0.000369588262    133523.656250000000    127256.109375000000    -105631.687500000000    133523.687500000000    -70965.218750000000    0.388131678104    0.246662855148    -0.000387559005    0.000195992936    -0.039727360010    -0.126551315188    0.000000000000    0.000000000000    0.000000000000    0.000000000000    0.000000000000    0.000000000000
-0.000000207390    1.299593329430    -0.027220379561    0.000428518106    133870.687500000000    126887.218750000000    -122252.562500000000    133870.718750000000    -33980.484375000000    0.290419697762    0.349555045366    -0.000429505628    0.000069475442    -0.001378968358    -0.131036505103    0.000000000000    0.000000000000    0.000000000000    0.000000000000    0.000000000000    0.000000000000
-0.000000208504    1.299733042717    -0.027369562536    0.000444046018    133962.484375000000    126776.890625000000    -126618.937500000000    133962.515625000000    6326.232421875000    0.166148424149    0.416460871696    -0.000431047403    -0.000064680804    0.036102104932    -0.124113671482    0.000000000000    0.000000000000    0.000000000000    0.000000000000    0.000000000000    0.000000000000
-0.000000209618    1.299870610237    -0.027518698946    0.000414659968    133787.375000000000    126938.117187500000    -118308.429687500000    133787.406250000000    46004.316406250000    0.029669582844    0.440061151981    -0.000390558300    -0.000192403590    0.069460615516    -0.106843605638    0.000000000000    0.000000000000    0.000000000000    0.000000000000    0.000000000000    0.000000000000
-0.000000210732    1.299992203712    -0.027667494491    0.000343248103    133359.843750000000    127356.781250000000    -98140.171875000000    133359.875000000000    81168.070312500000    -0.104878626764    0.421722948551    -0.000313767407    -0.000301310676    0.096135728061    -0.081124477088    0.000000000000    0.000000000000    0.000000000000    0.000000000000    0.000000000000    0.000000000000
-0.000000211845    1.300085544586    -0.027815690264    0.000236812659    132719.421875000000    127992.687500000000    -68092.851562500000    132719.453125000000    108376.617187500000    -0.225094944239    0.365809291601    -0.000208836776    -0.000381344114    0.114296570420    -0.049323797226    0.000000000000    0.000000000000    0.000000000000    0.000000000000    0.000000000000    0.000000000000
-0.000000212959    1.300141334534    -0.027963083237    0.000105781844    131926.968750000000    128783.554687500000    -31110.039062500000    131926.984375000000    124969.476562500000    -0.321595370770    0.279865741730    -0.000086450484    -0.000425976177    0.122848682106    -0.014033116400    0.000000000000    0.000000000000    0.000000000000    0.000000000000    0.000000000000    0.000000000000
-0.000000214073    1.300153732300    -0.028109541163    -0.000037012120    131058.921875000000    129651.523437500000    9187.994140625000    131058.929687500000    129325.562500000000    -0.388452619314    0.173067599535    0.000041655490    -0.000432622881    0.121373042464    0.022098623216    0.000000000000    0.000000000000    0.000000000000    0.000000000000    0.000000000000    0.000000000000
-0.000000215187    1.300121068954    -0.028255030513    -0.000177588590    130199.960937500000    130510.882812500000    48857.796875000000    130199.960937500000    121020.703125000000    -0.422920614481    0.054704710841    0.000164191020    -0.000402460602    0.110037483275    0.056467510760    0.000000000000    0.000000000000    0.000000000000    0.000000000000    0.000000000000    0.000000000000
-0.000000216301    1.300046443939    -0.028399607167    -0.000302185770    129434.703125000000    131276.250000000000    84017.484375000000    129434.695312500000    100868.851562500000    -0.424567967653    -0.066689200699    0.000271406083    -0.000339682476    0.089562259614    0.086555451155    0.000000000000    0.000000000000    0.000000000000    0.000000000000    0.000000000000    0.000000000000
-0.000000217414    1.299936771393    -0.028543420136    -0.000398606702    128839.453125000000    131870.578125000000    111225.625000000000    128839.445312500000    70842.890625000000    -0.394444942474    -0.183438211679    0.000355622411    -0.000250580371    0.061257265508    0.109997555614    0.000000000000    0.000000000000    0.000000000000    0.000000000000    0.000000000000    0.000000000000
-0.000000218528    1.299802541733    -0.028686696663    -0.000457412913    128474.601562500000    132232.375000000000    127817.742187500000    128474.593750000000    33882.644531250000    -0.334559559822    -0.288457006216    0.000411381014    -0.000142679957    0.027060385793    0.124706953764    0.000000000000    0.000000000000    0.000000000000    0.000000000000    0.000000000000    0.000000000000
-0.000000219642    1.299656510353    -0.028829712421    -0.000472849468    128378.460937500000    132322.062500000000    132167.640625000000    128378.445312500000    -6391.693847656250    -0.247915610671    -0.374789118767    0.000435260648    -0.000024141882    -0.010452991351    0.129081308842    0.000000000000    0.000000000000    0.000000000000    0.000000000000    0.000000000000    0.000000000000
-0.000000220756    1.299512863159    -0.028972776607    -0.000443410419    128563.250000000000    132126.250000000000    123847.851562500000    128563.242187500000    -46033.289062500000    -0.139577001333    -0.433658808470    0.000424218160    0.000095878990    -0.048124909401    0.122241914272    -0.000000000000    0.000000000000    -0.000000000000    0.000000000000    -0.000000000000    0.000000000000
-0.000000221870    1.299385190010    -0.029116198421    -0.000371988892    129013.640625000000    131659.765625000000    103673.171875000000    129013.632812500000    -81155.226562500000    -0.016593232751    -0.461074322462    0.000380669197    0.000208645084    -0.082559742033    0.104366809130    -0.000000000000    0.000000000000    -0.000000000000    0.000000000000    -0.000000000000    0.000000000000
