wc / wrf: 0.935595
 t  x  y  z vpar vper vx vy vz re(e1)  im(e1)  re(e2)  im(e2)  re(e3)  im(e3)  re(b1)  im(b1)  re(b2)  im(b2)  re(b3)  im(b3)
-0.000000000223    1.299641251564    -0.000029250361    0.000296742597    131308.453125000000    131305.031250000000    -83692.156250000000    131308.484375000000    -101176.242187500000    -0.420201510191    0.166576057673    0.000066658155    -0.000430347747    0.124604210258    0.038137383759    0.000000000000    0.000000000000    0.000000000000    0.000000000000    0.000000000000    0.000000000000
-0.000000001337    1.299750447273    -0.000175503155    0.000393070251    131310.500000000000    131282.171875000000    -110828.671875000000    131310.531250000000    -70370.531250000000    -0.446172744036    0.030901387334    0.000193038053    -0.000390704256    0.107125610113    0.071827344596    0.000000000000    0.000000000000    0.000000000000    0.000000000000    0.000000000000    0.000000000000
-0.000000002450    1.299884080887    -0.000321759027    0.000450937165    131313.515625000000    131256.187500000000    -127121.960937500000    131313.546875000000    -32683.160156250000    -0.427596271038    -0.105536103249    0.000302024098    -0.000313532713    0.080695614219    0.098427779973    0.000000000000    0.000000000000    0.000000000000    0.000000000000    0.000000000000    0.000000000000
-0.000000003564    1.300028920174    -0.000468017475    0.000464685843    131314.609375000000    131236.531250000000    -130980.218750000000    131314.640625000000    8198.056640625000    -0.367917537689    -0.228395074606    0.000382779690    -0.000206525263    0.048066288233    0.115821227431    0.000000000000    0.000000000000    0.000000000000    0.000000000000    0.000000000000    0.000000000000
-0.000000004678    1.300170898438    -0.000614274701    0.000432974659    131310.812500000000    131230.828125000000    -122028.804687500000    131310.843750000000    48275.222656250000    -0.274650633335    -0.325426191092    0.000427191408    -0.000080138358    0.012336216867    0.122902132571    0.000000000000    0.000000000000    0.000000000000    0.000000000000    0.000000000000    0.000000000000
-0.000000005792    1.300296187401    -0.000760523777    0.000358906109    131299.703125000000    131242.750000000000    -101145.515625000000    131299.734375000000    83631.593750000000    -0.158748224378    -0.388282418251    0.000431212247    0.000053054053    -0.023406386375    0.119553126395    0.000000000000    0.000000000000    0.000000000000    0.000000000000    0.000000000000    0.000000000000
-0.000000006906    1.300392389297    -0.000906755682    0.000249721052    131279.937500000000    131271.421875000000    -70373.500000000000    131279.968750000000    110814.062500000000    -0.032610349357    -0.413266479969    0.000395306794    0.000180054805    -0.056360781193    0.106480769813    -0.000000000000    0.000000000000    -0.000000000000    0.000000000000    -0.000000000000    0.000000000000
-0.000000008019    1.300450325012    -0.001052960753    0.000116088908    131251.562500000000    131311.531250000000    -32720.548828125000    131251.578125000000    127169.523437500000    0.091915048659    -0.401035606861    0.000324122404    0.000289154355    -0.084158383310    0.084995590150    -0.000000000000    0.000000000000    -0.000000000000    0.000000000000    -0.000000000000    0.000000000000
-0.000000009133    1.300464153290    -0.001199130085    -0.000028935538    131216.203125000000    131354.968750000000    8134.964843750000    131216.218750000000    131102.843750000000    0.204890638590    -0.355549097061    0.000225531287    0.000371211820    -0.104902893305    0.056836213917    -0.000000000000    0.000000000000    -0.000000000000    0.000000000000    -0.000000000000    0.000000000000
-0.000000010247    1.300432562828    -0.001345257508    -0.000171187145    131177.031250000000    131392.937500000000    48203.039062500000    131177.046875000000    122231.640625000000    0.298893243074    -0.282713592052    0.000109339402    0.000420369382    -0.117162838578    0.024054856971    -0.000000000000    0.000000000000    -0.000000000000    0.000000000000    -0.000000000000    0.000000000000
-0.000000011361    1.300358533859    -0.001491341391    -0.000296773098    131138.500000000000    131418.312500000000    83570.937500000000    131138.500000000000    101423.257812500000    0.368870794773    -0.189124852419    -0.000014054523    0.000434153684    -0.119964316487    -0.011034147814    -0.000000000000    0.000000000000    -0.000000000000    0.000000000000    -0.000000000000    0.000000000000
-0.000000012475    1.300249338150    -0.001637384878    -0.000393428898    131105.812500000000    131427.359375000000    110784.531250000000    131105.812500000000    70710.312500000000    0.411485284567    -0.081392407417    -0.000134698566    0.000413055153    -0.112849354744    -0.045872751623    0.000000000000    0.000000000000    0.000000000000    0.000000000000    0.000000000000    0.000000000000
-0.000000013588    1.300115704536    -0.001783397747    -0.000451716041    131084.281250000000    131420.125000000000    127185.312500000000    131084.281250000000    33093.085937500000    0.424459517002    0.033899024129    -0.000243701157    0.000359894009    -0.095996484160    -0.077719047666    0.000000000000    0.000000000000    0.000000000000    0.000000000000    0.000000000000    0.000000000000
-0.000000014702    1.299970865250    -0.001929395134    -0.000465944671    131078.640625000000    131399.218750000000    131170.343750000000    131078.640625000000    -7752.570312500000    0.406285047531    0.149814352393    -0.000333478471    0.000279220927    -0.070358306170    -0.103795282543    0.000000000000    0.000000000000    0.000000000000    0.000000000000    0.000000000000    0.000000000000
-0.000000015816    1.299828529358    -0.002075396711    -0.000434731133    131092.296875000000    131367.828125000000    122349.726562500000    131092.296875000000    -47833.656250000000    0.356526702642    0.258583009243    -0.000397757220    0.000176947797    -0.037760190666    -0.121548265219    0.000000000000    0.000000000000    0.000000000000    0.000000000000    0.000000000000    0.000000000000
-0.000000016930    1.299702644348    -0.002221425064    -0.000361135026    131126.703125000000    131327.625000000000    101585.843750000000    131126.703125000000    -83230.218750000000    0.276556700468    0.351508736610    -0.000431614986    0.000060193364    -0.000874008983    -0.128978714347    0.000000000000    0.000000000000    0.000000000000    0.000000000000    0.000000000000    0.000000000000
-0.000000018044    1.299605846405    -0.002367502777    -0.000252361846    131180.921875000000    131277.906250000000    70910.164062500000    131180.921875000000    -110479.156250000000    0.170664861798    0.418601423502    -0.000430966320    -0.000062487510    0.036946274340    -0.124975368381    0.000000000000    0.000000000000    0.000000000000    0.000000000000    0.000000000000    0.000000000000
-0.000000019157    1.299547314644    -0.002513650572    -0.000119059056    131251.531250000000    131216.328125000000    33325.066406250000    131251.546875000000    -126914.015625000000    0.046671532094    0.452521443367    -0.000395334675    -0.000181521405    0.072056919336    -0.109619811177    0.000000000000    0.000000000000    0.000000000000    0.000000000000    0.000000000000    0.000000000000
-0.000000020271    1.299532771111    -0.002659883583    0.000025725640    131332.812500000000    131141.062500000000    -7489.946289062500    131332.828125000000    -130927.007812500000    -0.085123315454    0.447928816080    -0.000326436100    -0.000287304341    0.100962638855    -0.084232419729    0.000000000000    0.000000000000    0.000000000000    0.000000000000    0.000000000000    0.000000000000
-0.000000021385    1.299563765526    -0.002806209493    0.000167822145    131417.062500000000    131053.351562500000    -47538.902343750000    131417.078125000000    -122127.125000000000    -0.212057873607    0.402555644512    -0.000228367760    -0.000370240537    0.120773345232    -0.051265411079    0.000000000000    0.000000000000    0.000000000000    0.000000000000    0.000000000000    0.000000000000
-0.000000022499    1.299636960030    -0.002952626906    0.000293326069    131495.421875000000    130959.007812500000    -82901.460937500000    131495.453125000000    -101378.539062500000    -0.320614099503    0.318879872561    -0.000108349159    -0.000421755249    0.129609063268    -0.014005880803    0.000000000000    0.000000000000    0.000000000000    0.000000000000    0.000000000000    0.000000000000
-0.000000023613    1.299745321274    -0.003099124180    0.000389960565    131558.781250000000    130868.375000000000    -110117.531250000000    131558.812500000000    -70715.335937500000    -0.398070782423    0.204441890121    0.000023395147    -0.000435180904    0.126815229654    0.023863438517    0.000000000000    0.000000000000    0.000000000000    0.000000000000    0.000000000000    0.000000000000
-0.000000024726    1.299878239632    -0.003245679662    0.000448277773    131598.812500000000    130794.757812500000    -126526.398437500000    131598.843750000000    -33141.152343750000    -0.434850215912    0.071721248329    0.000153945191    -0.000407232030    0.112995594740    0.058744106442    0.000000000000    0.000000000000    0.000000000000    0.000000000000    0.000000000000    0.000000000000
-0.000000025840    1.300022482872    -0.003392263548    0.000462581782    131609.000000000000    130751.390625000000    -130526.445312500000    131609.031250000000    7666.085937500000    -0.428498834372    -0.064765878022    0.000270330696    -0.000340745872    0.089841499925    0.087602339685    0.000000000000    0.000000000000    0.000000000000    0.000000000000    0.000000000000    0.000000000000
-0.000000026954    1.300164103508    -0.003538840450    0.000431483262    131585.515625000000    130748.296875000000    -121730.828125000000    131585.546875000000    47714.980468750000    -0.381072014570    -0.190791457891    0.000360972917    -0.000242122274    0.059767369181    0.108196869493    0.000000000000    0.000000000000    0.000000000000    0.000000000000    0.000000000000    0.000000000000
-0.000000028068    1.300289154053    -0.003685371717    0.000358032063    131527.890625000000    130789.687500000000    -101003.804687500000    131527.921875000000    83091.343750000000    -0.299338966608    -0.294349223375    0.000417189789    -0.000121317156    0.025569206104    0.119201809168    0.000000000000    0.000000000000    0.000000000000    0.000000000000    0.000000000000    0.000000000000
-0.000000029182    1.300385355949    -0.003831821261    0.000249415811    131439.312500000000    130872.500000000000    -70374.796875000000    131439.343750000000    110340.375000000000    -0.193232446909    -0.367138594389    0.000434280373    0.000009546151    -0.009896950796    0.120162077248    0.000000000000    0.000000000000    0.000000000000    0.000000000000    0.000000000000    0.000000000000
-0.000000030295    1.300443410873    -0.003978157416    0.000116254887    131326.593750000000    130986.453125000000    -32839.097656250000    131326.609375000000    126803.179687500000    -0.073891177773    -0.405073493719    0.000411892252    0.000137883064    -0.043933838606    0.111347869039    -0.000000000000    0.000000000000    -0.000000000000    0.000000000000    -0.000000000000    0.000000000000
-0.000000031409    1.300457477570    -0.004124359693    -0.000028436409    131199.531250000000    131115.593750000000    7935.128906250000    131199.546875000000    130875.257812500000    0.047966003418    -0.407865822315    0.000353651849    0.000252177648    -0.074111051857    0.093614861369    -0.000000000000    0.000000000000    -0.000000000000    0.000000000000    -0.000000000000    0.000000000000
-0.000000032523    1.300426125526    -0.004270417616    -0.000170521424    131070.296875000000    131241.078125000000    47964.828125000000    131070.296875000000    122162.187500000000    0.163184404373    -0.378004908562    0.000266256626    0.000343182473    -0.098301626742    0.068286746740    -0.000000000000    0.000000000000    -0.000000000000    0.000000000000    -0.000000000000    0.000000000000
-0.000000033637    1.300352334976    -0.004416336305    -0.000296121405    130952.109375000000    131344.718750000000    83340.375000000000    130952.101562500000    101517.609375000000    0.264504581690    -0.319554686546    0.000158283627    0.000404519786    -0.114697650075    0.037110459059    -0.000000000000    0.000000000000    -0.000000000000    0.000000000000    -0.000000000000    0.000000000000
-0.000000034751    1.300243496895    -0.004562135786    -0.000392970280    130857.937500000000    131412.203125000000    110606.718750000000    130857.929687500000    70960.054687500000    0.346234261990    -0.237295001745    0.000039083956    0.000432708039    -0.121873617172    0.002260945737    -0.000000000000    0.000000000000    -0.000000000000    0.000000000000    -0.000000000000    0.000000000000
-0.000000035864    1.300109982491    -0.004707849585    -0.000451612636    130799.109375000000    131435.281250000000    127100.585937500000    130799.101562500000    33476.562500000000    0.403683871031    -0.136386111379    -0.000082057195    0.000426836399    -0.118914909661    -0.033670507371    -0.000000000000    0.000000000000    -0.000000000000    0.000000000000    -0.000000000000    0.000000000000
-0.000000036978    1.299965143204    -0.004853521939    -0.000466327969    130783.976562500000    131412.000000000000    131210.875000000000    130783.960937500000    -7268.353515625000    0.432727217674    -0.022605195642    -0.000196379406    0.000388097309    -0.105602785945    -0.067753851414    0.000000000000    0.000000000000    0.000000000000    0.000000000000    0.000000000000    0.000000000000
-0.000000038092    1.299822568893    -0.004999203142    -0.000435690890    130816.828125000000    131345.578125000000    122536.960937500000    130816.820312500000    -47290.167968750000    0.429911494255    0.097057983279    -0.000295777572    0.000319457409    -0.082613028586    -0.096924491227    0.000000000000    0.000000000000    0.000000000000    0.000000000000    0.000000000000    0.000000000000
-0.000000039206    1.299696564674    -0.005144947674    -0.000362711726    130897.250000000000    131241.937500000000    101928.820312500000    130897.242187500000    -82673.875000000000    0.393066585064    0.214077234268    -0.000372929266    0.000225518626    -0.051613170654    -0.118291497231    0.000000000000    0.000000000000    0.000000000000    0.000000000000    0.000000000000    0.000000000000
-0.000000040320    1.299599289894    -0.005290806293    -0.000254543236    131019.804687500000    131107.890625000000    71404.843750000000    131019.804687500000    -109957.421875000000    0.322180032730    0.317493379116    -0.000420636352    0.000112527785    -0.015250075608    -0.129510313272    0.000000000000    0.000000000000    0.000000000000    0.000000000000    0.000000000000    0.000000000000
-0.000000041433    1.299540162086    -0.005436819978    -0.000121781355    131174.390625000000    130950.171875000000    33954.695312500000    131174.406250000000    -126471.460937500000    0.221612125635    0.397641867399    -0.000434834277    -0.000010867876    0.023096200079    -0.129224777222    0.000000000000    0.000000000000    0.000000000000    0.000000000000    0.000000000000    0.000000000000
-0.000000042547    1.299524903297    -0.005583018064    0.000022572525    131347.046875000000    130776.046875000000    -6753.531250000000    131347.062500000000    -130601.554687500000    0.098669752479    0.445486277342    -0.000413256406    -0.000135202135    0.059691872448    -0.117267571390    0.000000000000    0.000000000000    0.000000000000    0.000000000000    0.000000000000    0.000000000000
-0.000000043661    1.299554944038    -0.005729410332    0.000164385303    131521.125000000000    130594.804687500000    -46733.035156250000    131521.140625000000    -121946.820312500000    -0.035914331675    0.453947305679    -0.000355886208    -0.000250050944    0.090913265944    -0.094753049314    0.000000000000    0.000000000000    0.000000000000    0.000000000000    0.000000000000    0.000000000000
-0.000000044775    1.299627184868    -0.005875989329    0.000289777177    131678.968750000000    130418.906250000000    -82069.609375000000    131679.000000000000    -101359.109375000000    -0.168747127056    0.419965088367    -0.000265976356    -0.000344696513    0.113735020161    -0.063961401582    0.000000000000    0.000000000000    0.000000000000    0.000000000000    0.000000000000    0.000000000000
-0.000000045889    1.299734592438    -0.006022727583    0.000386481173    131803.734375000000    130263.929687500000    -109305.664062500000    131803.765625000000    -70858.742187500000    -0.285310447216    0.345483750105    -0.000150308915    -0.000409111846    0.126104757190    -0.028017889708    0.000000000000    0.000000000000    0.000000000000    0.000000000000    0.000000000000    0.000000000000
-0.000000047003    1.299866557121    -0.006169578526    0.000445043843    131881.093750000000    130147.187500000000    -125779.023437500000    131881.125000000000    -33435.386718750000    -0.371629893780    0.238035663962    -0.000019360945    -0.000434964895    0.127148076892    0.009528744966    0.000000000000    0.000000000000    0.000000000000    0.000000000000    0.000000000000    0.000000000000
-0.000000048116    1.300010204315    -0.006316484418    0.000459748466    131900.890625000000    130084.765625000000    -129882.773437500000    131900.921875000000    7246.132812500000    -0.419803589582    0.110035091639    0.000113801565    -0.000419835647    0.117221705616    0.045218210667    0.000000000000    0.000000000000    0.000000000000    0.000000000000    0.000000000000    0.000000000000
-0.000000049230    1.300151228905    -0.006463378202    0.000429171429    131858.406250000000    130088.195312500000    -121221.234375000000    131858.437500000000    47205.375000000000    -0.426089644432    -0.024606138468    0.000236003718    -0.000365029555    0.097666449845    0.076034516096    0.000000000000    0.000000000000    0.000000000000    0.000000000000    0.000000000000    0.000000000000
-0.000000050344    1.300275921822    -0.006610190030    0.000356317643    131755.031250000000    130161.539062500000    -100647.070312500000    131755.062500000000    82536.007812500000    -0.391948282719    -0.152188450098    0.000335349236    -0.000276258972    0.070529907942    0.099652528763    0.000000000000    0.000000000000    0.000000000000    0.000000000000    0.000000000000    0.000000000000
-0.000000051458    1.300371885300    -0.006756856572    0.000248323166    131598.468750000000    130299.515625000000    -70176.359375000000    131598.500000000000    109787.250000000000    -0.323194772005    -0.261155188084    0.000402737729    -0.000162788245    0.038260508329    0.114521421492    0.000000000000    0.000000000000    0.000000000000    0.000000000000    0.000000000000    0.000000000000
-0.000000052572    1.300429701805    -0.006903325208    0.000115754752    131402.140625000000    130487.226562500000    -32790.515625000000    131402.156250000000    126300.039062500000    -0.228485330939    -0.343320757151    0.000432862580    -0.000036059275    0.003451623023    0.119831487536    0.000000000000    0.000000000000    0.000000000000    0.000000000000    0.000000000000    0.000000000000
-0.000000053685    1.300443768501    -0.007049561013    -0.000028424429    131184.093750000000    130701.742187500000    7855.390625000000    131184.109375000000    130465.476562500000    -0.117507502437    -0.394174546003    0.000424512546    0.000091946924    -0.031321801245    0.115403622389    0.000000000000    0.000000000000    0.000000000000    0.000000000000    0.000000000000    0.000000000000
-0.000000054799    1.300412535667    -0.007195551414    -0.000170121828    130965.359375000000    130915.210937500000    47789.410156250000    130965.359375000000    121880.968750000000    0.000319279730    -0.412361770868    0.000380178157    0.000210082362    -0.063577108085    0.101621031761    -0.000000000000    0.000000000000    -0.000000000000    0.000000000000    -0.000000000000    0.000000000000
-0.000000055913    1.300339102745    -0.007341308519    -0.000295491889    130767.882812500000    131099.187500000000    83110.062500000000    130767.875000000000    101388.968750000000    0.116702027619    -0.398730039597    0.000305214169    0.000309097522    -0.090959213674    0.079380735755    -0.000000000000    0.000000000000    -0.000000000000    0.000000000000    -0.000000000000    0.000000000000
-0.000000057027    1.300230503082    -0.007486866787    -0.000392288144    130612.375000000000    131229.156250000000    110366.812500000000    130612.367187500000    70994.843750000000    0.224498778582    -0.355410933495    0.000206830940    0.000382096070    -0.111297890544    0.050125278533    -0.000000000000    0.000000000000    -0.000000000000    0.000000000000    -0.000000000000    0.000000000000
-0.000000058141    1.300097346306    -0.007632283960    -0.000451059401    130516.148437500000    131288.203125000000    126896.906250000000    130516.140625000000    33671.582031250000    0.317332863808    -0.285301566124    0.000093202885    0.000424564845    -0.122731842101    0.015882261097    -0.000000000000    0.000000000000    -0.000000000000    0.000000000000    -0.000000000000    0.000000000000
-0.000000059254    1.299952507019    -0.007777632214    -0.000466074009    130491.203125000000    131268.968750000000    131085.953125000000    130491.187500000000    -6929.932617187500    0.389118164778    -0.192116484046    -0.000027133097    0.000434137619    -0.123911194503    -0.020737932995    -0.000000000000    0.000000000000    -0.000000000000    0.000000000000    -0.000000000000    0.000000000000
-0.000000060368    1.299810051918    -0.007922995836    -0.000435880793    130542.750000000000    131173.375000000000    122526.445312500000    130542.742187500000    -46837.335937500000    0.433907687664    -0.080890186131    -0.000145577738    0.000410340668    -0.114245079458    -0.056648682803    0.000000000000    0.000000000000    0.000000000000    0.000000000000    0.000000000000    0.000000000000
-0.000000061482    1.299684047699    -0.008068458177    -0.000363452127    130668.539062500000    131010.664062500000    102058.593750000000    130668.531250000000    -82145.265625000000    0.446334481239    0.041366949677    -0.000253573700    0.000354510034    -0.094132587314    -0.088533356786    0.000000000000    0.000000000000    0.000000000000    0.000000000000    0.000000000000    0.000000000000
-0.000000062596    1.299586534500    -0.008214097470    -0.000255893916    130858.679687500000    130794.695312500000    71689.007812500000    130858.679687500000    -109398.101562500000    0.421970397234    0.164428353310    -0.000341905281    0.000269482902    -0.065087065101    -0.113190248609    0.000000000000    0.000000000000    0.000000000000    0.000000000000    0.000000000000    0.000000000000
-0.000000063710    1.299527049065    -0.008359977975    -0.000123749996    131096.437500000000    130541.609375000000    34394.398437500000    131096.453125000000    -125929.109375000000    0.361230373383    0.277951598167    -0.000403678161    0.000161766948    -0.029681060463    -0.128044813871    0.000000000000    0.000000000000    0.000000000000    0.000000000000    0.000000000000    0.000000000000
-0.000000064823    1.299511194229    -0.008506138809    0.000020030937    131359.671875000000    130268.687500000000    -6170.264160156250    131359.687500000000    -130122.484375000000    0.267152965069    0.370626747608    -0.000432963658    0.000039074774    0.008716342971    -0.131472140551    0.000000000000    0.000000000000    0.000000000000    0.000000000000    0.000000000000    0.000000000000
-0.000000065937    1.299540400505    -0.008652594872    0.000161364776    131622.875000000000    129994.507812500000    -46030.398437500000    131622.890625000000    -121572.093750000000    0.146796479821    0.431716948748    -0.000425642851    -0.000089030131    0.046334229410    -0.123066343367    0.000000000000    0.000000000000    0.000000000000    0.000000000000    0.000000000000    0.000000000000
-0.000000067051    1.299611806870    -0.008799332194    0.000286412833    131859.656250000000    129739.117187500000    -81282.109375000000    131859.687500000000    -101120.992187500000    0.011236071587    0.453113645315    -0.000380475336    -0.000211437698    0.079489633441    -0.103727713227    0.000000000000    0.000000000000    0.000000000000    0.000000000000    0.000000000000    0.000000000000
-0.000000068165    1.299718260765    -0.008946307003    0.000382937869    132045.437500000000    129523.765625000000    -108475.304687500000    132045.468750000000    -70777.898437500000    -0.125586226583    0.430995017290    -0.000299829466    -0.000316421239    0.105064168572    -0.075520709157    0.000000000000    0.000000000000    0.000000000000    0.000000000000    0.000000000000    0.000000000000
-0.000000069279    1.299849390984    -0.009093451314    0.000441502052    132159.921875000000    129369.468750000000    -124951.726562500000    132159.953125000000    -33518.968750000000    -0.247563689947    0.366418361664    -0.000189783386    -0.000391918118    0.120842553675    -0.041364651173    0.000000000000    0.000000000000    0.000000000000    0.000000000000    0.000000000000    0.000000000000
-0.000000070392    1.299991965294    -0.009240675718    0.000456388720    132189.375000000000    129294.421875000000    -129104.500000000000    132189.406250000000    7005.121582031250    -0.342634797096    0.267857581377    -0.000061528342    -0.000430659333    0.125794351101    -0.004585299641    0.000000000000    0.000000000000    0.000000000000    0.000000000000    0.000000000000    0.000000000000
-0.000000071506    1.300132155418    -0.009387883358    0.000426158746    132128.156250000000    129310.679687500000    -120533.914062500000    132128.187500000000    46827.605468750000    -0.401856064796    0.146548613906    0.000072359595    -0.000428647822    0.119951397181    0.031513366848    0.000000000000    0.000000000000    0.000000000000    0.000000000000    0.000000000000    0.000000000000
-0.000000072620    1.300256133080    -0.009534973651    0.000353787211    131979.531250000000    129421.203125000000    -100084.835937500000    131979.562500000000    82054.078125000000    -0.421123713255    0.015671990812    0.000198691530    -0.000386420055    0.104282036424    0.063978515565    0.000000000000    0.000000000000    0.000000000000    0.000000000000    0.000000000000    0.000000000000
-0.000000073734    1.300351619720    -0.009681853466    0.000246368523    131755.640625000000    129617.890625000000    -69762.460937500000    131755.671875000000    109242.828125000000    -0.401186287403    -0.111853025854    0.000305455382    -0.000308880117    0.080427303910    0.090413309634    0.000000000000    0.000000000000    0.000000000000    0.000000000000    0.000000000000    0.000000000000
-0.000000074848    1.300409197807    -0.009828452021    0.000114419607    131476.531250000000    129881.257812500000    -32535.216796875000    131476.546875000000    125740.210937500000    -0.346709132195    -0.225078076124    0.000383263861    -0.000204415075    0.050454422832    0.109040647745    0.000000000000    0.000000000000    0.000000000000    0.000000000000    0.000000000000    0.000000000000
-0.000000075961    1.300422906876    -0.009974719957    -0.000029149984    131168.343750000000    130181.960937500000    7955.719238281250    131168.359375000000    129938.648437500000    -0.264850109816    -0.315976798534    0.000426245533    -0.000083572981    0.016670923680    0.118686467409    0.000000000000    0.000000000000    0.000000000000    0.000000000000    0.000000000000    0.000000000000
-0.000000077075    1.300391674042    -0.010120642371    -0.000170300322    130860.929687500000    130484.148437500000    47751.902343750000    130860.929687500000    121432.585937500000    -0.163658156991    -0.379564762115    0.000432288507    0.000042464635    -0.018485523760    0.118712559342    0.000000000000    0.000000000000    0.000000000000    0.000000000000    0.000000000000    0.000000000000
-0.000000078189    1.300318241119    -0.010266236961    -0.000295232952    130584.906250000000    130750.171875000000    82963.734375000000    130584.898437500000    101057.578125000000    -0.051128901541    -0.413302421570    0.000402638922    0.000163068646    -0.052487727255    0.109022431076    -0.000000000000    0.000000000000    -0.000000000000    0.000000000000    -0.000000000000    0.000000000000
-0.000000079303    1.300209760666    -0.010411554947    -0.000391738984    130368.656250000000    130946.109375000000    110149.906250000000    130368.648437500000    70808.828125000000    0.065324723721    -0.416291922331    0.000341182080    0.000269059296    -0.082765340805    0.090088754892    -0.000000000000    0.000000000000    -0.000000000000    0.000000000000    -0.000000000000    0.000000000000
-0.000000080417    1.300076723099    -0.010556677356    -0.000450392050    130235.421875000000    131046.570312500000    126653.492187500000    130235.414062500000    33646.765625000000    0.178663253784    -0.388657212257    0.000253635924    0.000353049720    -0.106803968549    0.063048541546    -0.000000000000    0.000000000000    -0.000000000000    0.000000000000    -0.000000000000    0.000000000000
-0.000000081530    1.299932122231    -0.010701704770    -0.000465470395    130200.812500000000    131038.179687500000    130862.093750000000    130200.796875000000    -6791.517578125000    0.281794935465    -0.331387102604    0.000146896957    0.000409485714    -0.122329667211    0.029775585979    -0.000000000000    0.000000000000    -0.000000000000    0.000000000000    -0.000000000000    0.000000000000
-0.000000082644    1.299790024757    -0.010846752673    -0.000435517373    130270.976562500000    130920.531250000000    122366.335937500000    130270.968750000000    -46547.542968750000    0.367226272821    -0.246766105294    0.000028677678    0.000434519927    -0.127583846450    -0.007118210196    -0.000000000000    0.000000000000    -0.000000000000    0.000000000000    -0.000000000000    0.000000000000
-0.000000083758    1.299664139748    -0.010991934687    -0.000363484840    130441.804687500000    130704.914062500000    102000.929687500000    130441.796875000000    -81728.781250000000    0.427220642567    -0.139131352305    -0.000092628121    0.000425985781    -0.121627964079    -0.044419795275    0.000000000000    0.000000000000    0.000000000000    0.000000000000    0.000000000000    0.000000000000
-0.000000084872    1.299566626549    -0.011137357913    -0.000256445055    130698.976562500000    130411.445312500000    71763.828125000000    130698.976562500000    -108890.328125000000    0.453435778618    -0.016311883926    -0.000207273450    0.000382673694    -0.104596421123    -0.078580938280    0.000000000000    0.000000000000    0.000000000000    0.000000000000    0.000000000000    0.000000000000
-0.000000085986    1.299506902695    -0.011283104308    -0.000124897764    131019.171875000000    130065.468750000000    34620.601562500000    131019.171875000000    -125373.218750000000    0.442659884691    0.112236276269    -0.000306596456    0.000308236224    -0.077845543623    -0.106229893863    0.000000000000    0.000000000000    0.000000000000    0.000000000000    0.000000000000    0.000000000000
-0.000000087099    1.299490809441    -0.011429228820    0.000018259116    131372.125000000000    129694.968750000000    -5786.479980468750    131372.140625000000    -129565.828125000000    0.392929077148    0.234846204519    -0.000382026716    0.000207190882    -0.043831236660    -0.124533399940    0.000000000000    0.000000000000    0.000000000000    0.000000000000    0.000000000000    0.000000000000
-0.000000088213    1.299519658089    -0.011575748213    0.000158994691    131723.515625000000    129328.875000000000    -45496.160156250000    131723.531250000000    -121062.203125000000    0.306504130363    0.338827937841    -0.000425987353    0.000086701315    -0.005866888911    -0.131634682417    0.000000000000    0.000000000000    0.000000000000    0.000000000000    0.000000000000    0.000000000000
-0.000000089327    1.299590468407    -0.011722642928    0.000283521425    132038.328125000000    128996.023437500000    -80617.421875000000    132038.359375000000    -100701.554687500000    0.190360248089    0.412345796824    -0.000432952511    -0.000043518226    0.032303567976    -0.126909494400    0.000000000000    0.000000000000    0.000000000000    0.000000000000    0.000000000000    0.000000000000
-0.000000090441    1.299696207047    -0.011869853362    0.000379646866    132284.328125000000    128724.148437500000    -107711.507812500000    132284.359375000000    -70485.000000000000    0.055742837489    0.446455687284    -0.000400534715    -0.000171820022    0.066998317838    -0.111025422812    0.000000000000    0.000000000000    0.000000000000    0.000000000000    0.000000000000    0.000000000000
-0.000000091555    1.299826383591    -0.012017285451    0.000437967625    132435.343750000000    128538.187500000000    -124128.875000000000    132435.375000000000    -33377.914062500000    -0.082203596830    0.435722082853    -0.000329515169    -0.000284788606    0.095026560128    -0.085793346167    0.000000000000    0.000000000000    0.000000000000    0.000000000000    0.000000000000    0.000000000000
-0.000000092668    1.299968242645    -0.012164824642    0.000452788139    132474.078125000000    128457.890625000000    -128267.984375000000    132474.109375000000    6982.055175781250    -0.208845376968    0.382854163647    -0.000227082681    -0.000371134956    0.114111945033    -0.053862340748    0.000000000000    0.000000000000    0.000000000000    0.000000000000    0.000000000000    0.000000000000
-0.000000093782    1.300107479095    -0.012312340550    0.000422675046    132393.968750000000    128494.835937500000    -119730.578125000000    132394.000000000000    46642.335937500000    -0.311568945646    0.294850200415    -0.000103368402    -0.000422293146    0.122988641262    -0.018293023109    0.000000000000    0.000000000000    0.000000000000    0.000000000000    0.000000000000    0.000000000000
-0.000000094896    1.300230383873    -0.012459702790    0.000350593415    132200.203125000000    128649.734375000000    -99358.789062500000    132200.234375000000    81722.601562500000    -0.381389945745    0.182167619467    0.000029320079    -0.000433553272    0.121376983821    0.017815724015    0.000000000000    0.000000000000    0.000000000000    0.000000000000    0.000000000000    0.000000000000
-0.000000096010    1.300325036049    -0.012606794015    0.000243612536    131909.343750000000    128910.781250000000    -69151.148437500000    131909.375000000000    108793.875000000000    -0.413856774569    0.056943830103    0.000158032606    -0.000404665683    0.109835743904    0.051605597138    0.000000000000    0.000000000000    0.000000000000    0.000000000000    0.000000000000    0.000000000000
-0.000000097124    1.300381898880    -0.012753519230    0.000112211375    131548.031250000000    129253.453125000000    -32066.042968750000    131548.046875000000    125212.718750000000    -0.408878803253    -0.068923510611    0.000270845572    -0.000339603925    0.089564681053    0.080617919564    0.000000000000    0.000000000000    0.000000000000    0.000000000000    0.000000000000    0.000000000000
-0.000000098237    1.300395369530    -0.012899817899    -0.000030747964    131150.453125000000    129642.210937500000    8267.833007812500    131150.468750000000    129378.312500000000    -0.369796484709    -0.185213685036    0.000358200370    -0.000245705072    0.062226384878    0.102851256728    0.000000000000    0.000000000000    0.000000000000    0.000000000000    0.000000000000    0.000000000000
-0.000000099351    1.300363898277    -0.013045672327    -0.000171278400    130755.250000000000    130033.992187500000    47905.785156250000    130755.250000000000    120887.875000000000    -0.302038133144    -0.284103333950    0.000413711852    -0.000132403802    0.029822170734    0.116758175194    0.000000000000    0.000000000000    0.000000000000    0.000000000000    0.000000000000    0.000000000000
-0.000000100465    1.300290346146    -0.013191104867    -0.000295635051    130401.617187500000    130383.132812500000    82971.937500000000    130401.609375000000    100575.476562500000    -0.211904644966    -0.360062748194    0.000434316171    -0.000009929863    -0.005355341360    0.121246121824    0.000000000000    0.000000000000    0.000000000000    0.000000000000    0.000000000000    0.000000000000
-0.000000101579    1.300181984901    -0.013336184435    -0.000391658570    130125.546875000000    130647.367187500000    110037.476562500000    130125.539062500000    70430.781250000000    -0.105861350894    -0.409280836582    0.000419930875    0.000111751040    -0.040746100247    0.115737922490    -0.000000000000    0.000000000000    -0.000000000000    0.000000000000    -0.000000000000    0.000000000000
-0.000000102693    1.300049185753    -0.013481013477    -0.000449964049    129956.117187500000    130793.523437500000    126455.703125000000    129956.109375000000    33405.210937500000    0.009562224150    -0.429032802582    0.000372863462    0.000223596755    -0.073579952121    0.100289978087    -0.000000000000    0.000000000000    -0.000000000000    0.000000000000    -0.000000000000    0.000000000000
-0.000000103806    1.299904942513    -0.013625722378    -0.000464859535    129912.484375000000    130802.078125000000    130621.265625000000    129912.468750000000    -6875.904296875000    0.127411574125    -0.417385786772    0.000297233462    0.000317763042    -0.101020455360    0.075736783445    -0.000000000000    0.000000000000    -0.000000000000    0.000000000000    -0.000000000000    0.000000000000
-0.000000104920    1.299762964249    -0.013770456426    -0.000434904039    130001.679687500000    130669.554687500000    122128.257812500000    130001.671875000000    -46467.515625000000    0.239840269089    -0.373472601175    0.000198602356    0.000387643318    -0.120419159532    0.043796580285    -0.000000000000    0.000000000000    -0.000000000000    0.000000000000    -0.000000000000    0.000000000000
-0.000000106034    1.299637198448    -0.013915361837    -0.000363049738    130217.703125000000    130408.093750000000    101811.023437500000    130217.695312500000    -81491.062500000000    0.337623864412    -0.298172354698    0.000083818668    0.000427606079    -0.129640012980    0.007065527141    -0.000000000000    0.000000000000    -0.000000000000    0.000000000000    -0.000000000000    0.000000000000
-0.000000107148    1.299539923668    -0.014060568996    -0.000256353786    130541.773437500000    130042.843750000000    71663.375000000000    130541.773437500000    -108515.015625000000    0.410689473152    -0.195577323437    -0.000038556598    0.000433311041    -0.127419158816    -0.031142249703    -0.000000000000    0.000000000000    -0.000000000000    0.000000000000    -0.000000000000    0.000000000000
-0.000000108262    1.299480319023    -0.014206185006    -0.000125286839    130944.007812500000    129607.875000000000    34643.382812500000    130944.007812500000    -124892.117187500000    0.451974928379    -0.072985775769    -0.000159208721    0.000404371822    -0.113673247397    -0.067181900144    0.000000000000    0.000000000000    0.000000000000    0.000000000000    0.000000000000    0.000000000000
-0.000000109376    1.299464225769    -0.014352274127    0.000017293904    131386.015625000000    129141.984375000000    -5616.987304687500    131386.031250000000    -129019.781250000000    0.455039709806    0.059635937214    -0.000268476637    0.000341539213    -0.089547686279    -0.097475513816    0.000000000000    0.000000000000    0.000000000000    0.000000000000    0.000000000000    0.000000000000
-0.000000110489    1.299492716789    -0.014498859644    0.000157406554    131824.812500000000    128685.343750000000    -45168.824218750000    131824.828125000000    -120497.703125000000    0.416937023401    0.189703494310    -0.000356560369    0.000248393742    -0.057362519205    -0.119007587433    0.000000000000    0.000000000000    0.000000000000    0.000000000000    0.000000000000    0.000000000000
-0.000000111603    1.299563050270    -0.014645911753    0.000281316723    132216.718750000000    128276.796875000000    -80134.531250000000    132216.750000000000    -100166.828125000000    0.339391350746    0.303566604853    -0.000414543669    0.000131668974    -0.020317930728    -0.129726365209    0.000000000000    0.000000000000    0.000000000000    0.000000000000    0.000000000000    0.000000000000
-0.000000112717    1.299668312073    -0.014793354087    0.000376884709    132521.937500000000    127951.625000000000    -107088.718750000000    132521.968750000000    -70025.867187500000    0.229177772999    0.388543188572    -0.000435630966    0.000001103945    0.017932388932    -0.128789573908    0.000000000000    0.000000000000    0.000000000000    0.000000000000    0.000000000000    0.000000000000
-0.000000113831    1.299797654152    -0.014941073023    0.000434754911    132708.515625000000    127739.265625000000    -123394.000000000000    132708.546875000000    -33033.863281250000    0.097945824265    0.433990240097    -0.000415521878    -0.000130817672    0.053742423654    -0.116609983146    0.000000000000    0.000000000000    0.000000000000    0.000000000000    0.000000000000    0.000000000000
-0.000000114945    1.299938321114    -0.015088924207    0.000449270621    132755.656250000000    127660.851562500000    -127458.687500000000    132755.687500000000    7181.365234375000    -0.039617687464    0.435841560364    -0.000355730095    -0.000250671554    0.083957746625    -0.094720348716    0.000000000000    0.000000000000    0.000000000000    0.000000000000    0.000000000000    0.000000000000
-0.000000116058    1.300076723099    -0.015236746520    0.000419024786    132656.015625000000    127726.710937500000    -118891.195312500000    132656.046875000000    46679.691406250000    -0.169216275215    0.395854592323    -0.000262462650    -0.000346678338    0.106202356517    -0.065434992313    0.000000000000    0.000000000000    0.000000000000    0.000000000000    0.000000000000    0.000000000000
-0.000000117172    1.300198912621    -0.015384377912    0.000346993882    132416.703125000000    127934.164062500000    -98536.468750000000    132416.734375000000    81594.804687500000    -0.278422653675    0.320044934750    -0.000145140104    -0.000409636821    0.118988648057    -0.031500481069    0.000000000000    0.000000000000    0.000000000000    0.000000000000    0.000000000000    0.000000000000
-0.000000118286    1.300292611122    -0.015531674027    0.000240242764    132058.750000000000    128266.484375000000    -68391.679687500000    132058.781250000000    108512.070312500000    -0.358300596476    0.217806711793    -0.000015557394    -0.000434181333    0.121702753007    0.004224954173    0.000000000000    0.000000000000    0.000000000000    0.000000000000    0.000000000000    0.000000000000
-0.000000119400    1.300348520279    -0.015678521246    0.000109230430    131615.406250000000    128693.304687500000    -31409.679687500000    131615.421875000000    124801.445312500000    -0.404031991959    0.100031070411    0.000113770162    -0.000419240794    0.114477492869    0.039000518620    0.000000000000    0.000000000000    0.000000000000    0.000000000000    0.000000000000    0.000000000000
-0.000000120514    1.300361037254    -0.015824846923    -0.000033214885    131128.906250000000    129172.734375000000    8789.908203125000    131128.921875000000    128873.328125000000    -0.414592295885    -0.022602930665    0.000231191501    -0.000367756176    0.098047554493    0.070320650935    0.000000000000    0.000000000000    0.000000000000    0.000000000000    0.000000000000    0.000000000000
-0.000000121627    1.300328969955    -0.015970626846    -0.000173150722    130646.601562500000    129654.968750000000    48274.195312500000    130646.601562500000    120332.937500000000    -0.391801625490    -0.140750348568    0.000327118614    -0.000285833958    0.073645338416    0.095959164202    0.000000000000    0.000000000000    0.000000000000    0.000000000000    0.000000000000    0.000000000000
-0.000000122741    1.300255298615    -0.016115896404    -0.000296883634    130216.257812500000    130087.437500000000    83180.734375000000    130216.250000000000    100018.562500000000    -0.339205265045    -0.246787399054    0.000394678296    -0.000181625277    0.042957752943    0.113997541368    0.000000000000    0.000000000000    0.000000000000    0.000000000000    0.000000000000    0.000000000000
-0.000000123855    1.300146818161    -0.016260733828    -0.000392308168    129881.375000000000    130420.796875000000    110094.500000000000    129881.367187500000    69919.914062500000    -0.261221617460    -0.334582746029    0.000429824431    -0.000064237931    0.008124392480    0.122892729938    0.000000000000    0.000000000000    0.000000000000    0.000000000000    0.000000000000    0.000000000000
-0.000000124969    1.300014019012    -0.016405269504    -0.000450090971    129676.812500000000    130615.109375000000    126381.765625000000    129676.804687500000    32984.289062500000    -0.162767440081    -0.398984462023    0.000431074150    0.000057120953    -0.028273500502    0.121603325009    0.000000000000    0.000000000000    0.000000000000    0.000000000000    0.000000000000    0.000000000000
-0.000000126083    1.299869775772    -0.016549659893    -0.000464584969    129625.179687500000    130645.140625000000    130448.226562500000    129625.164062500000    -7170.777343750000    -0.049494609237    -0.435406327248    0.000399082550    0.000173612338    -0.063288070261    0.109782561660    -0.000000000000    0.000000000000    -0.000000000000    0.000000000000    -0.000000000000    0.000000000000
-0.000000127196    1.299728155136    -0.016694083810    -0.000434383546    129734.265625000000    130503.898437500000    121896.218750000000    129734.257812500000    -46611.035156250000    0.071705088019    -0.439884930849    0.000336314901    0.000276967126    -0.093794979155    0.087970107794    -0.000000000000    0.000000000000    -0.000000000000    0.000000000000    -0.000000000000    0.000000000000
-0.000000128310    1.299602746964    -0.016838716343    -0.000362460094    129996.140625000000    130203.390625000000    101564.937500000000    129996.132812500000    -81470.820312500000    0.191542044282    -0.409306854010    0.000246652722    0.000358915364    -0.116791173816    0.057724241167    -0.000000000000    0.000000000000    -0.000000000000    0.000000000000    -0.000000000000    0.000000000000
-0.000000129424    1.299505472183    -0.016983712092    -0.000255877851    130387.523437500000    129772.601562500000    71449.304687500000    130387.523437500000    -108332.500000000000    0.299826085567    -0.344068825245    0.000136682851    0.000412754423    -0.129828333855    0.021602779627    -0.000000000000    0.000000000000    -0.000000000000    0.000000000000    -0.000000000000    0.000000000000
-0.000000130538    1.299445986748    -0.017129199579    -0.000125098100    130871.882812500000    129253.296875000000    34504.710937500000    130871.882812500000    -124562.609375000000    0.386823743582    -0.247713208199    0.000014524772    0.000434129382    -0.131379872561    -0.017067752779    -0.000000000000    0.000000000000    -0.000000000000    0.000000000000    -0.000000000000    0.000000000000
-0.000000131652    1.299429893494    -0.017275260761    0.000017046146    131402.796875000000    128694.851562500000    -5643.120117187500    131402.812500000000    -128571.078125000000    0.442626714706    -0.126869142056    -0.000110650653    0.000419886375    -0.121091820300    -0.054537028074    0.000000000000    0.000000000000    0.000000000000    0.000000000000    0.000000000000    0.000000000000
-0.000000132765    1.299458384514    -0.017421912402    0.000156609894    131928.437500000000    128149.140625000000    -45054.660156250000    131928.453125000000    -119967.828125000000    0.459507822990    0.008052498102    -0.000228431003    0.000369418703    -0.099911332130    -0.087109237909    0.000000000000    0.000000000000    0.000000000000    0.000000000000    0.000000000000    0.000000000000
-0.000000133879    1.299528479576    -0.017569124699    0.000279905391    132396.656250000000    127666.039062500000    -79864.132812500000    132396.687500000000    -99600.890625000000    0.433625608683    0.143788650632    -0.000327952817    0.000285368704    -0.069979287684    -0.111630499363    0.000000000000    0.000000000000    0.000000000000    0.000000000000    0.000000000000    0.000000000000
-0.000000134993    1.299633145332    -0.017716802657    0.000374845375    132760.140625000000    127289.578125000000    -106659.468750000000    132760.171875000000    -69472.242187500000    0.366196513176    0.265964627266    -0.000399106444    0.000173995970    -0.034331176430    -0.125885993242    0.000000000000    0.000000000000    0.000000000000    0.000000000000    0.000000000000    0.000000000000
-0.000000136107    1.299762010574    -0.017864810303    0.000432127970    132981.171875000000    127054.601562500000    -122817.000000000000    132981.203125000000    -32540.019531250000    0.263688236475    0.360668182373    -0.000433427747    0.000045004061    0.003520894796    -0.128815025091    0.000000000000    0.000000000000    0.000000000000    0.000000000000    0.000000000000    0.000000000000
-0.000000137221    1.299902081490    -0.018012970686    0.000446146965    133035.593750000000    126983.882812500000    -126757.851562500000    133035.625000000000    7572.944335937500    0.137802466750    0.417343527079    -0.000426142942    -0.000088744448    0.040050227195    -0.120568178594    0.000000000000    0.000000000000    0.000000000000    0.000000000000    0.000000000000    0.000000000000
-0.000000138334    1.300039529800    -0.018161095679    0.000415538088    132915.343750000000    127086.007812500000    -118101.367187500000    132915.375000000000    46935.250000000000    0.002545520663    0.432365596294    -0.000378679979    -0.000213885258    0.072156041861    -0.102347657084    0.000000000000    0.000000000000    0.000000000000    0.000000000000    0.000000000000    0.000000000000
-0.000000139448    1.300160646439    -0.018308993429    0.000343309104    132629.515625000000    127353.882812500000    -97700.421875000000    132629.546875000000    81692.328125000000    -0.128276333213    0.406315028667    -0.000296041486    -0.000318247650    0.097380250692    -0.076094612479    0.000000000000    0.000000000000    0.000000000000    0.000000000000    0.000000000000    0.000000000000
-0.000000140562    1.300253510475    -0.018456490710    0.000236541920    132203.781250000000    127764.578125000000    -67556.289062500000    132203.812500000000    108443.234375000000    -0.242729112506    0.344227015972    -0.000186907535    -0.000392249378    0.114019483328    -0.044197693467    0.000000000000    0.000000000000    0.000000000000    0.000000000000    0.000000000000    0.000000000000
-0.000000141676    1.300308704376    -0.018603455275    0.000105696701    131678.015625000000    128280.828125000000    -30621.826171875000    131678.031250000000    124572.375000000000    -0.332027554512    0.254144221544    -0.000062313527    -0.000429943786    0.121104404330    -0.009239464998    0.000000000000    0.000000000000    0.000000000000    0.000000000000    0.000000000000    0.000000000000
-0.000000142790    1.300320625305    -0.018749801442    -0.000036412919    131102.515625000000    128853.765625000000    9487.578125000000    131102.531250000000    128504.015625000000    -0.390937387943    0.145489469171    0.000065873610    -0.000429394597    0.118324875832    0.026172950864    0.000000000000    0.000000000000    0.000000000000    0.000000000000    0.000000000000    0.000000000000
-0.000000143903    1.300287961960    -0.018895503134    -0.000175873749    130533.390625000000    129427.093750000000    48847.031250000000    130533.390625000000    119855.515625000000    -0.417369574308    0.027550429106    0.000186453559    -0.000392392918    0.105933569372    0.059494316578    0.000000000000    0.000000000000    0.000000000000    0.000000000000    0.000000000000    0.000000000000
-0.000000145017    1.300213694572    -0.019040599465    -0.000299033592    130026.906250000000    129942.132812500000    83605.070312500000    130026.898437500000    99474.406250000000    -0.411504179239    -0.091234348714    0.000289884221    -0.000323678483    0.084731139243    0.088283471763    0.000000000000    0.000000000000    0.000000000000    0.000000000000    0.000000000000    0.000000000000
-0.000000146131    1.300104856491    -0.019185192883    -0.000393836555    129634.054687500000    130343.750000000000    110359.617187500000    129634.046875000000    69356.007812500000    -0.374902784824    -0.203453540802    0.000368846784    -0.000229975150    0.056082129478    0.110265888274    0.000000000000    0.000000000000    0.000000000000    0.000000000000    0.000000000000    0.000000000000
-0.000000147245    1.299971938133    -0.019329432398    -0.000451002881    129395.421875000000    130586.460937500000    126490.640625000000    129395.414062500000    32449.183593750000    -0.310009032488    -0.302352070808    0.000418307231    -0.000119129349    0.021962784231    0.123459175229    0.000000000000    0.000000000000    0.000000000000    0.000000000000    0.000000000000    0.000000000000
-0.000000148359    1.299827694893    -0.019473504275    -0.000464938465    129336.937500000000    130640.203125000000    130417.156250000000    129336.921875000000    -7631.127929687500    -0.220176920295    -0.381399840117    0.000435337919    0.000000503751    -0.015039110556    0.126377433538    0.000000000000    0.000000000000    0.000000000000    0.000000000000    0.000000000000    0.000000000000
-0.000000149472    1.299686193466    -0.019617613405    -0.000434284681    129467.101562500000    130494.539062500000    121753.273437500000    129467.093750000000    -46957.140625000000    -0.110192604363    -0.434145778418    0.000418892276    0.000120353281    -0.051823705435    0.118287965655    -0.000000000000    0.000000000000    -0.000000000000    0.000000000000    -0.000000000000    0.000000000000
-0.000000150586    1.299560904503    -0.019761968404    -0.000362053659    129775.929687500000    130160.609375000000    101347.539062500000    129775.921875000000    -81672.945312500000    0.012252733111    -0.453532844782    0.000368881592    0.000230937323    -0.084990754724    0.099446147680    -0.000000000000    0.000000000000    -0.000000000000    0.000000000000    -0.000000000000    0.000000000000
-0.000000151700    1.299464106560    -0.019906755537    -0.000255335181    130235.539062500000    129670.062500000000    71201.054687500000    130235.539062500000    -108373.156250000000    0.138150021434    -0.436867922544    0.000289487623    0.000324061926    -0.111293539405    0.071251317859    -0.000000000000    0.000000000000    -0.000000000000    0.000000000000    -0.000000000000    0.000000000000
-0.000000152814    1.299404859543    -0.020052121952    -0.000124602491    130802.695312500000    129071.156250000000    34271.839843750000    130802.695312500000    -124437.968750000000    0.256886720657    -0.382998526096    0.000185990866    0.000392265531    -0.128002926707    0.036170028150    -0.000000000000    0.000000000000    -0.000000000000    0.000000000000    -0.000000000000    0.000000000000
-0.000000153928    1.299388766289    -0.020198153332    0.000017315000    131422.828125000000    128423.117187500000    -5815.543945312500    131422.843750000000    -128291.382812500000    0.356678903103    -0.294085323811    0.000065551991    0.000429001520    -0.133312970400    -0.002478189766    -0.000000000000    0.000000000000    -0.000000000000    0.000000000000    -0.000000000000    0.000000000000
-0.000000155041    1.299417257309    -0.020344879478    0.000156491224    132035.359375000000    127789.585937500000    -45126.507812500000    132035.375000000000    -119556.585937500000    0.426253318787    -0.176642060280    -0.000062513587    0.000429569831    -0.126638367772    -0.040911138058    0.000000000000    0.000000000000    0.000000000000    0.000000000000    0.000000000000    0.000000000000
-0.000000156155    1.299487352371    -0.020492253825    0.000279271131    132579.546875000000    127232.195312500000    -79803.632812500000    132579.578125000000    -99092.937500000000    0.456779897213    -0.041345149279    -0.000187190628    0.000392075104    -0.108706355095    -0.075374089181    0.000000000000    0.000000000000    0.000000000000    0.000000000000    0.000000000000    0.000000000000
-0.000000157269    1.299592018127    -0.020640170202    0.000373611314    133000.609375000000    126804.843750000000    -106446.039062500000    133000.640625000000    -68910.859375000000    0.443642109632    0.098084241152    -0.000296712795    0.000318241044    -0.081441394985    -0.102624163032    0.000000000000    0.000000000000    0.000000000000    0.000000000000    0.000000000000    0.000000000000
-0.000000158383    1.299720644951    -0.020788464695    0.000430261076    133255.156250000000    126548.875000000000    -122443.148437500000    133255.187500000000    -31973.277343750000    0.387505054474    0.226759105921    -0.000379901816    0.000213771898    -0.047659650445    -0.120308130980    0.000000000000    0.000000000000    0.000000000000    0.000000000000    0.000000000000    0.000000000000
-0.000000159497    1.299860239029    -0.020936936140    0.000443668541    133315.687500000000    126489.375000000000    -126229.976562500000    133315.718750000000    8096.372070312500    0.294273734093    0.329363137484    -0.000426404877    0.000088130866    -0.010678272694    -0.127144351602    0.000000000000    0.000000000000    0.000000000000    0.000000000000    0.000000000000    0.000000000000
-0.000000160610    1.299997091293    -0.021085361019    0.000412521971    133173.562500000000    126633.046875000000    -117439.265625000000    133173.593750000000    47370.296875000000    0.175764769316    0.397390842438    -0.000432619534    -0.000045569555    0.026169192046    -0.123027175665    0.000000000000    0.000000000000    0.000000000000    0.000000000000    0.000000000000    0.000000000000
-0.000000161724    1.300117611885    -0.021233521402    0.000339875522    132840.000000000000    126967.609375000000    -96935.703125000000    132840.031250000000    82001.476562500000    0.044881604612    0.425861716270    -0.000398308533    -0.000174187095    0.059845618904    -0.108769930899    0.000000000000    0.000000000000    0.000000000000    0.000000000000    0.000000000000    0.000000000000
-0.000000162838    1.300209522247    -0.021381216124    0.000232847015    132345.328125000000    127462.851562500000    -66729.656250000000    132345.359375000000    108599.867187500000    -0.085389830172    0.414639383554    -0.000327635062    -0.000285482762    0.087834320962    -0.085902988911    0.000000000000    0.000000000000    0.000000000000    0.000000000000    0.000000000000    0.000000000000
-0.000000163952    1.300263643265    -0.021528294310    0.000101919170    131736.156250000000    128073.320312500000    -29779.404296875000    131736.171875000000    124563.093750000000    -0.203768134117    0.367602914572    -0.000228367382    -0.000369625806    0.108217686415    -0.056424707174    0.000000000000    0.000000000000    0.000000000000    0.000000000000    0.000000000000    0.000000000000
-0.000000165066    1.300274372101    -0.021674651653    -0.000040087521    131071.007812500000    128742.406250000000    10298.361328125000    131071.015625000000    128329.859375000000    -0.301694005728    0.291262209415    -0.000110595116    -0.000420148717    0.119668796659    -0.022615198046    0.000000000000    0.000000000000    0.000000000000    0.000000000000    0.000000000000    0.000000000000
-0.000000166180    1.300240635872    -0.021820267662    -0.000179269002    130414.734375000000    129407.007812500000    49581.648437500000    130414.734375000000    119531.750000000000    -0.373501867056    0.193297564983    0.000014707010    -0.000434239395    0.121411293745    0.013071572408    0.000000000000    0.000000000000    0.000000000000    0.000000000000    0.000000000000    0.000000000000
-0.000000167293    1.300165534019    -0.021965190768    -0.000301997468    129832.179687500000    130002.914062500000    84225.796875000000    129832.171875000000    99029.187500000000    -0.415939807892    0.081506416202    0.000136929215    -0.000412442605    0.113214902580    0.048061810434    0.000000000000    0.000000000000    0.000000000000    0.000000000000    0.000000000000    0.000000000000
-0.000000168407    1.300056099892    -0.022109532729    -0.000396254385    129381.796875000000    130470.281250000000    110838.750000000000    129381.789062500000    68827.851562500000    -0.427407145500    -0.036677457392    0.000246699201    -0.000357989484    0.095438160002    0.079706802964    0.000000000000    0.000000000000    0.000000000000    0.000000000000    0.000000000000    0.000000000000
-0.000000169521    1.299922704697    -0.022253468633    -0.000452807144    129109.828125000000    130759.460937500000    126812.773437500000    129109.820312500000    31883.593750000000    -0.407404005527    -0.154014140368    0.000336267520    -0.000276054052    0.069128155708    0.105391658843    0.000000000000    0.000000000000    0.000000000000    0.000000000000    0.000000000000    0.000000000000
-0.000000170635    1.299778223038    -0.022397218272    -0.000466114463    129045.523437500000    130836.617187500000    130580.335937500000    129045.507812500000    -8185.557128906250    -0.356371343136    -0.263102740049    0.000399613229    -0.000173116423    0.036091044545    0.122719347477    0.000000000000    0.000000000000    0.000000000000    0.000000000000    0.000000000000    0.000000000000
-0.000000171749    1.299636602402    -0.022541014478    -0.000434871559    129198.000000000000    130688.414062500000    121769.015625000000    129197.992187500000    -47452.867187500000    -0.276094794273    -0.355713605881    0.000432075525    -0.000056619916    -0.001091532409    0.129781767726    0.000000000000    0.000000000000    0.000000000000    0.000000000000    0.000000000000    0.000000000000
-0.000000172862    1.299511313438    -0.022685099393    -0.000362141145    129555.117187500000    130324.750000000000    101239.710937500000    129555.109375000000    -82067.468750000000    -0.171080484986    -0.422520041466    0.000430050102    0.000064612235    -0.039176911116    0.125481665134    -0.000000000000    0.000000000000    -0.000000000000    0.000000000000    -0.000000000000    0.000000000000
-0.000000173976    1.299414634705    -0.022829677910    -0.000255055871    130084.265625000000    129778.953125000000    71003.906250000000    130084.265625000000    -108632.539062500000    -0.048390083015    -0.457825660706    0.000394436211    0.000181595373    -0.074621766806    0.109833508730    -0.000000000000    0.000000000000    -0.000000000000    0.000000000000    -0.000000000000    0.000000000000
-0.000000175090    1.299355745316    -0.022974921390    -0.000124120575    130735.406250000000    129104.578125000000    34027.191406250000    130735.406250000000    -124539.734375000000    0.082666382194    -0.455935716629    0.000326780981    0.000285367336    -0.103924453259    0.084032163024    -0.000000000000    0.000000000000    -0.000000000000    0.000000000000    -0.000000000000    0.000000000000
-0.000000176204    1.299340248108    -0.023120926693    0.000017817589    131445.718750000000    128369.601562500000    -6061.736816406250    131445.734375000000    -128226.406250000000    0.210328400135    -0.414119869471    0.000231032056    0.000367051980    -0.124106861651    0.050432261080    -0.000000000000    0.000000000000    -0.000000000000    0.000000000000    -0.000000000000    0.000000000000
-0.000000177318    1.299369215965    -0.023267727345    0.000156830283    132145.765625000000    127648.984375000000    -45327.949218750000    132145.781250000000    -119329.968750000000    0.321577608585    -0.333883166313    0.000113863825    0.000418610231    -0.133136346936    0.012295924127    -0.000000000000    0.000000000000    -0.000000000000    0.000000000000    -0.000000000000    0.000000000000
-0.000000178431    1.299439549446    -0.023415267467    0.000279275933    132766.203125000000    127016.453125000000    -79917.601562500000    132766.234375000000    -98723.632812500000    0.404001116753    -0.221551641822    -0.000015361784    0.000433907699    -0.130202859640    -0.026623282582    -0.000000000000    0.000000000000    -0.000000000000    0.000000000000    -0.000000000000    0.000000000000
-0.000000179545    1.299544215202    -0.023563424125    0.000373139308    133244.703125000000    126536.734375000000    -106437.078125000000    133244.734375000000    -68430.187500000000    0.447876363993    -0.087938494980    -0.000145150218    0.000409845205    -0.115803554654    -0.062575213611    0.000000000000    0.000000000000    0.000000000000    0.000000000000    0.000000000000    0.000000000000
-0.000000180659    1.299672722816    -0.023712012917    0.000429210428    133532.234375000000    126258.812500000000    -122286.242187500000    133532.265625000000    -31422.261718750000    0.447934836149    0.053059175611    -0.000263038062    0.000347262132    -0.091602608562    -0.092276148498    0.000000000000    0.000000000000    0.000000000000    0.000000000000    0.000000000000    0.000000000000
-0.000000181773    1.299812197685    -0.023860801011    0.000441986747    133598.046875000000    126211.015625000000    -125912.828125000000    133598.078125000000    8670.468750000000    0.403653621674    0.185389190912    -0.000356115605    0.000250821584    -0.060148492455    -0.113237202168    0.000000000000    0.000000000000    0.000000000000    0.000000000000    0.000000000000    0.000000000000
-0.000000182887    1.299948692322    -0.024009531364    0.000410210923    133432.890625000000    126398.507812500000    -116963.414062500000    133432.921875000000    47918.062500000000    0.321807682514    0.295649915934    -0.000415073097    0.000130628279    -0.024480804801    -0.124018162489    0.000000000000    0.000000000000    0.000000000000    0.000000000000    0.000000000000    0.000000000000
-0.000000184000    1.300068616867    -0.024157956243    0.000336991186    133050.265625000000    126803.500000000000    -96316.609375000000    133050.296875000000    82475.679687500000    0.212716162205    0.374475240707    -0.000434830785    -0.000001019318    0.012275619432    -0.124180860817    0.000000000000    0.000000000000    0.000000000000    0.000000000000    0.000000000000    0.000000000000
-0.000000185114    1.300159931183    -0.024305850267    0.000229494937    132485.265625000000    127387.515625000000    -65995.335937500000    132485.296875000000    108959.601562500000    0.088230319321    0.416539698839    -0.000414349051    -0.000131255263    0.047189943492    -0.114134825766    0.000000000000    0.000000000000    0.000000000000    0.000000000000    0.000000000000    0.000000000000
-0.000000186228    1.300213336945    -0.024453034624    0.000098245080    131791.375000000000    128095.820312500000    -28967.972656250000    131791.390625000000    124777.390625000000    -0.039733856916    0.420872509480    -0.000356840581    -0.000247981574    0.077697023749    -0.094964727759    0.000000000000    0.000000000000    0.000000000000    0.000000000000    0.000000000000    0.000000000000
-0.000000187342    1.300223469734    -0.024599406868    -0.000043910139    131035.382812500000    128862.953125000000    11142.085937500000    131035.390625000000    128380.359375000000    -0.160693258047    0.390008926392    -0.000268983655    -0.000341256091    0.101665966213    -0.068252258003    0.000000000000    0.000000000000    0.000000000000    0.000000000000    0.000000000000    0.000000000000
-0.000000188456    1.300189018250    -0.024744937196    -0.000183054057    130291.031250000000    129618.531250000000    50410.179687500000    130291.031250000000    119414.328125000000    -0.266355693340    0.328700482845    -0.000159707881    -0.000404143124    0.117403924465    -0.035956747830    0.000000000000    0.000000000000    0.000000000000    0.000000000000    0.000000000000    0.000000000000
-0.000000189569    1.300112962723    -0.024889677763    -0.000305562367    129631.812500000000    130292.851562500000    84993.187500000000    129631.804687500000    98754.195312500000    -0.350570201874    0.242796093225    -0.000038953382    -0.000432915287    0.123678244650    -0.000368837267    0.000000000000    0.000000000000    0.000000000000    0.000000000000    0.000000000000    0.000000000000
-0.000000190683    1.300002694130    -0.025033760816    -0.000399435725    129123.718750000000    130822.203125000000    111504.585937500000    129123.710937500000    68419.156250000000    -0.408846855164    0.138474985957    0.000083414445    -0.000426800892    0.119771406054    0.035920575261    0.000000000000    0.000000000000    0.000000000000    0.000000000000    0.000000000000    0.000000000000
-0.000000191797    1.299868702888    -0.025177389383    -0.000455474772    128818.671875000000    131153.984375000000    127345.554687500000    128818.664062500000    31376.484375000000    -0.437754124403    0.022168569267    0.000198260081    -0.000387435517    0.105611205101    0.070075571537    0.000000000000    0.000000000000    0.000000000000    0.000000000000    0.000000000000    0.000000000000
-0.000000192911    1.299723744392    -0.025320805609    -0.000468182436    128749.203125000000    131251.875000000000    130960.070312500000    128749.187500000000    -8747.503906250000    -0.434679895639    -0.099081650376    0.000297467312    -0.000318339560    0.081924214959    0.099163949490    0.000000000000    0.000000000000    0.000000000000    0.000000000000    0.000000000000    0.000000000000
-0.000000194025    1.299581766129    -0.025464281440    -0.000436305359    128924.984375000000    131100.390625000000    121988.750000000000    128924.976562500000    -48021.488281250000    -0.397602111101    -0.216269955039    0.000373188726    -0.000224247924    0.050350379199    0.120385870337    0.000000000000    0.000000000000    0.000000000000    0.000000000000    0.000000000000    0.000000000000
-0.000000195138    1.299456477165    -0.025608085096    -0.000362960622    129331.632812500000    130708.328125000000    101305.945312500000    129331.625000000000    -82594.070312500000    -0.327804028988    -0.320197999477    0.000419732445    -0.000112419169    0.013447448611    0.131475552917    0.000000000000    0.000000000000    0.000000000000    0.000000000000    0.000000000000    0.000000000000
-0.000000196252    1.299359798431    -0.025752454996    -0.000255333434    129931.742187500000    130110.039062500000    70936.101562500000    129931.742187500000    -109071.984375000000    -0.228988394141    -0.402205824852    0.000433819921    0.000008946434    -0.025501444936    0.131032600999    0.000000000000    0.000000000000    0.000000000000    0.000000000000    0.000000000000    0.000000000000
-0.000000197366    1.299300909042    -0.025897573680    -0.000123975187    130668.335937500000    129363.117187500000    33856.113281250000    130668.335937500000    -124854.250000000000    -0.107471846044    -0.453282237053    0.000413274858    0.000131015084    -0.062789395452    0.118779063225    -0.000000000000    0.000000000000    -0.000000000000    0.000000000000    -0.000000000000    0.000000000000
-0.000000198480    1.299285411835    -0.026043556631    0.000018230519    131470.234375000000    128543.085937500000    -6296.531738281250    131470.250000000000    -128388.789062500000    0.026982858777    -0.466181695461    0.000358163292    0.000244068127    -0.094734624028    0.095713108778    -0.000000000000    0.000000000000    -0.000000000000    0.000000000000    -0.000000000000    0.000000000000
-0.000000199594    1.299314498901    -0.026190433651    0.000157332062    132259.015625000000    127735.382812500000    -45581.328125000000    132259.031250000000    -119325.906250000000    0.161766529083    -0.437062144279    0.000271387486    0.000338069105    -0.118168890476    0.064043171704    -0.000000000000    0.000000000000    -0.000000000000    0.000000000000    -0.000000000000    0.000000000000
-0.000000200707    1.299385190010    -0.026338143274    0.000279679807    132956.578125000000    127025.734375000000    -80142.601562500000    132956.609375000000    -98553.031250000000    0.282893061638    -0.366774767637    0.000159079034    0.000403649261    -0.130859076977    0.026915956289    -0.000000000000    0.000000000000    -0.000000000000    0.000000000000    -0.000000000000    0.000000000000
-0.000000201821    1.299489974976    -0.026486547664    0.000373266375    133493.062500000000    126490.296875000000    -106588.890625000000    133493.093750000000    -68107.273437500000    0.377058863640    -0.261397123337    0.000030551946    0.000433371199    -0.131781473756    -0.012006524950    -0.000000000000    0.000000000000    -0.000000000000    0.000000000000    -0.000000000000    0.000000000000
-0.000000202935    1.299618601799    -0.026635434479    0.000428905129    133813.703125000000    126186.765625000000    -122326.117187500000    133813.734375000000    -30974.457031250000    0.433847904205    -0.131626456976    -0.000102421785    0.000423036749    -0.121174812317    -0.049033999443    0.000000000000    0.000000000000    0.000000000000    0.000000000000    0.000000000000    0.000000000000
-0.000000204049    1.299757957458    -0.026784537360    0.000441130484    133884.421875000000    126147.898437500000    -125811.601562500000    133884.453125000000    9204.845703125000    0.446967124939    0.008387103677    -0.000226555581    0.000372255221    -0.100408196449    -0.080875143409    0.000000000000    0.000000000000    0.000000000000    0.000000000000    0.000000000000    0.000000000000
-0.000000205163    1.299894094467    -0.026933576912    0.000408732245    133695.515625000000    126378.062500000000    -116704.031250000000    133695.546875000000    48493.085937500000    0.415949434042    0.142928123474    -0.000328577240    0.000285528717    -0.071711562574    -0.104968450963    0.000000000000    0.000000000000    0.000000000000    0.000000000000    0.000000000000    0.000000000000
-0.000000206276    1.300013542175    -0.027082268149    0.000334872369    133262.734375000000    126853.960937500000    -95895.710937500000    133262.765625000000    83041.781250000000    0.347191810608    0.259504497051    -0.000399219280    0.000172667875    -0.037797462195    -0.119678273797    0.000000000000    0.000000000000    0.000000000000    0.000000000000    0.000000000000    0.000000000000
-0.000000207390    1.300104260445    -0.027230359614    0.000226773394    132626.031250000000    127528.359375000000    -65423.714843750000    132626.062500000000    109467.890625000000    0.249470382929    0.348450928926    -0.000432401110    0.000045070010    -0.001538377255    -0.124222919345    0.000000000000    0.000000000000    0.000000000000    0.000000000000    0.000000000000    0.000000000000
-0.000000208504    1.300156950951    -0.027377655730    0.000095010342    131845.875000000000    128336.273437500000    -28269.640625000000    131845.890625000000    125183.976562500000    0.133328393102    0.404088109732    -0.000426258892    -0.000084902946    0.034265037626    -0.118584252894    0.000000000000    0.000000000000    0.000000000000    0.000000000000    0.000000000000    0.000000000000
-0.000000209618    1.300166130066    -0.027524037287    -0.000047524329    130997.500000000000    129202.351562500000    11932.082031250000    130997.507812500000    128650.203125000000    0.009408049285    0.424515843391    -0.000382955681    -0.000205485849    0.067014038563    -0.103377804160    0.000000000000    0.000000000000    0.000000000000    0.000000000000    0.000000000000    0.000000000000
-0.000000210732    1.300130605698    -0.027669472620    -0.000186881283    130163.648437500000    130048.062500000000    51248.925781250000    130163.648437500000    119524.265625000000    -0.112755857408    0.410745561123    -0.000307912414    -0.000306769914    0.094365611672    -0.079744488001    0.000000000000    0.000000000000    0.000000000000    0.000000000000    0.000000000000    0.000000000000
-0.000000211845    1.300053715706    -0.027814026922    -0.000309418014    129426.562500000000    130797.976562500000    85833.734375000000    129426.554687500000    98694.929687500000    -0.225158631802    0.365622520447    -0.000208731843    -0.000381395628    0.114265993237    -0.049311995506    0.000000000000    0.000000000000    0.000000000000    0.000000000000    0.000000000000    0.000000000000
-0.000000212959    1.299942493439    -0.027957851067    -0.000403132901    128859.875000000000    131384.859375000000    112300.054687500000    128859.867187500000    68195.937500000000    -0.321141541004    0.292983949184    -0.000094124916    -0.000424717320    0.125023141503    -0.014195051044    0.000000000000    0.000000000000    0.000000000000    0.000000000000    0.000000000000    0.000000000000
-0.000000214073    1.299807548523    -0.028101164848    -0.000458840339    128521.281250000000    131754.125000000000    128053.203125000000    128521.273437500000    31008.601562500000    -0.394902944565    0.197379201651    0.000026881171    -0.000434574642    0.125451073050    0.023008802906    0.000000000000    0.000000000000    0.000000000000    0.000000000000    0.000000000000    0.000000000000
-0.000000215187    1.299661874771    -0.028244245797    -0.000471071806    128446.648437500000    131868.125000000000    131544.843750000000    128446.632812500000    -9228.451171875000    -0.441139161587    0.084202952683    0.000145478756    -0.000410935492    0.115054115653    0.059296831489    0.000000000000    0.000000000000    0.000000000000    0.000000000000    0.000000000000    0.000000000000
-0.000000216301    1.299519419670    -0.028387395665    -0.000438614894    128646.210937500000    131710.281250000000    122426.070312500000    128646.203125000000    -48574.300781250000    -0.453670889139    -0.038465112448    0.000252041005    -0.000354492164    0.094245575368    0.091410569847    0.000000000000    0.000000000000    0.000000000000    0.000000000000    0.000000000000    0.000000000000
-0.000000217414    1.299393534660    -0.028530914336    -0.000364636158    129103.296875000000    131288.828125000000    101583.796875000000    129103.289062500000    -83171.460937500000    -0.431427717209    -0.162501797080    0.000339368155    -0.000270761491    0.064502000809    0.116278409958    0.000000000000    0.000000000000    0.000000000000    0.000000000000    0.000000000000    0.000000000000
-0.000000218528    1.299296736717    -0.028675066307    -0.000256375119    129775.617187500000    130638.757812500000    71055.898437500000    129775.617187500000    -109624.585937500000    -0.373528003693    -0.278074324131    0.000400818564    -0.000165298596    0.028300914913    0.131287544966    0.000000000000    0.000000000000    0.000000000000    0.000000000000    0.000000000000    0.000000000000
-0.000000219642    1.299237847328    -0.028820058331    -0.000124437385    130599.179687500000    129820.742187500000    33832.562500000000    130599.179687500000    -125334.695312500000    -0.282166600227    -0.374288082123    0.000430845161    -0.000045313798    -0.011037489399    0.134714692831    0.000000000000    0.000000000000    0.000000000000    0.000000000000    0.000000000000    0.000000000000
-0.000000220756    1.299222350121    -0.028966015205    0.000018243692    131494.281250000000    128916.531250000000    -6436.552734375000    131494.296875000000    -128755.757812500000    -0.163459956646    -0.440508306026    0.000425601815    0.000080253201    -0.049714453518    0.126029878855    -0.000000000000    0.000000000000    -0.000000000000    0.000000000000    -0.000000000000    0.000000000000
-0.000000221870    1.299251794815    -0.029112968594    0.000157675517    132373.421875000000    128020.960937500000    -45800.945312500000    132373.437500000000    -119547.648437500000    -0.027486890554    -0.468106508255    0.000383722829    0.000201049392    -0.083926409483    0.106018543243    -0.000000000000    0.000000000000    -0.000000000000    0.000000000000    -0.000000000000    0.000000000000
