wc / wrf: 0.935595
 t  x  y  z vpar vper vx vy vz re(e1)  im(e1)  re(e2)  im(e2)  re(e3)  im(e3)  re(b1)  im(b1)  re(b2)  im(b2)  re(b3)  im(b3)
-0.000000000223    1.300392985344    -0.000029250350    0.000249445962    131308.296875000000    131301.687500000000    -70352.265625000000    131308.328125000000    110863.398437500000    -0.399348348379    0.111130990088    0.000101019250    -0.000422471319    0.115298204124    0.034916158766    0.000000000000    0.000000000000    0.000000000000    0.000000000000    0.000000000000    0.000000000000
-0.000000001337    1.300450682640    -0.000175500798    0.000115789961    131305.296875000000    131277.500000000000    -32626.535156250000    131305.312500000000    127158.539062500000    -0.411192834377    -0.013416901231    0.000221726877    -0.000373500574    0.099538378417    0.066313669086    0.000000000000    0.000000000000    0.000000000000    0.000000000000    0.000000000000    0.000000000000
-0.000000002450    1.300464272499    -0.000321745261    -0.000029177534    131297.500000000000    131269.828125000000    8280.167968750000    131297.515625000000    131008.429687500000    -0.388206779957    -0.132989749312    0.000321136089    -0.000292462268    0.075878605247    0.092070825398    0.000000000000    0.000000000000    0.000000000000    0.000000000000    0.000000000000    0.000000000000
-0.000000003564    1.300432443619    -0.000467978476    -0.000171270891    131285.375000000000    131275.531250000000    48366.656250000000    131285.390625000000    122040.718750000000    -0.334744751453    -0.239195957780    0.000391635636    -0.000187848535    0.046054482460    0.110386252403    0.000000000000    0.000000000000    0.000000000000    0.000000000000    0.000000000000    0.000000000000
-0.000000004678    1.300358414650    -0.000614196586    -0.000296589802    131270.781250000000    131286.921875000000    83712.593750000000    131270.781250000000    101135.859375000000    -0.256295084953    -0.325808823109    0.000428804546    -0.000069380869    0.012151524425    0.119857862592    0.000000000000    0.000000000000    0.000000000000    0.000000000000    0.000000000000    0.000000000000
-0.000000005792    1.300249218941    -0.000760398339    -0.000392878050    131256.546875000000    131293.828125000000    110861.039062500000    131256.546875000000    70341.375000000000    -0.158721089363    -0.388274788857    0.000431209803    0.000053070580    -0.023405302316    0.119548566639    0.000000000000    0.000000000000    0.000000000000    0.000000000000    0.000000000000    0.000000000000
-0.000000006906    1.300115466118    -0.000906586065    -0.000450722029    131246.250000000000    131286.765625000000    127156.351562500000    131246.250000000000    32672.375000000000    -0.048057191074    -0.423102378845    0.000399918441    0.000170233718    -0.057891439646    0.109109692276    -0.000000000000    0.000000000000    -0.000000000000    0.000000000000    -0.000000000000    0.000000000000
-0.000000008019    1.299970626831    -0.001052766223    -0.000464472570    131243.500000000000    131259.671875000000    131004.414062500000    131243.500000000000    -8182.447265625000    0.069196663797    -0.427474200726    0.000337940553    0.000273804530    -0.088396899402    0.088941112161    -0.000000000000    0.000000000000    -0.000000000000    0.000000000000    -0.000000000000    0.000000000000
-0.000000009133    1.299828648567    -0.001198949059    -0.000432798726    131251.390625000000    131211.765625000000    122029.710937500000    131251.390625000000    -48221.203125000000    0.185498803854    -0.399451136589    0.000249863224    0.000356495962    -0.112062089145    0.060344852507    -0.000000000000    0.000000000000    -0.000000000000    0.000000000000    -0.000000000000    0.000000000000
-0.000000010247    1.299703359604    -0.001345147495    -0.000358819991    131271.953125000000    131147.250000000000    101113.312500000000    131271.953125000000    -83520.703125000000    0.292025089264    -0.338725656271    0.000141734869    0.000412097084    -0.126414835453    0.025564663112    -0.000000000000    0.000000000000    -0.000000000000    0.000000000000    -0.000000000000    0.000000000000
-0.000000011361    1.299607157707    -0.001491376199    -0.000249801436    131305.625000000000    131073.453125000000    70307.585937500000    131305.625000000000    -110621.421875000000    0.378154903650    -0.247601598501    0.000021171363    0.000434966350    -0.129723206162    -0.012318992987    -0.000000000000    0.000000000000    -0.000000000000    0.000000000000    -0.000000000000    0.000000000000
-0.000000012475    1.299549460411    -0.001637649140    -0.000116442170    131350.968750000000    130998.007812500000    32635.357421875000    131350.984375000000    -126867.703125000000    0.435156822205    -0.132353231311    -0.000102519596    0.000422776939    -0.121370837092    -0.049712970853    0.000000000000    0.000000000000    0.000000000000    0.000000000000    0.000000000000    0.000000000000
-0.000000013588    1.299535870552    -0.001783977728    0.000028174243    131404.687500000000    130926.507812500000    -8206.972656250000    131404.703125000000    -130669.039062500000    0.455816358328    -0.002076312900    -0.000219578505    0.000375374249    -0.101985484362    -0.082932651043    0.000000000000    0.000000000000    0.000000000000    0.000000000000    0.000000000000    0.000000000000
-0.000000014702    1.299567461014    -0.001930368482    0.000169864012    131461.765625000000    130861.742187500000    -48212.765625000000    131461.781250000000    -121656.593750000000    0.435508519411    0.131191328168    -0.000319771410    0.000294952246    -0.073427230120    -0.108677044511    0.000000000000    0.000000000000    0.000000000000    0.000000000000    0.000000000000    0.000000000000
-0.000000015816    1.299641489983    -0.002076821867    0.000294735306    131515.984375000000    130804.343750000000    -83459.164062500000    131516.015625000000    -100719.125000000000    0.374076038599    0.253721952438    -0.000393308233    0.000186956124    -0.038559682667    -0.124470956624    0.000000000000    0.000000000000    0.000000000000    0.000000000000    0.000000000000    0.000000000000
-0.000000016930    1.299750328064    -0.002223331016    0.000390551286    131560.578125000000    130754.289062500000    -110492.539062500000    131560.609375000000    -69914.804687500000    0.276528596878    0.351506739855    -0.000431615947    0.000060176681    -0.000874150544    -0.128974035382    0.000000000000    0.000000000000    0.000000000000    0.000000000000    0.000000000000    0.000000000000
-0.000000018044    1.299883484840    -0.002369881375    0.000447929167    131589.015625000000    130712.562500000000    -126667.101562500000    131589.046875000000    -32267.869140625000    0.153318345547    0.412913143635    -0.000429124571    -0.000073314637    0.035988513380    -0.122092679143    0.000000000000    0.000000000000    0.000000000000    0.000000000000    0.000000000000    0.000000000000
-0.000000019157    1.300027728081    -0.002516451757    0.000461257965    131595.906250000000    130682.179687500000    -130403.523437500000    131595.937500000000    8529.365234375000    0.018192999065    0.432716846466    -0.000386097643    -0.000200259557    0.068729370832    -0.104903385043    0.000000000000    0.000000000000    0.000000000000    0.000000000000    0.000000000000    0.000000000000
-0.000000020271    1.300168991089    -0.002663016319    0.000429244741    131577.750000000000    130668.023437500000    -121342.000000000000    131577.781250000000    48479.351562500000    -0.114485934377    0.410242170095    -0.000306616857    -0.000308063725    0.094691701233    -0.079347290099    0.000000000000    0.000000000000    0.000000000000    0.000000000000    0.000000000000    0.000000000000
-0.000000021385    1.300293445587    -0.002809545957    0.000355037453    131533.562500000000    130675.578125000000    -100375.585937500000    131533.593750000000    83671.070312500000    -0.231664806604    0.349853277206    -0.000198805108    -0.000386312779    0.112041912973    -0.047910302877    0.000000000000    0.000000000000    0.000000000000    0.000000000000    0.000000000000    0.000000000000
-0.000000022499    1.300388932228    -0.002956012497    0.000245913106    131465.234375000000    130709.164062500000    -69561.125000000000    131465.265625000000    110662.257812500000    -0.323331147432    0.259684890509    -0.000073648633    -0.000428094150    0.119782716036    -0.013301961124    0.000000000000    0.000000000000    0.000000000000    0.000000000000    0.000000000000    0.000000000000
-0.000000023613    1.300445914268    -0.003102391725    0.000112562659    131377.593750000000    130769.804687500000    -31916.958984375000    131377.609375000000    126815.023437500000    -0.383359909058    0.149912849069    0.000056551220    -0.000430660351    0.117666929960    0.021781589836    0.000000000000    0.000000000000    0.000000000000    0.000000000000    0.000000000000    0.000000000000
-0.000000024726    1.300458788872    -0.003248665947    -0.000031956319    131278.078125000000    130853.601562500000    8872.462890625000    131278.093750000000    130552.468750000000    -0.409436047077    0.030952833593    0.000179824492    -0.000395381066    0.106060735881    0.054794795811    0.000000000000    0.000000000000    0.000000000000    0.000000000000    0.000000000000    0.000000000000
-0.000000025840    1.300426483154    -0.003394827014    -0.000173497217    131176.171875000000    130951.015625000000    48816.304687500000    131176.187500000000    121511.898437500000    -0.402229487896    -0.087779730558    0.000285841350    -0.000327049522    0.085848048329    0.083393871784    0.000000000000    0.000000000000    0.000000000000    0.000000000000    0.000000000000    0.000000000000
-0.000000026954    1.300351858139    -0.003540878184    -0.000298207597    131082.484375000000    131047.484375000000    84006.703125000000    131082.484375000000    100579.937500000000    -0.364332556725    -0.198377788067    0.000366697001    -0.000232859253    0.058397613466    0.105468392372    0.000000000000    0.000000000000    0.000000000000    0.000000000000    0.000000000000    0.000000000000
-0.000000028068    1.300242424011    -0.003686834592    -0.000393883791    131007.632812500000    131125.703125000000    111000.203125000000    131007.625000000000    69806.250000000000    -0.299301713705    -0.294354140759    0.000417195522    -0.000121295627    0.025568140671    0.119195654988    0.000000000000    0.000000000000    0.000000000000    0.000000000000    0.000000000000    0.000000000000
-0.000000029182    1.300108671188    -0.003832722316    -0.000451164873    130961.070312500000    131169.109375000000    127154.406250000000    130961.062500000000    32204.007812500000    -0.211285665631    -0.370095372200    0.000434652553    -0.000001286273    -0.010268559679    0.123178206384    0.000000000000    0.000000000000    0.000000000000    0.000000000000    0.000000000000    0.000000000000
-0.000000030295    1.299963831902    -0.003978577442    -0.000464449899    130949.984375000000    131165.640625000000    130887.109375000000    130949.968750000000    -8543.927734375000    -0.105175487697    -0.420428067446    0.000418549083    0.000118337855    -0.046275984496    0.116642057896    -0.000000000000    0.000000000000    -0.000000000000    0.000000000000    -0.000000000000    0.000000000000
-0.000000031409    1.299821972847    -0.004124442581    -0.000432447850    130978.281250000000    131110.781250000000    121832.421875000000    130978.273437500000    -48444.867187500000    0.012855559587    -0.440587252378    0.000370224763    0.000229070545    -0.079310625792    0.099658802152    -0.000000000000    0.000000000000    -0.000000000000    0.000000000000    -0.000000000000    0.000000000000
-0.000000032523    1.299696922302    -0.004270361271    -0.000358306279    131045.968750000000    131008.445312500000    100878.015625000000    131045.960937500000    -83587.359375000000    0.134818226099    -0.426788926125    0.000292778714    0.000322823733    -0.106211945415    0.073317252100    -0.000000000000    0.000000000000    -0.000000000000    0.000000000000    -0.000000000000    0.000000000000
-0.000000033637    1.299600958824    -0.004416374955    -0.000249304285    131148.843750000000    130869.921875000000    70079.375000000000    131148.843750000000    -110525.218750000000    0.249934256077    -0.376940637827    0.000190970663    0.000391325448    -0.124174088240    0.039772830904    -0.000000000000    0.000000000000    -0.000000000000    0.000000000000    -0.000000000000    0.000000000000
-0.000000034751    1.299543380737    -0.004562519491    -0.000116139825    131278.687500000000    130710.812500000000    32458.716796875000    131278.703125000000    -126616.554687500000    0.347848415375    -0.293461531401    0.000072499264    0.000428904750    -0.131219089031    0.002087086439    -0.000000000000    0.000000000000    -0.000000000000    0.000000000000    -0.000000000000    0.000000000000
-0.000000035864    1.299529790878    -0.004708818626    0.000028119794    131423.906250000000    130547.625000000000    -8291.767578125000    131423.921875000000    -130284.039062500000    0.418269872665    -0.181835621595    -0.000053754775    0.000431504945    -0.126474976540    -0.036104518920    -0.000000000000    0.000000000000    -0.000000000000    0.000000000000    -0.000000000000    0.000000000000
-0.000000036978    1.299561381340    -0.004855280742    0.000169320847    131570.484375000000    130395.085937500000    -48173.035156250000    131570.500000000000    -121170.281250000000    0.452202826738    -0.051291488111    -0.000177530514    0.000397112512    -0.110349319875    -0.071034029126    0.000000000000    0.000000000000    0.000000000000    0.000000000000    0.000000000000    0.000000000000
-0.000000038092    1.299635171890    -0.005001900718    0.000293612946    131703.390625000000    130264.828125000000    -83272.656250000000    131703.421875000000    -100172.796875000000    0.444099664688    0.085597157478    -0.000287674455    0.000326877343    -0.084502659738    -0.099299453199    0.000000000000    0.000000000000    0.000000000000    0.000000000000    0.000000000000    0.000000000000
-0.000000039206    1.299743890762    -0.005148653407    0.000388808461    131808.156250000000    130165.382812500000    -110149.453125000000    131808.187500000000    -69355.046875000000    0.393066585064    0.214077234268    -0.000372929266    0.000225518626    -0.051613170654    -0.118291497231    0.000000000000    0.000000000000    0.000000000000    0.000000000000    0.000000000000    0.000000000000
-0.000000040320    1.299876689911    -0.005295502022    0.000445577753    131872.343750000000    130102.765625000000    -126171.046875000000    131872.375000000000    -31742.597656250000    0.304030478001    0.319178968668    -0.000423278456    0.000101866164    -0.014994636178    -0.126487940550    0.000000000000    0.000000000000    0.000000000000    0.000000000000    0.000000000000    0.000000000000
-0.000000041433    1.300020337105    -0.005442394875    0.000458361872    131887.078125000000    130081.390625000000    -129771.382812500000    131887.109375000000    8975.045898437500    0.187644958496    0.390748798847    -0.000433801295    -0.000031736377    0.021896643564    -0.123583398759    0.000000000000    0.000000000000    0.000000000000    0.000000000000    0.000000000000    0.000000000000
-0.000000042547    1.300161004066    -0.005589274690    0.000425914797    131848.093750000000    130104.296875000000    -120602.617187500000    131848.125000000000    48807.105468750000    0.056808479130    0.422505795956    -0.000403291167    -0.000162127195    0.055853642523    -0.110310129821    0.000000000000    0.000000000000    0.000000000000    0.000000000000    0.000000000000    0.000000000000
-0.000000043661    1.300284624100    -0.005736081395    0.000351421768    131756.453125000000    130172.679687500000    -99567.281250000000    131756.484375000000    83852.734375000000    -0.074754998088    0.413317918777    -0.000335110963    -0.000276531995    0.084211587906    -0.088232390583    0.000000000000    0.000000000000    0.000000000000    0.000000000000    0.000000000000    0.000000000000
-0.000000044775    1.300379037857    -0.005882759113    0.000242184295    131618.703125000000    130284.914062500000    -68728.320312500000    131618.734375000000    110682.320312500000    -0.194650292397    0.366709649563    -0.000236633001    -0.000364278065    0.104984879494    -0.059446260333    0.000000000000    0.000000000000    0.000000000000    0.000000000000    0.000000000000    0.000000000000
-0.000000045889    1.300435066223    -0.006029263604    0.000108902866    131446.531250000000    130435.398437500000    -31106.230468750000    131446.546875000000    126672.000000000000    -0.293255269527    0.289576292038    -0.000118056356    -0.000418008975    0.116877228022    -0.026330061257    0.000000000000    0.000000000000    0.000000000000    0.000000000000    0.000000000000    0.000000000000
-0.000000047003    1.300447225571    -0.006175564136    -0.000035371231    131255.609375000000    130613.484375000000    9616.555664062500    131255.625000000000    130259.000000000000    -0.364317953587    0.190544784069    0.000009099604    -0.000434259971    0.119216881692    0.008628573269    0.000000000000    0.000000000000    0.000000000000    0.000000000000    0.000000000000    0.000000000000
-0.000000048116    1.300413966179    -0.006321649998    -0.000176512825    131064.414062500000    130803.187500000000    49455.160156250000    131064.414062500000    121093.617187500000    -0.404724925756    0.078554332256    0.000133441354    -0.000413355767    0.111896730959    0.042923152447    0.000000000000    0.000000000000    0.000000000000    0.000000000000    0.000000000000    0.000000000000
-0.000000049230    1.300338745117    -0.006467531435    -0.000300704269    130892.273437500000    130983.757812500000    84511.039062500000    130892.265625000000    100073.148437500000    -0.413701683283    -0.038156434894    0.000244903349    -0.000358774734    0.095335476100    0.074067711830    0.000000000000    0.000000000000    0.000000000000    0.000000000000    0.000000000000    0.000000000000
-0.000000050344    1.300228714943    -0.006613240577    -0.000395786774    130757.523437500000    131131.937500000000    111352.476562500000    130757.515625000000    69254.734375000000    -0.391940236092    -0.152193248272    0.000335352670    -0.000276254577    0.070529058576    0.099651224911    0.000000000000    0.000000000000    0.000000000000    0.000000000000    0.000000000000    0.000000000000
-0.000000051458    1.300094723701    -0.006758827716    -0.000452450622    130675.484375000000    131225.437500000000    127350.187500000000    130675.476562500000    31655.228515625000    -0.340999633074    -0.256754070520    0.000398804812    -0.000172918226    0.039108581841    0.117447756231    0.000000000000    0.000000000000    0.000000000000    0.000000000000    0.000000000000    0.000000000000
-0.000000052572    1.299949765205    -0.006904357579    -0.000465147896    130656.828125000000    131247.171875000000    130935.296875000000    130656.812500000000    -9042.886718750000    -0.263316363096    -0.345119535923    0.000431285269    -0.000056663441    0.003382984549    0.125624909997    0.000000000000    0.000000000000    0.000000000000    0.000000000000    0.000000000000    0.000000000000
-0.000000053685    1.299807906151    -0.007049905136    -0.000432638044    130706.195312500000    131189.031250000000    121754.359375000000    130706.187500000000    -48851.273437500000    -0.162691578269    -0.410439163446    0.000430652930    0.000064164815    -0.033723242581    0.123011022806    0.000000000000    0.000000000000    0.000000000000    0.000000000000    0.000000000000    0.000000000000
-0.000000054799    1.299683094025    -0.007195544429    -0.000358111953    130821.570312500000    131054.156250000000    100705.632812500000    130821.562500000000    -83866.414062500000    -0.044977873564    -0.446048736572    0.000396548072    0.000180916133    -0.068869709969    0.109362214804    -0.000000000000    0.000000000000    -0.000000000000    0.000000000000    -0.000000000000    0.000000000000
-0.000000055913    1.299587368965    -0.007341345306    -0.000248881755    130994.039062500000    130856.507812500000    69852.421875000000    130994.039062500000    -110652.937500000000    0.080574035645    -0.445628792048    0.000329977280    0.000283968548    -0.098620593548    0.085561290383    -0.000000000000    0.000000000000    -0.000000000000    0.000000000000    -0.000000000000    0.000000000000
-0.000000057027    1.299530029297    -0.007487363648    -0.000115665127    131208.546875000000    130618.414062500000    32221.539062500000    131208.562500000000    -126581.773437500000    0.203700378537    -0.407616913319    0.000236008680    0.000365292712    -0.119957745075    0.053647980094    -0.000000000000    0.000000000000    -0.000000000000    0.000000000000    -0.000000000000    0.000000000000
-0.000000058141    1.299516677856    -0.007633635309    0.000028465816    131445.187500000000    130366.351562500000    -8493.835937500000    131445.203125000000    -130089.359375000000    0.312670677900    -0.332824736834    0.000121067395    0.000417558360    -0.130642816424    0.016624186188    -0.000000000000    0.000000000000    -0.000000000000    0.000000000000    -0.000000000000    0.000000000000
-0.000000059254    1.299548745155    -0.007780171931    0.000169367908    131680.953125000000    130126.859375000000    -48297.429687500000    131680.968750000000    -120831.945312500000    0.395556032658    -0.226169317961    -0.000006226095    0.000434861111    -0.129563674331    -0.021881453693    -0.000000000000    0.000000000000    -0.000000000000    0.000000000000    -0.000000000000    0.000000000000
-0.000000060368    1.299622535706    -0.007926959544    0.000293215911    131892.046875000000    129923.250000000000    -83283.203125000000    131892.078125000000    -99719.390625000000    0.442283749580    -0.097083903849    -0.000135131631    0.000413845817    -0.116917327046    -0.058085165918    0.000000000000    0.000000000000    0.000000000000    0.000000000000    0.000000000000    0.000000000000
-0.000000061482    1.299731016159    -0.008073957637    0.000387859880    132056.296875000000    129773.648437500000    -110019.546875000000    132056.328125000000    -68825.117187500000    0.446348369122    0.041354283690    -0.000253565202    0.000354517251    -0.094134777784    -0.088535577059    0.000000000000    0.000000000000    0.000000000000    0.000000000000    0.000000000000    0.000000000000
-0.000000062596    1.299863457680    -0.008221103810    0.000444017118    132155.468750000000    129690.296875000000    -125886.015625000000    132155.500000000000    -31181.410156250000    0.406073033810    0.173254340887    -0.000348653644    0.000260803965    -0.063663564622    -0.110520251095    0.000000000000    0.000000000000    0.000000000000    0.000000000000    0.000000000000    0.000000000000
-0.000000063710    1.300006747246    -0.008368318900    0.000456181093    132177.203125000000    129679.773437500000    -129329.890625000000    132177.234375000000    9519.367187500000    0.327382564545    0.285151064396    -0.000411086308    0.000142225559    -0.028561867774    -0.122396118939    0.000000000000    0.000000000000    0.000000000000    0.000000000000    0.000000000000    0.000000000000
-0.000000064823    1.300146818161    -0.008515512571    0.000423159014    132116.562500000000    129743.421875000000    -120016.953125000000    132116.593750000000    49287.757812500000    0.219663947821    0.366173237562    -0.000434560323    0.000010405412    0.007930917665    -0.123574264348    0.000000000000    0.000000000000    0.000000000000    0.000000000000    0.000000000000    0.000000000000
-0.000000065937    1.300269842148    -0.008662592620    0.000348185655    131976.750000000000    129877.593750000000    -98862.414062500000    131976.781250000000    84228.328125000000    0.095058701932    0.409856796265    -0.000417127798    -0.000121607300    0.042746070772    -0.114438422024    0.000000000000    0.000000000000    0.000000000000    0.000000000000    0.000000000000    0.000000000000
-0.000000067051    1.300363540649    -0.008809478953    0.000238603825    131769.031250000000    130073.718750000000    -67939.687500000000    131769.062500000000    110920.562500000000    -0.033655375242    0.414531052113    -0.000361346058    -0.000241104251    0.073228217661    -0.096132814884    0.000000000000    0.000000000000    0.000000000000    0.000000000000    0.000000000000    0.000000000000
-0.000000068165    1.300418734550    -0.008956104517    0.000105143597    131511.890625000000    130318.359375000000    -30276.625000000000    131511.906250000000    126752.515625000000    -0.154900938272    0.382731020451    -0.000273684738    -0.000337298057    0.097246445715    -0.070336185396    0.000000000000    0.000000000000    0.000000000000    0.000000000000    0.000000000000    0.000000000000
-0.000000069279    1.300429821014    -0.009102426469    -0.000039128579    131229.406250000000    130593.148437500000    10440.839843750000    131229.421875000000    130175.117187500000    -0.259535461664    0.319902598858    -0.000163354329    -0.000402471342    0.113200530410    -0.039070386440    0.000000000000    0.000000000000    0.000000000000    0.000000000000    0.000000000000    0.000000000000
-0.000000070392    1.300395846367    -0.009248432703    -0.000180088042    130949.000000000000    130875.187500000000    50228.460937500000    130949.000000000000    120852.890625000000    -0.341167628765    0.232963964343    -0.000040912506    -0.000432436238    0.119992733002    -0.004598475993    0.000000000000    0.000000000000    0.000000000000    0.000000000000    0.000000000000    0.000000000000
-0.000000071506    1.300319790840    -0.009394139983    -0.000303933193    130698.734375000000    131137.875000000000    85192.343750000000    130698.726562500000    99696.617187500000    -0.395800501108    0.129206553102    0.000083008490    -0.000426400919    0.117032840848    0.030622698367    0.000000000000    0.000000000000    0.000000000000    0.000000000000    0.000000000000    0.000000000000
-0.000000072620    1.300209164619    -0.009539597668    -0.000398535398    130504.593750000000    131352.968750000000    111908.914062500000    130504.585937500000    68775.039062500000    -0.421107113361    0.015649221838    0.000198706170    -0.000386411994    0.104278147221    0.063975915313    0.000000000000    0.000000000000    0.000000000000    0.000000000000    0.000000000000    0.000000000000
-0.000000073734    1.300074577332    -0.009684881195    -0.000454626424    130387.773437500000    131493.812500000000    127759.789062500000    130387.765625000000    31113.734375000000    -0.415805310011    -0.100808687508    0.000297859631    -0.000316635560    0.082357041538    0.092766985297    0.000000000000    0.000000000000    0.000000000000    0.000000000000    0.000000000000    0.000000000000
-0.000000074848    1.299929141998    -0.009830084629    -0.000466707657    130362.343750000000    131539.437500000000    131188.703125000000    130362.328125000000    -9599.681640625000    -0.379444003105    -0.213014870882    0.000373699237    -0.000222739007    0.052672881633    0.114394605160    0.000000000000    0.000000000000    0.000000000000    0.000000000000    0.000000000000    0.000000000000
-0.000000075961    1.299787282944    -0.009975314140    -0.000433591282    130433.640625000000    131478.921875000000    121855.468750000000    130433.632812500000    -49375.683593750000    -0.312769651413    -0.313139259815    0.000420953817    -0.000111517824    0.017458271235    0.126621812582    0.000000000000    0.000000000000    0.000000000000    0.000000000000    0.000000000000    0.000000000000
-0.000000077075    1.299662351608    -0.010120674036    -0.000358520163    130597.507812500000    131314.312500000000    100671.132812500000    130597.500000000000    -84313.578125000000    -0.218553096056    -0.392665386200    0.000435827969    0.000009209449    -0.020302042365    0.127910390496    0.000000000000    0.000000000000    0.000000000000    0.000000000000    0.000000000000    0.000000000000
-0.000000078189    1.299566745758    -0.010266262107    -0.000248853088    130840.296875000000    131061.445312500000    69710.359375000000    130840.296875000000    -110984.570312500000    -0.102889999747    -0.441919744015    0.000415294926    0.000130115921    -0.057089902461    0.117715440691    -0.000000000000    0.000000000000    -0.000000000000    0.000000000000    -0.000000000000    0.000000000000
-0.000000079303    1.299509644508    -0.010412155651    -0.000115345203    131140.078125000000    130748.007812500000    32008.996093750000    131140.093750000000    -126769.351562500000    0.025492236018    -0.455861181021    0.000361214246    0.000241965317    -0.089330747724    0.096733957529    -0.000000000000    0.000000000000    -0.000000000000    0.000000000000    -0.000000000000    0.000000000000
-0.000000080417    1.299496650696    -0.010558402166    0.000028906243    131468.531250000000    130409.328125000000    -8733.716796875000    131468.546875000000    -130116.546875000000    0.155459389091    -0.430317044258    0.000276364532    0.000335444813    -0.113772787154    0.066843628883    -0.000000000000    0.000000000000    -0.000000000000    0.000000000000    -0.000000000000    0.000000000000
-0.000000081530    1.299528837204    -0.010705015622    0.000169747378    131793.640625000000    130083.140625000000    -48519.003906250000    131793.656250000000    -120696.023437500000    0.274051964283    -0.365112781525    0.000166340513    0.000401697005    -0.127966299653    0.030951909721    -0.000000000000    0.000000000000    -0.000000000000    0.000000000000    -0.000000000000    0.000000000000
-0.000000082644    1.299602985382    -0.010851973668    0.000293357705    132082.828125000000    129804.593750000000    -83442.132812500000    132082.859375000000    -99431.593750000000    0.368278920650    -0.264898002148    0.000039655693    0.000433404522    -0.130594268441    -0.007381677628    -0.000000000000    0.000000000000    -0.000000000000    0.000000000000    -0.000000000000    0.000000000000
-0.000000083758    1.299711823463    -0.010999221355    0.000387607259    132306.281250000000    129602.320312500000    -110076.617187500000    132306.312500000000    -68409.773437500000    0.427210837603    -0.139105185866    -0.000092644725    0.000425982376    -0.121623642743    -0.044418059289    0.000000000000    0.000000000000    0.000000000000    0.000000000000    0.000000000000    0.000000000000
-0.000000084872    1.299844384193    -0.011146668345    0.000443246827    132439.875000000000    129495.937500000000    -125810.585937500000    132439.906250000000    -30673.912109375000    0.442481309175    -0.001745045185    -0.000217072724    0.000377507880    -0.102229058743    -0.076685816050    0.000000000000    0.000000000000    0.000000000000    0.000000000000    0.000000000000    0.000000000000
-0.000000085986    1.299987554550    -0.011294206604    0.000454814144    132467.906250000000    129495.187500000000    -129102.609375000000    132467.937500000000    10075.545898437500    0.414494127035    0.132427632809    -0.000321322063    0.000293283782    -0.074584938586    -0.101473443210    0.000000000000    0.000000000000    0.000000000000    0.000000000000    0.000000000000    0.000000000000
-0.000000087099    1.300127148628    -0.011441713199    0.000421167613    132384.765625000000    129600.273437500000    -119631.617187500000    132384.796875000000    49844.796875000000    0.347578346729    0.249715507030    -0.000395018753    0.000181501950    -0.041438475251    -0.116960518062    0.000000000000    0.000000000000    0.000000000000    0.000000000000    0.000000000000    0.000000000000
-0.000000088213    1.300249576569    -0.011589067988    0.000345595734    132195.890625000000    129802.523437500000    -98326.609375000000    132195.921875000000    84738.250000000000    0.250334441662    0.339379578829    -0.000431226392    0.000053380019    -0.005764298141    -0.122289076447    0.000000000000    0.000000000000    0.000000000000    0.000000000000    0.000000000000    0.000000000000
-0.000000089327    1.300342679024    -0.011736161076    0.000235492887    131917.296875000000    130085.687500000000    -67274.210937500000    131917.328125000000    111339.421875000000    0.133818760514    0.394825130701    -0.000427278341    -0.000078413621    0.029541552067    -0.117459982634    0.000000000000    0.000000000000    0.000000000000    0.000000000000    0.000000000000    0.000000000000
-0.000000090441    1.300397157669    -0.011882904917    0.000101634032    131574.453125000000    130427.375000000000    -29513.613281250000    131574.468750000000    127044.273437500000    0.009672559798    0.413788765669    -0.000384852581    -0.000201419025    0.061853922904    -0.103177532554    0.000000000000    0.000000000000    0.000000000000    0.000000000000    0.000000000000    0.000000000000
-0.000000091555    1.300407528877    -0.012029245496    -0.000042880158    131199.781250000000    130800.421875000000    11260.773437500000    131199.796875000000    130314.804687500000    -0.111556783319    0.397632062435    -0.000309351977    -0.000304918562    0.088897854090    -0.080669611692    0.000000000000    0.000000000000    0.000000000000    0.000000000000    0.000000000000    0.000000000000
-0.000000092668    1.300372481346    -0.012175166979    -0.000183904413    130829.734375000000    131174.281250000000    51059.906250000000    130829.734375000000    120828.726562500000    -0.221241459250    0.350183606148    -0.000208821701    -0.000380890328    0.108770854771    -0.051589056849    0.000000000000    0.000000000000    0.000000000000    0.000000000000    0.000000000000    0.000000000000
-0.000000093782    1.300295591354    -0.012320696376    -0.000307631854    130501.179687500000    131516.375000000000    85989.109375000000    130501.171875000000    99510.992187500000    -0.312832832336    0.276487171650    -0.000092673123    -0.000424424739    0.119948931038    -0.017962008715    0.000000000000    0.000000000000    0.000000000000    0.000000000000    0.000000000000    0.000000000000
-0.000000094896    1.300184249878    -0.012465899810    -0.000401944329    130247.773437500000    131794.109375000000    112628.093750000000    130247.765625000000    68444.195312500000    -0.381371051073    0.182085186243    0.000029369949    -0.000433548383    0.121363177896    0.017813129351    0.000000000000    0.000000000000    0.000000000000    0.000000000000    0.000000000000    0.000000000000
-0.000000096010    1.300048947334    -0.012610875070    -0.000457598770    130096.523437500000    131977.546875000000    128365.351562500000    130096.515625000000    30666.267578125000    -0.422909498215    0.072786584496    0.000148038089    -0.000408787193    0.112525224686    0.053003653884    0.000000000000    0.000000000000    0.000000000000    0.000000000000    0.000000000000    0.000000000000
-0.000000097124    1.299902915955    -0.012755746953    -0.000469134160    130064.914062500000    132043.265625000000    131654.500000000000    130064.898437500000    -10125.324218750000    -0.434165805578    -0.044998154044    0.000254873536    -0.000352654024    0.093702942133    0.084657303989    0.000000000000    0.000000000000    0.000000000000    0.000000000000    0.000000000000    0.000000000000
-0.000000098237    1.299760460854    -0.012900655158    -0.000435409456    130158.937500000000    131978.375000000000    122167.281250000000    130158.929687500000    -49934.503906250000    -0.412678062916    -0.163763910532    0.000342352374    -0.000269281707    0.066069886088    0.109827496111    0.000000000000    0.000000000000    0.000000000000    0.000000000000    0.000000000000    0.000000000000
-0.000000099351    1.299635410309    -0.013045734726    -0.000359719648    130372.203125000000    131784.203125000000    100827.742187500000    130372.195312500000    -84857.828125000000    -0.357476592064    -0.274197638035    0.000403578888    -0.000164267636    0.031775329262    0.125910937786    0.000000000000    0.000000000000    0.000000000000    0.000000000000    0.000000000000    0.000000000000
-0.000000100465    1.299539685249    -0.013191110454    -0.000249476288    130686.273437500000    131477.843750000000    69723.554687500000    130686.273437500000    -111467.726562500000    -0.270676374435    -0.365614712238    0.000432665081    -0.000045194385    -0.006156606600    0.131032779813    0.000000000000    0.000000000000    0.000000000000    0.000000000000    0.000000000000    0.000000000000
-0.000000101579    1.299482584000    -0.013336879201    -0.000115483839    131072.218750000000    131091.234375000000    31902.632812500000    131072.234375000000    -127150.054687500000    -0.158091694117    -0.429590821266    0.000427377439    0.000078877463    -0.044153891504    0.124417744577    -0.000000000000    0.000000000000    -0.000000000000    0.000000000000    -0.000000000000    0.000000000000
-0.000000102693    1.299469709396    -0.013483101502    0.000029118899    131493.296875000000    130667.250000000000    -8925.637695312500    131493.312500000000    -130362.054687500000    -0.028320640326    -0.457845717669    0.000386565167    0.000198296897    -0.078478246927    0.106513746083    -0.000000000000    0.000000000000    -0.000000000000    0.000000000000    -0.000000000000    0.000000000000
-0.000000103806    1.299502134323    -0.013629793189    0.000170147730    131908.406250000000    130253.921875000000    -48755.078125000000    131908.421875000000    -120785.046875000000    0.106768235564    -0.445061266422    0.000311845943    0.000302710570    -0.105724677444    0.079033918679    -0.000000000000    0.000000000000    -0.000000000000    0.000000000000    -0.000000000000    0.000000000000
-0.000000104920    1.299576401711    -0.013776924461    0.000293765741    132276.109375000000    129897.968750000000    -83676.976562500000    132276.140625000000    -99356.148437500000    0.233350753784    -0.390370041132    0.000208143087    0.000382011232    -0.123277291656    0.044740900397    -0.000000000000    0.000000000000    -0.000000000000    0.000000000000    -0.000000000000    0.000000000000
-0.000000106034    1.299685239792    -0.013924422674    0.000387841865    132558.890625000000    129638.960937500000    -110264.664062500000    132558.921875000000    -68175.968750000000    0.337632209063    -0.298117280006    0.000083785504    0.000427617837    -0.129630804062    0.007065236568    -0.000000000000    0.000000000000    -0.000000000000    0.000000000000    -0.000000000000    0.000000000000
-0.000000107148    1.299817800522    -0.014072173275    0.000443141442    132726.796875000000    129504.960937500000    -125910.085937500000    132726.828125000000    -30301.523437500000    0.406709164381    -0.177806094289    -0.000049691025    0.000432715227    -0.124499380589    -0.030338361859    -0.000000000000    0.000000000000    -0.000000000000    0.000000000000    -0.000000000000    0.000000000000
-0.000000108262    1.299961090088    -0.014220036566    0.000454231078    132760.718750000000    129510.062500000000    -129079.242187500000    132760.750000000000    10554.702148437500    0.434351503849    -0.043168991804    -0.000178805363    0.000396678777    -0.108803972602    -0.064099907875    0.000000000000    0.000000000000    0.000000000000    0.000000000000    0.000000000000    0.000000000000
-0.000000109376    1.300100564957    -0.014367859811    0.000420010183    132654.468750000000    129654.054687500000    -119461.554687500000    132654.500000000000    50389.558593750000    0.419469296932    0.091405585408    -0.000290769065    0.000323237007    -0.084366373718    -0.091463975608    0.000000000000    0.000000000000    0.000000000000    0.000000000000    0.000000000000    0.000000000000
-0.000000110489    1.300222635269    -0.014515488409    0.000343816675    132415.687500000000    129923.578125000000    -97998.789062500000    132415.718750000000    85301.648437500000    0.365703403950    0.212639942765    -0.000374780386    0.000219947542    -0.053586252034    -0.110464490950    0.000000000000    0.000000000000    0.000000000000    0.000000000000    0.000000000000    0.000000000000
-0.000000111603    1.300315141678    -0.014662788250    0.000233098559    132065.296875000000    130294.359375000000    -66791.367187500000    132065.328125000000    111872.843750000000    0.280612528324    0.310081571341    -0.000423378835    0.000097397402    -0.019132088870    -0.119960546494    0.000000000000    0.000000000000    0.000000000000    0.000000000000    0.000000000000    0.000000000000
-0.000000112717    1.300368905067    -0.014809649438    0.000098683893    131635.750000000000    130734.210937500000    -28892.050781250000    131635.765625000000    127501.703125000000    0.173961818218    0.377032846212    -0.000433185138    -0.000032326905    0.016300173476    -0.119558043778    0.000000000000    0.000000000000    0.000000000000    0.000000000000    0.000000000000    0.000000000000
-0.000000113831    1.300378322601    -0.014956007712    -0.000046278739    131167.921875000000    131206.046875000000    11992.662109375000    131167.937500000000    130656.820312500000    0.055999636650    0.410551697016    -0.000404920924    -0.000157239643    0.050128825009    -0.109492674470    0.000000000000    0.000000000000    0.000000000000    0.000000000000    0.000000000000    0.000000000000
-0.000000114945    1.300342559814    -0.015101843514    -0.000187605488    130707.390625000000    131670.718750000000    51864.210937500000    130707.390625000000    121025.976562500000    -0.063875474036    0.410690277815    -0.000342784857    -0.000266828632    0.079943075776    -0.090527810156    0.000000000000    0.000000000000    0.000000000000    0.000000000000    0.000000000000    0.000000000000
-0.000000116058    1.300264716148    -0.015247192234    -0.000311463577    130299.875000000000    132089.234375000000    86821.835937500000    130299.867187500000    99546.671875000000    -0.177603632212    0.379480630159    -0.000253475009    -0.000352845469    0.103539846838    -0.063934698701    0.000000000000    0.000000000000    0.000000000000    0.000000000000    0.000000000000    0.000000000000
-0.000000117172    1.300152301788    -0.015392134897    -0.000405723782    129986.765625000000    132424.750000000000    113443.039062500000    129986.757812500000    68315.453125000000    -0.278432726860    0.319989472628    -0.000145108279    -0.000409646949    0.118979513645    -0.031498443335    0.000000000000    0.000000000000    0.000000000000    0.000000000000    0.000000000000    0.000000000000
-0.000000118286    1.300016164780    -0.015536798164    -0.000461147778    129800.937500000000    132644.953125000000    129118.117187500000    129800.929687500000    30384.300781250000    -0.360388934612    0.235971421003    -0.000026389658    -0.000434034650    0.124731667340    0.004451669753    0.000000000000    0.000000000000    0.000000000000    0.000000000000    0.000000000000    0.000000000000
-0.000000119400    1.299869298935    -0.015681335703    -0.000472294429    129763.304687500000    132725.062500000000    132306.218750000000    129763.289062500000    -10536.266601562500    -0.417860537767    0.131988525391    0.000093944793    -0.000424950005    0.119873344898    0.041084915400    0.000000000000    0.000000000000    0.000000000000    0.000000000000    0.000000000000    0.000000000000
-0.000000120514    1.299726247787    -0.015825917944    -0.000438056100    129880.460937500000    132651.468750000000    122687.820312500000    129880.453125000000    -50439.257812500000    -0.445559412241    0.013990253210    0.000207345758    -0.000383186067    0.104326024652    0.075219243765    0.000000000000    0.000000000000    0.000000000000    0.000000000000    0.000000000000    0.000000000000
-0.000000121627    1.299600601196    -0.015970714390    -0.000361771585    130143.812500000000    132425.359375000000    101198.062500000000    130143.804687500000    -85413.312500000000    -0.438541948795    -0.109471783042    0.000304932793    -0.000310902979    0.079044647515    0.103592529893    0.000000000000    0.000000000000    0.000000000000    0.000000000000    0.000000000000    0.000000000000
-0.000000122741    1.299504518509    -0.016115872189    -0.000250903191    130530.046875000000    132064.984375000000    69937.234375000000    130530.046875000000    -112026.554687500000    -0.395224869251    -0.228316649795    0.000378887577    -0.000213272666    0.046078935266    0.123301491141    0.000000000000    0.000000000000    0.000000000000    0.000000000000    0.000000000000    0.000000000000
-0.000000123855    1.299447417259    -0.016261514276    -0.000116308693    131003.203125000000    131605.734375000000    31966.443359375000    131003.203125000000    -127664.484375000000    -0.317163497210    -0.332216590643    0.000423320831    -0.000097381577    0.008415799588    0.132205545902    0.000000000000    0.000000000000    0.000000000000    0.000000000000    0.000000000000    0.000000000000
-0.000000124969    1.299434542656    -0.016407711431    0.000028821563    131517.968750000000    131096.781250000000    -8992.262695312500    131517.984375000000    -130788.031250000000    -0.209007918835    -0.410084247589    0.000433317822    0.000028358700    -0.030317272991    0.129247531295    0.000000000000    0.000000000000    0.000000000000    0.000000000000    0.000000000000    0.000000000000
-0.000000126083    1.299467086792    -0.016554480419    0.000170258136    132024.093750000000    130595.250000000000    -48921.566406250000    132024.109375000000    -121085.914062500000    -0.079564996064    -0.452285557985    0.000406245526    0.000153808578    -0.066303692758    0.114661514759    -0.000000000000    0.000000000000    -0.000000000000    0.000000000000    -0.000000000000    0.000000000000
-0.000000127196    1.299541711807    -0.016701785848    0.000294128899    132471.218750000000    130158.757812500000    -83904.046875000000    132471.250000000000    -99505.843750000000    0.058773890138    -0.452507525682    0.000342603162    0.000267731608    -0.096039280295    0.089962661266    -0.000000000000    0.000000000000    -0.000000000000    0.000000000000    -0.000000000000    0.000000000000
-0.000000128310    1.299651026726    -0.016849534586    0.000388280838    132814.015625000000    129837.960937500000    -110507.585937500000    132814.046875000000    -68161.335937500000    0.191586047411    -0.409235805273    0.000246613956    0.000358951191    -0.116778641939    0.057718396187    -0.000000000000    0.000000000000    -0.000000000000    0.000000000000    -0.000000000000    0.000000000000
-0.000000129424    1.299783945084    -0.016997590661    0.000443472352    133016.640625000000    129670.078125000000    -126122.554687500000    133016.671875000000    -30123.527343750000    0.303620815277    -0.326239705086    0.000126238054    0.000416990370    -0.126829802990    0.021185711026    -0.000000000000    0.000000000000    -0.000000000000    0.000000000000    -0.000000000000    0.000000000000
-0.000000130538    1.299927353859    -0.017145780846    0.000454279158    133056.578125000000    129674.648437500000    -129217.312500000000    133056.609375000000    10880.967773437500    0.382818073034    -0.213295310736    -0.000006615286    0.000435161201    -0.125688850880    -0.016158254817    -0.000000000000    0.000000000000    -0.000000000000    0.000000000000    -0.000000000000    0.000000000000
-0.000000131652    1.300066947937    -0.017293922603    0.000419624703    132927.031250000000    129852.187500000000    -119487.562500000000    132927.062500000000    50836.101562500000    0.422847926617    -0.083453088999    -0.000138559175    0.000412180525    -0.113957345486    -0.051056008786    0.000000000000    0.000000000000    0.000000000000    0.000000000000    0.000000000000    0.000000000000
-0.000000132765    1.300189018250    -0.017441831529    0.000342884334    132637.859375000000    130185.265625000000    -97884.703125000000    132637.890625000000    85829.984375000000    0.421775370836    0.049625657499    -0.000256679690    0.000350709073    -0.093070447445    -0.080746337771    0.000000000000    0.000000000000    0.000000000000    0.000000000000    0.000000000000    0.000000000000
-0.000000133879    1.300281405449    -0.017589339986    0.000231553189    132214.921875000000    130641.648437500000    -66521.390625000000    132214.953125000000    112437.289062500000    0.382386624813    0.173321366310    -0.000349933398    0.000257511419    -0.065037481487    -0.103121869266    0.000000000000    0.000000000000    0.000000000000    0.000000000000    0.000000000000    0.000000000000
-0.000000134993    1.300334811211    -0.017736319453    0.000096512340    131697.687500000000    131178.843750000000    -28464.037109375000    131697.703125000000    128053.453125000000    0.310993850231    0.277584940195    -0.000410429289    0.000142347766    -0.032189231366    -0.116754084826    0.000000000000    0.000000000000    0.000000000000    0.000000000000    0.000000000000    0.000000000000
-0.000000136107    1.300343751907    -0.017882693559    -0.000049035480    131135.625000000000    131748.953125000000    12567.045898437500    131135.640625000000    131148.234375000000    0.215817749500    0.355628758669    -0.000434086949    0.000016492297    0.003000434488    -0.120835825801    0.000000000000    0.000000000000    0.000000000000    0.000000000000    0.000000000000    0.000000000000
-0.000000137221    1.300307273865    -0.018028439954    -0.000190855935    130583.507812500000    132303.203125000000    52560.605468750000    130583.507812500000    121414.687500000000    0.105532214046    0.403745085001    -0.000420592580    -0.000108736218    0.038006078452    -0.115121930838    0.000000000000    0.000000000000    0.000000000000    0.000000000000    0.000000000000    0.000000000000
-0.000000138334    1.300228595734    -0.018173603341    -0.000315073819    130095.992187500000    132795.328125000000    87605.406250000000    130095.984375000000    99799.296875000000    -0.011676125228    0.420562326908    -0.000372819515    -0.000223135183    0.070290721953    -0.099909111857    0.000000000000    0.000000000000    0.000000000000    0.000000000000    0.000000000000    0.000000000000
-0.000000139448    1.300115227699    -0.018318286166    -0.000409528962    129722.289062500000    133184.046875000000    114271.687500000000    129722.281250000000    68410.375000000000    -0.128354042768    0.406197428703    -0.000295978301    -0.000318302220    0.097361244261    -0.076080948114    0.000000000000    0.000000000000    0.000000000000    0.000000000000    0.000000000000    0.000000000000
-0.000000140562    1.299978137016    -0.018462629989    -0.000464966521    129501.218750000000    133434.984375000000    129946.125000000000    129501.203125000000    30313.480468750000    -0.237523958087    0.361656755209    -0.000196756300    -0.000387872366    0.116878256202    -0.045176759362    0.000000000000    0.000000000000    0.000000000000    0.000000000000    0.000000000000    0.000000000000
-0.000000141676    1.299830555916    -0.018606828526    -0.000475944194    129457.171875000000    133522.953125000000    133088.187500000000    129457.156250000000    -10766.712890625000    -0.332156836987    0.288889884949    -0.000082741259    -0.000427391846    0.126872614026    -0.009447384626    0.000000000000    0.000000000000    0.000000000000    0.000000000000    0.000000000000    0.000000000000
-0.000000142790    1.299686551094    -0.018751079217    -0.000441368844    129597.421875000000    133434.734375000000    123382.398437500000    129597.414062500000    -50809.656250000000    -0.404979676008    0.191265434027    0.000037911774    -0.000434184243    0.126015841961    0.028201594949    0.000000000000    0.000000000000    0.000000000000    0.000000000000    0.000000000000    0.000000000000
-0.000000143903    1.299560189247    -0.018895583227    -0.000364607957    129911.140625000000    133172.312500000000    101771.390625000000    129911.132812500000    -85892.109375000000    -0.447499394417    0.074898026884    0.000155966613    -0.000406296138    0.113892324269    0.064370155334    0.000000000000    0.000000000000    0.000000000000    0.000000000000    0.000000000000    0.000000000000
-0.000000145017    1.299463510513    -0.019040519372    -0.000253164471    130370.117187500000    132755.437500000000    70365.679687500000    130370.117187500000    -112573.007812500000    -0.455278545618    -0.051858603954    0.000262572459    -0.000346223969    0.091258347034    0.095589496195    0.000000000000    0.000000000000    0.000000000000    0.000000000000    0.000000000000    0.000000000000
-0.000000146131    1.299405813217    -0.019186032936    -0.000117945092    130931.304687500000    132222.468750000000    32238.517578125000    130931.304687500000    -128232.070312500000    -0.425077468157    -0.178782880306    0.000349390320    -0.000257670938    0.060018286109    0.118696182966    0.000000000000    0.000000000000    0.000000000000    0.000000000000    0.000000000000    0.000000000000
-0.000000147245    1.299392700195    -0.019332202151    0.000027806595    131540.812500000000    131627.812500000000    -8874.915039062500    131540.828125000000    -131328.296875000000    -0.356725752354    -0.293802022934    0.000408568681    -0.000146379753    0.023100130260    0.131277635694    0.000000000000    0.000000000000    0.000000000000    0.000000000000    0.000000000000    0.000000000000
-0.000000148359    1.299425244331    -0.019479049370    0.000169808001    132139.109375000000    131036.500000000000    -48944.164062500000    132139.125000000000    -121552.601562500000    -0.254470527172    -0.384506285191    0.000433648063    -0.000020589800    -0.015880357474    0.132039010525    0.000000000000    0.000000000000    0.000000000000    0.000000000000    0.000000000000    0.000000000000
-0.000000149472    1.299499988556    -0.019626528025    0.000294138561    132666.859375000000    130516.171875000000    -84039.781250000000    132666.890625000000    -99858.828125000000    -0.127219825983    -0.440115153790    0.000420600962    0.000109184111    -0.053089745343    0.120995953679    -0.000000000000    0.000000000000    -0.000000000000    0.000000000000    -0.000000000000    0.000000000000
-0.000000150586    1.299609422684    -0.019774530083    0.000388605637    133070.781250000000    130128.187500000000    -110719.789062500000    133070.812500000000    -68370.101562500000    0.012328788638    -0.453479528427    0.000368857669    0.000230990860    -0.084980525076    0.099434711039    -0.000000000000    0.000000000000    -0.000000000000    0.000000000000    -0.000000000000    0.000000000000
-0.000000151700    1.299742579460    -0.019922893494    0.000443940284    133309.093750000000    129919.304687500000    -126367.710937500000    133309.125000000000    -30169.890625000000    0.149111554027    -0.422302871943    0.000281788583    0.000332486437    -0.108711726964    0.069684118032    -0.000000000000    0.000000000000    -0.000000000000    0.000000000000    -0.000000000000    0.000000000000
-0.000000152814    1.299886226654    -0.020071418956    0.000454705645    133355.734375000000    129915.492187500000    -129448.851562500000    133355.765625000000    11001.205078125000    0.267282187939    -0.349966704845    0.000167067017    0.000402002945    -0.122422344983    0.034759368747    -0.000000000000    0.000000000000    -0.000000000000    0.000000000000    -0.000000000000    0.000000000000
-0.000000153928    1.300026178360    -0.020219882950    0.000419828604    133203.218750000000    130119.140625000000    -119659.851562500000    133203.250000000000    51112.695312500000    0.356145024300    -0.246392682195    0.000036815836    0.000433380454    -0.125387802720    -0.002095442265    -0.000000000000    0.000000000000    -0.000000000000    0.000000000000    -0.000000000000    0.000000000000
-0.000000155041    1.300148367882    -0.020368073136    0.000342703541    132863.656250000000    130509.695312500000    -97957.125000000000    132863.687500000000    86239.085937500000    0.408464044333    -0.123405523598    -0.000096035561    0.000423931982    -0.117844440043    -0.037763837725    0.000000000000    0.000000000000    0.000000000000    0.000000000000    0.000000000000    0.000000000000
-0.000000156155    1.300240755081    -0.020515793934    0.000230858946    132367.796875000000    131047.421875000000    -66461.960937500000    132367.828125000000    112943.500000000000    0.421763986349    0.006286911666    -0.000218671354    0.000375487172    -0.100810937583    -0.069506198168    0.000000000000    0.000000000000    0.000000000000    0.000000000000    0.000000000000    0.000000000000
-0.000000157269    1.300293922424    -0.020662898198    0.000095220275    131762.218750000000    131679.437500000000    -28252.337890625000    131762.234375000000    128612.921875000000    0.397828280926    0.130925029516    -0.000319978077    0.000293871650    -0.075873062015    -0.095081105828    0.000000000000    0.000000000000    0.000000000000    0.000000000000    0.000000000000    0.000000000000
-0.000000158383    1.300302624702    -0.020809290931    -0.000050957962    131104.984375000000    132346.437500000000    12938.105468750000    131105.000000000000    131712.531250000000    0.341498792171    0.240979313850    -0.000391737762    0.000187812271    -0.044995538890    -0.112765520811    0.000000000000    0.000000000000    0.000000000000    0.000000000000    0.000000000000    0.000000000000
-0.000000159497    1.300265669823    -0.020954953507    -0.000193386877    130460.125000000000    132989.031250000000    53084.210937500000    130460.125000000000    121935.031250000000    0.259237140417    0.329568207264    -0.000429175299    0.000067557477    -0.010412938893    -0.121330045164    0.000000000000    0.000000000000    0.000000000000    0.000000000000    0.000000000000    0.000000000000
-0.000000160610    1.300186276436    -0.021099934354    -0.000318138686    129891.351562500000    133552.703125000000    88261.593750000000    129891.343750000000    100230.835937500000    0.158035665751    0.392137408257    -0.000430873304    -0.000056385212    0.025414228439    -0.120049677789    0.000000000000    0.000000000000    0.000000000000    0.000000000000    0.000000000000    0.000000000000
-0.000000161724    1.300072073936    -0.021244350821    -0.000413007365    129455.804687500000    133991.000000000000    115029.156250000000    129455.796875000000    68716.000000000000    0.044763877988    0.425784230232    -0.000398271892    -0.000174262124    0.059833537787    -0.108749881387    0.000000000000    0.000000000000    0.000000000000    0.000000000000    0.000000000000    0.000000000000
-0.000000162838    1.299934148788    -0.021388376132    -0.000468702434    129198.359375000000    134267.437500000000    130765.109375000000    129198.343750000000    30466.964843750000    -0.073736704886    0.428619265556    -0.000334968878    -0.000277577608    0.090077891946    -0.087929561734    0.000000000000    0.000000000000    0.000000000000    0.000000000000    0.000000000000    0.000000000000
-0.000000163952    1.299785494804    -0.021532230079    -0.000479759590    129146.960937500000    134356.906250000000    133923.890625000000    129146.945312500000    -10778.528320312500    -0.190210819244    0.399584531784    -0.000246135693    -0.000359240104    0.113436751068    -0.058886192739    0.000000000000    0.000000000000    0.000000000000    0.000000000000    0.000000000000    0.000000000000
-0.000000165066    1.299640655518    -0.021676145494    -0.000445078767    129309.632812500000    134247.625000000000    124188.867187500000    129309.625000000000    -50985.843750000000    -0.296335428953    0.338775873184    -0.000138138392    -0.000413330679    0.127528175712    -0.023780785501    0.000000000000    0.000000000000    0.000000000000    0.000000000000    0.000000000000    0.000000000000
-0.000000166180    1.299513459206    -0.021820357069    -0.000368036359    129673.390625000000    133943.312500000000    102505.171875000000    129673.382812500000    -86217.789062500000    -0.381918132305    0.248668164015    -0.000018853520    -0.000434483518    0.130632281303    0.014408802614    0.000000000000    0.000000000000    0.000000000000    0.000000000000    0.000000000000    0.000000000000
-0.000000167293    1.299416065216    -0.021965071559    -0.000256159168    130205.164062500000    133465.953125000000    70989.523437500000    130205.164062500000    -113020.585937500000    -0.440042465925    0.135093122721    0.000102739963    -0.000421910780    0.122077763081    0.052191320807    0.000000000000    0.000000000000    0.000000000000    0.000000000000    0.000000000000    0.000000000000
-0.000000168407    1.299357771873    -0.022110447288    -0.000120390643    130854.820312500000    132856.812500000000    32724.343750000000    130854.820312500000    -128763.554687500000    -0.463248819113    0.006093248725    0.000217561406    -0.000375361211    0.102367244661    0.085886485875    0.000000000000    0.000000000000    0.000000000000    0.000000000000    0.000000000000    0.000000000000
-0.000000169521    1.299344182014    -0.022256582975    0.000025979007    131559.828125000000    132174.906250000000    -8543.640625000000    131559.843750000000    -131898.500000000000    -0.446532219648    -0.127268463373    0.000316124642    -0.000296958926    0.073249772191    0.112109184265    0.000000000000    0.000000000000    0.000000000000    0.000000000000    0.000000000000    0.000000000000
-0.000000170635    1.299376368523    -0.022403502837    0.000168614526    132251.359375000000    131492.031250000000    -48770.957031250000    132251.375000000000    -122112.859375000000    -0.388838201761    -0.251846313477    0.000389215711    -0.000191681698    0.037551507354    0.128234922886    0.000000000000    0.000000000000    0.000000000000    0.000000000000    0.000000000000    0.000000000000
-0.000000171749    1.299450993538    -0.022551156580    0.000293541147    132860.937500000000    130884.812500000000    -84014.718750000000    132860.968750000000    -100361.148437500000    -0.294027000666    -0.354148268700    0.000428956031    -0.000067548390    -0.001183614135    0.132756501436    0.000000000000    0.000000000000    0.000000000000    0.000000000000    0.000000000000    0.000000000000
-0.000000172862    1.299560427666    -0.022699413821    0.000388515036    133327.328125000000    130424.656250000000    -110820.125000000000    133327.359375000000    -68771.289062500000    -0.170944154263    -0.422491461039    0.000430048705    0.000064700194    -0.039169561118    0.125459820032    -0.000000000000    0.000000000000    -0.000000000000    0.000000000000    -0.000000000000    0.000000000000
-0.000000173976    1.299693822861    -0.022848088294    0.000444223639    133602.609375000000    130167.898437500000    -126559.750000000000    133602.640625000000    -30435.306640625000    -0.032355561852    -0.449049681425    0.000390917674    0.000192586842    -0.072868689895    0.107371650636    -0.000000000000    0.000000000000    -0.000000000000    0.000000000000    -0.000000000000    0.000000000000
-0.000000175090    1.299837708473    -0.022996947169    0.000455197762    133657.109375000000    130147.593750000000    -129690.789062500000    133657.140625000000    10894.567382812500    0.105732977390    -0.430090427399    0.000313538156    0.000302240951    -0.099359065294    0.080533176661    -0.000000000000    0.000000000000    -0.000000000000    0.000000000000    -0.000000000000    0.000000000000
-0.000000176204    1.299977898598    -0.023145738989    0.000420346070    133482.593750000000    130369.015625000000    -119905.312500000000    133482.625000000000    51174.148437500000    0.229210704565    -0.370345115662    0.000206517623    0.000382925442    -0.116681091487    0.047657459974    -0.000000000000    0.000000000000    -0.000000000000    0.000000000000    -0.000000000000    0.000000000000
-0.000000177318    1.300100326538    -0.023294214159    0.000343060761    133093.312500000000    130809.578125000000    -98159.226562500000    133093.343750000000    86463.351562500000    0.326828777790    -0.278042435646    0.000080849204    0.000427182153    -0.123822718859    0.011717893183    -0.000000000000    0.000000000000    -0.000000000000    0.000000000000    -0.000000000000    0.000000000000
-0.000000178431    1.300192832947    -0.023442151025    0.000230884107    132524.812500000000    131422.906250000000    -66577.515625000000    132524.843750000000    113311.140625000000    0.391212373972    -0.163908243179    -0.000050961222    0.000431589870    -0.120644047856    -0.024349668995    -0.000000000000    0.000000000000    -0.000000000000    0.000000000000    -0.000000000000    0.000000000000
-0.000000179545    1.300246119499    -0.023589378223    0.000094770403    131830.781250000000    132146.000000000000    -28245.707031250000    131830.796875000000    129092.015625000000    0.419284671545    -0.039448566735    -0.000176416128    0.000397076714    -0.107719175518    -0.057846877724    0.000000000000    0.000000000000    0.000000000000    0.000000000000    0.000000000000    0.000000000000
-0.000000180659    1.300254583359    -0.023735791445    -0.000051984571    131077.859375000000    132907.859375000000    13091.820312500000    131077.875000000000    132261.515625000000    0.411672294140    0.084615722299    -0.000284497684    0.000328383147    -0.086184069514    -0.086403682828    0.000000000000    0.000000000000    0.000000000000    0.000000000000    0.000000000000    0.000000000000
-0.000000181773    1.300217151642    -0.023881370202    -0.000195041968    130339.406250000000    133637.734375000000    53397.039062500000    130339.406250000000    122506.351562500000    0.371553421021    0.199360951781    -0.000366753753    0.000233014987    -0.057617433369    -0.108001194894    0.000000000000    0.000000000000    0.000000000000    0.000000000000    0.000000000000    0.000000000000
-0.000000182887    1.300137400627    -0.024026168510    -0.000320419582    129688.226562500000    134271.859375000000    88731.718750000000    129688.218750000000    100775.101562500000    0.303479492664    0.297796696424    -0.000417720817    0.000120020275    -0.024003472179    -0.120990075171    0.000000000000    0.000000000000    0.000000000000    0.000000000000    0.000000000000    0.000000000000
-0.000000184000    1.300022602081    -0.024170320481    -0.000415857357    129189.515625000000    134757.687500000000    115641.234375000000    129189.507812500000    69186.296875000000    0.212614431977    0.374456971884    -0.000434827787    -0.000001080487    0.012273265049    -0.124163851142    0.000000000000    0.000000000000    0.000000000000    0.000000000000    0.000000000000    0.000000000000
-0.000000185114    1.299883842468    -0.024314027280    -0.000472015876    128894.296875000000    135055.968750000000    131491.734375000000    128894.281250000000    30822.847656250000    0.104488179088    0.424823760986    -0.000417987467    -0.000121074947    0.048457682133    -0.116888128221    0.000000000000    0.000000000000    0.000000000000    0.000000000000    0.000000000000    0.000000000000
-0.000000186228    1.299734473228    -0.024457534775    -0.000483390962    128834.195312500000    135141.875000000000    134728.093750000000    128834.179687500000    -10567.644531250000    -0.014632448554    0.444978922606    -0.000369108020    -0.000231407786    0.081532694399    -0.099290415645    0.000000000000    0.000000000000    0.000000000000    0.000000000000    0.000000000000    0.000000000000
-0.000000187342    1.299588561058    -0.024601109326    -0.000448855193    129018.101562500000    135005.515625000000    125027.210937500000    129018.093750000000    -50938.132812500000    -0.136460080743    0.431222766638    -0.000291353324    -0.000323597022    0.108430266380    -0.072429016232    0.000000000000    0.000000000000    0.000000000000    0.000000000000    0.000000000000    0.000000000000
-0.000000188456    1.299460291862    -0.024745021015    -0.000371772447    129430.984375000000    134653.500000000000    103331.531250000000    129430.976562500000    -86337.523437500000    -0.251599133015    0.382762849331    -0.000190567138    -0.000390539208    0.126411274076    -0.038369741291    0.000000000000    0.000000000000    0.000000000000    0.000000000000    0.000000000000    0.000000000000
-0.000000189569    1.299361944199    -0.024889502674    -0.000259672583    130034.960937500000    134110.843750000000    71758.781250000000    130034.960937500000    -113297.843750000000    -0.350909590721    0.301610112190    -0.000074210242    -0.000427532883    0.133460327983    -0.000072360039    0.000000000000    0.000000000000    0.000000000000    0.000000000000    0.000000000000    0.000000000000
-0.000000190683    1.299302935600    -0.025034738705    -0.000123517777    130772.898437500000    133422.171875000000    33396.117187500000    130772.898437500000    -129174.984375000000    -0.424271017313    0.192167505622    0.000049514780    -0.000430718123    0.128584057093    0.038865379989    0.000000000000    0.000000000000    0.000000000000    0.000000000000    0.000000000000    0.000000000000
-0.000000191797    1.299288749695    -0.025180837139    0.000023369124    131573.656250000000    132650.796875000000    -8001.655273437500    131573.671875000000    -132409.265625000000    -0.462607622147    0.062614865601    0.000171077627    -0.000398241129    0.112056620419    0.074623212218    0.000000000000    0.000000000000    0.000000000000    0.000000000000    0.000000000000    0.000000000000
-0.000000192911    1.299320340157    -0.025327825919    0.000166609010    132359.046875000000    131874.640625000000    -48380.242187500000    132359.062500000000    -122679.554687500000    -0.459667444229    -0.075335204601    0.000280034554    -0.000330978335    0.085451975465    0.103659167886    0.000000000000    0.000000000000    0.000000000000    0.000000000000    0.000000000000    0.000000000000
-0.000000194025    1.299394726753    -0.025475647300    0.000292175624    133051.468750000000    131178.156250000000    -83783.968750000000    133051.500000000000    -100935.390625000000    -0.413576185703    -0.207713961601    0.000365970453    -0.000233124723    0.051444202662    0.123175181448    0.000000000000    0.000000000000    0.000000000000    0.000000000000    0.000000000000    0.000000000000
-0.000000195138    1.299504041672    -0.025624152273    0.000387770386    133581.593750000000    130642.039062500000    -110744.375000000000    133581.625000000000    -69303.851562500000    -0.327785789967    -0.320201665163    0.000419736869    -0.000112408306    0.013447206467    0.131472498178    0.000000000000    0.000000000000    0.000000000000    0.000000000000    0.000000000000    0.000000000000
-0.000000196252    1.299637436867    -0.025773134083    0.000444027391    133895.281250000000    130331.757812500000    -126620.562500000000    133895.312500000000    -30880.371093750000    -0.210913866758    -0.400463312864    0.000434905931    0.000020359537    -0.024863487110    0.128098890185    0.000000000000    0.000000000000    0.000000000000    0.000000000000    0.000000000000    0.000000000000
-0.000000197366    1.299781441689    -0.025922328234    0.000455430214    133959.156250000000    130287.734375000000    -129857.804687500000    133959.187500000000    10575.394531250000    -0.075891651213    -0.439348042011    0.000408318621    0.000152001012    -0.059994727373    0.113786220551    -0.000000000000    0.000000000000    -0.000000000000    0.000000000000    -0.000000000000    0.000000000000
-0.000000198480    1.299921870232    -0.026071447879    0.000420850527    133764.093750000000    130518.945312500000    -120138.781250000000    133764.125000000000    51008.472656250000    0.061994478106    -0.434014499187    0.000342344254    0.000268735748    -0.089028254151    0.090249665082    -0.000000000000    0.000000000000    -0.000000000000    0.000000000000    -0.000000000000    0.000000000000
-0.000000199594    1.300044536591    -0.026220209897    0.000343656953    133326.281250000000    131001.867187500000    -98413.437500000000    133326.312500000000    86465.492187500000    0.189163982868    -0.388287007809    0.000244736555    0.000359487138    -0.109864197671    0.059847488999    -0.000000000000    0.000000000000    -0.000000000000    0.000000000000    -0.000000000000    0.000000000000
-0.000000200707    1.300137281418    -0.026368368417    0.000231383863    132686.062500000000    131684.421875000000    -66804.828125000000    132686.093750000000    113480.851562500000    0.294531464577    -0.309039235115    0.000125588471    0.000416143535    -0.121204152703    0.025236319751    -0.000000000000    0.000000000000    -0.000000000000    0.000000000000    -0.000000000000    0.000000000000
-0.000000201821    1.300190806389    -0.026515729725    0.000094994066    131904.109375000000    132494.187500000000    -28400.763671875000    131904.125000000000    129414.476562500000    0.370618402958    -0.205648303032    -0.000003246409    0.000434566406    -0.122513994575    -0.010856894776    -0.000000000000    0.000000000000    -0.000000000000    0.000000000000    -0.000000000000    0.000000000000
-0.000000202935    1.300199389458    -0.026662176475    -0.000052192652    131055.593750000000    133348.531250000000    13047.987304687500    131055.601562500000    132708.640625000000    0.413675010204    -0.088194295764    -0.000129795400    0.000414715469    -0.113900862634    -0.045789211988    0.000000000000    0.000000000000    0.000000000000    0.000000000000    0.000000000000    0.000000000000
-0.000000204049    1.300161957741    -0.026807677001    -0.000195799861    130223.203125000000    134164.953125000000    53493.597656250000    130223.203125000000    123039.320312500000    0.423018425703    0.033807113767    -0.000243304705    0.000360104576    -0.096030674875    -0.077067755163    0.000000000000    0.000000000000    0.000000000000    0.000000000000    0.000000000000    0.000000000000
-0.000000205163    1.300081968307    -0.026952298358    -0.000321797736    129488.875000000000    134869.531250000000    88985.562500000000    129488.867187500000    101347.757812500000    0.400003850460    0.152084827423    -0.000335164077    0.000276850944    -0.070086389780    -0.102382116020    0.000000000000    0.000000000000    0.000000000000    0.000000000000    0.000000000000    0.000000000000
-0.000000206276    1.299966812134    -0.027096187696    -0.000417872565    128925.875000000000    135402.531250000000    116055.617187500000    128925.867187500000    69749.187500000000    0.347146034241    0.259515047073    -0.000399228971    0.000172641783    -0.037795394659    -0.119670741260    0.000000000000    0.000000000000    0.000000000000    0.000000000000    0.000000000000    0.000000000000
-0.000000207390    1.299827456474    -0.027239575982    -0.000474629982    128591.484375000000    135721.187500000000    132056.187500000000    128591.468750000000    31327.503906250000    0.267732977867    0.349668741226    -0.000431735534    0.000055893950    -0.001456793398    -0.127262338996    0.000000000000    0.000000000000    0.000000000000    0.000000000000    0.000000000000    0.000000000000
-0.000000208504    1.299677371979    -0.027382735163    -0.000486514240    128521.148437500000    135800.281250000000    135419.375000000000    128521.132812500000    -10164.591796875000    0.165946215391    0.416384667158    -0.000431017892    -0.000064805397    0.036090783775    -0.124079607427    0.000000000000    0.000000000000    0.000000000000    0.000000000000    0.000000000000    0.000000000000
-0.000000209618    1.299530744553    -0.027525970712    -0.000452354288    128724.726562500000    135632.296875000000    125811.539062500000    128724.718750000000    -50671.316406250000    0.048315502703    0.452198535204    -0.000396037911    -0.000180037619    0.071574993432    -0.109881952405    0.000000000000    0.000000000000    0.000000000000    0.000000000000    0.000000000000    0.000000000000
-0.000000210732    1.299401640892    -0.027669578791    -0.000375481555    129185.265625000000    135227.359375000000    104167.367187500000    129185.257812500000    -86229.968750000000    -0.077329576015    0.454092651606    -0.000330521987    -0.000281571352    0.101681165397    -0.085512124002    0.000000000000    0.000000000000    0.000000000000    0.000000000000    0.000000000000    0.000000000000
-0.000000211845    1.299302458763    -0.027813823894    -0.000263407681    129860.250000000000    134614.531250000000    72600.265625000000    129860.250000000000    -113359.070312500000    -0.201595187187    0.419465065002    -0.000238791545    -0.000361919781    0.123361751437    -0.052898168564    0.000000000000    0.000000000000    0.000000000000    0.000000000000    0.000000000000    0.000000000000
-0.000000212959    1.299242615700    -0.027958912775    -0.000127092266    130685.593750000000    133842.531250000000    34196.816406250000    130685.593750000000    -129400.164062500000    -0.313377857208    0.348279237747    -0.000126795174    -0.000414275768    0.134272903204    -0.014968685806    0.000000000000    0.000000000000    0.000000000000    0.000000000000    0.000000000000    0.000000000000
-0.000000214073    1.299227595329    -0.028104968369    0.000020128651    131581.609375000000    132979.281250000000    -7284.922851562500    131581.625000000000    -132779.609375000000    -0.401001989841    0.244431868196    -0.000002520585    -0.000433119043    0.133156314492    0.024637099355    0.000000000000    0.000000000000    0.000000000000    0.000000000000    0.000000000000    0.000000000000
-0.000000215187    1.299258470535    -0.028252020478    0.000163847872    132460.859375000000    132108.312500000000    -47783.769531250000    132460.875000000000    -123163.789062500000    -0.453988283873    0.116195738316    0.000124121390    -0.000415072311    0.120061241090    0.062023174018    0.000000000000    0.000000000000    0.000000000000    0.000000000000    0.000000000000    0.000000000000
-0.000000216301    1.299332022667    -0.028400000185    0.000289998512    133236.546875000000    131321.218750000000    -83334.039062500000    133236.578125000000    -101492.367187500000    -0.464997678995    -0.024296388030    0.000241900416    -0.000359815516    0.096351422369    0.093546137214    0.000000000000    0.000000000000    0.000000000000    0.000000000000    0.000000000000    0.000000000000
-0.000000217414    1.299440860748    -0.028548749164    0.000386232248    133831.296875000000    130707.015625000000    -110454.843750000000    133831.328125000000    -69885.976562500000    -0.431427717209    -0.162501797080    0.000339368155    -0.000270761491    0.064502000809    0.116278409958    0.000000000000    0.000000000000    0.000000000000    0.000000000000    0.000000000000    0.000000000000
-0.000000218528    1.299573898315    -0.028698030859    0.000443128432    134184.656250000000    130339.710937500000    -126491.531250000000    134184.687500000000    -31437.685546875000    -0.356253743172    -0.283580183983    0.000406301901    -0.000155250280    0.027733195573    0.128344133496    0.000000000000    0.000000000000    0.000000000000    0.000000000000    0.000000000000    0.000000000000
-0.000000219642    1.299717903137    -0.028847552836    0.000455115689    134259.406250000000    130266.820312500000    -129875.382812500000    134259.437500000000    10090.884765625000    -0.247683539987    -0.374773442745    0.000435274473    -0.000024000452    -0.010448724031    0.129042863846    0.000000000000    0.000000000000    0.000000000000    0.000000000000    0.000000000000    0.000000000000
-0.000000220756    1.299858570099    -0.028996998444    0.000421015313    134045.375000000000    130501.531250000000    -120276.273437500000    134045.406250000000    50638.570312500000    -0.118384867907    -0.425552695990    0.000421441888    0.000109439345    -0.046638414264    0.118772715330    -0.000000000000    0.000000000000    -0.000000000000    0.000000000000    -0.000000000000    0.000000000000
-0.000000221870    1.299981594086    -0.029146054760    0.000344154541    133560.687500000000    131020.195312500000    -98633.570312500000    133560.718750000000    86242.148437500000    0.017370194197    -0.434769839048    0.000368207198    0.000231702114    -0.077963262796    0.098895512521    -0.000000000000    0.000000000000    -0.000000000000    0.000000000000    -0.000000000000    0.000000000000
