wc / wrf: 0.935595
 t  x  y  z vpar vper vx vy vz re(e1)  im(e1)  re(e2)  im(e2)  re(e3)  im(e3)  re(b1)  im(b1)  re(b2)  im(b2)  re(b3)  im(b3)
-0.000000000223    1.300171375275    -0.000029250354    0.000432842848    131308.343750000000    131299.531250000000    -122079.351562500000    131308.375000000000    48334.203125000000    -0.406053245068    0.128202214837    0.000090480411    -0.000425120263    0.118176087737    0.035916391760    0.000000000000    0.000000000000    0.000000000000    0.000000000000    0.000000000000    0.000000000000
-0.000000001337    1.300296783447    -0.000175501424    0.000358717080    131306.593750000000    131260.875000000000    -101135.968750000000    131306.625000000000    83671.562500000000    -0.419441580772    -0.002966068685    0.000214961692    -0.000377557444    0.101327545941    0.067613869905    0.000000000000    0.000000000000    0.000000000000    0.000000000000    0.000000000000    0.000000000000
-0.000000002450    1.300392985344    -0.000321748375    0.000249508215    131300.625000000000    131236.468750000000    -70309.234375000000    131300.656250000000    110813.468750000000    -0.393941760063    -0.128992572427    0.000318353414    -0.000295530044    0.076579943299    0.092996381223    0.000000000000    0.000000000000    0.000000000000    0.000000000000    0.000000000000    0.000000000000
-0.000000003564    1.300450682640    -0.000467985665    0.000115907664    131289.171875000000    131228.984375000000    -32616.707031250000    131289.187500000000    127110.968750000000    -0.334726870060    -0.239201739430    0.000391640438    -0.000187838450    0.046053394675    0.110383316875    0.000000000000    0.000000000000    0.000000000000    0.000000000000    0.000000000000    0.000000000000
-0.000000004678    1.300464272499    -0.000614207063    -0.000029014116    131272.171875000000    131235.937500000000    8255.138671875000    131272.187500000000    130976.062500000000    -0.249287307262    -0.325954914093    0.000429420383    -0.000065273845    0.012081015855    0.118695616722    0.000000000000    0.000000000000    0.000000000000    0.000000000000    0.000000000000    0.000000000000
-0.000000005792    1.300432562828    -0.000760407012    -0.000171085645    131251.062500000000    131250.328125000000    48310.781250000000    131251.078125000000    122035.742187500000    -0.145891457796    -0.384681463242    0.000430068554    0.000060881554    -0.022893548012    0.117395274341    0.000000000000    0.000000000000    0.000000000000    0.000000000000    0.000000000000    0.000000000000
-0.000000006906    1.300358533859    -0.000906582340    -0.000296418933    131228.546875000000    131262.406250000000    83635.375000000000    131228.546875000000    101167.937500000000    -0.032578639686    -0.413246273994    0.000395297335    0.000180074945    -0.056357637048    0.106475375593    -0.000000000000    0.000000000000    -0.000000000000    0.000000000000    -0.000000000000    0.000000000000
-0.000000008019    1.300249338150    -0.001052733394    -0.000392766262    131208.234375000000    131262.531250000000    110776.656250000000    131208.234375000000    70415.859375000000    0.083256348968    -0.411112219095    0.000329388946    0.000283304020    -0.085773818195    0.086499355733    -0.000000000000    0.000000000000    -0.000000000000    0.000000000000    -0.000000000000    0.000000000000
-0.000000009133    1.300115823746    -0.001198865008    -0.000450717052    131194.234375000000    131243.953125000000    127082.101562500000    131194.234375000000    32789.054687500000    0.194659411907    -0.378711998463    0.000238368913    0.000363447674    -0.108680106699    0.058687388897    -0.000000000000    0.000000000000    -0.000000000000    0.000000000000    -0.000000000000    0.000000000000
-0.000000010247    1.299970984459    -0.001344986493    -0.000464618264    131190.562500000000    131204.578125000000    130958.640625000000    131190.562500000000    -8030.075195312500    0.294650673866    -0.317313104868    0.000129350592    0.000415259448    -0.122877933085    0.024987485260    -0.000000000000    0.000000000000    -0.000000000000    0.000000000000    -0.000000000000    0.000000000000
-0.000000011361    1.299829006195    -0.001491111121    -0.000433128385    131200.390625000000    131147.078125000000    122029.328125000000    131200.390625000000    -48045.886718750000    0.375880450010    -0.229496210814    0.000010199452    0.000435219466    -0.126711755991    -0.011931147426    -0.000000000000    0.000000000000    -0.000000000000    0.000000000000    -0.000000000000    0.000000000000
-0.000000012475    1.299703598022    -0.001637255074    -0.000359349506    131225.546875000000    131077.218750000000    101171.195312500000    131225.546875000000    -83340.484375000000    0.430844187737    -0.119898803532    -0.000110606496    0.000421518896    -0.119368769228    -0.048831894994    0.000000000000    0.000000000000    0.000000000000    0.000000000000    0.000000000000    0.000000000000
-0.000000013588    1.299607276917    -0.001783435699    -0.000250524463    131266.015625000000    131001.445312500000    70430.312500000000    131266.015625000000    -110457.937500000000    0.451983988285    0.003685176373    -0.000223609313    0.000373689079    -0.101114109159    -0.082191258669    0.000000000000    0.000000000000    0.000000000000    0.000000000000    0.000000000000    0.000000000000
-0.000000014702    1.299549221992    -0.001929669059    -0.000117327407    131319.703125000000    130924.398437500000    32821.500000000000    131319.718750000000    -126743.640625000000    0.435515701771    0.131185412407    -0.000319766899    0.000294956000    -0.073428064585    -0.108678340912    0.000000000000    0.000000000000    0.000000000000    0.000000000000    0.000000000000    0.000000000000
-0.000000015816    1.299535274506    -0.002075967845    0.000027182658    131382.515625000000    130848.109375000000    -7967.487304687500    131382.531250000000    -130605.312500000000    0.380485951900    0.251042187214    -0.000390878849    0.000190608407    -0.038874890655    -0.125575572252    0.000000000000    0.000000000000    0.000000000000    0.000000000000    0.000000000000    0.000000000000
-0.000000016930    1.299566745758    -0.002222339157    0.000168842875    131448.562500000000    130772.757812500000    -47938.117187500000    131448.578125000000    -121669.437500000000    0.289692163467    0.350686073303    -0.000429657259    0.000068130634    -0.000831607729    -0.131162419915    0.000000000000    0.000000000000    0.000000000000    0.000000000000    0.000000000000    0.000000000000
-0.000000018044    1.299640417099    -0.002368782414    0.000293775724    131510.718750000000    130698.500000000000    -83173.968750000000    131510.750000000000    -100817.593750000000    0.170646637678    0.418597877026    -0.000430966291    -0.000062499239    0.036945335567    -0.124972440302    0.000000000000    0.000000000000    0.000000000000    0.000000000000    0.000000000000    0.000000000000
-0.000000019157    1.299749016762    -0.002515289001    0.000389749504    131561.453125000000    130627.164062500000    -110225.203125000000    131561.484375000000    -70098.921875000000    0.035253942013    0.445919692516    -0.000392565795    -0.000189235303    0.070808261633    -0.107822462916    0.000000000000    0.000000000000    0.000000000000    0.000000000000    0.000000000000    0.000000000000
-0.000000020271    1.299881815910    -0.002661842387    0.000447376107    131593.671875000000    130563.460937500000    -126446.632812500000    131593.703125000000    -32527.894531250000    -0.101339071989    0.428725004196    -0.000316483784    -0.000298940198    0.097672849894    -0.081651538610    0.000000000000    0.000000000000    0.000000000000    0.000000000000    0.000000000000    0.000000000000
-0.000000021385    1.300026059151    -0.002808418591    0.000461028307    131601.640625000000    130514.648437500000    -130255.992187500000    131601.671875000000    8212.601562500000    -0.224792763591    0.370292484760    -0.000210296261    -0.000380728627    0.115389212966    -0.049185909331    0.000000000000    0.000000000000    0.000000000000    0.000000000000    0.000000000000    0.000000000000
-0.000000022499    1.300167322159    -0.002954988508    0.000429387204    131581.703125000000    130489.101562500000    -121287.343750000000    131581.734375000000    48132.960937500000    -0.322773337364    0.278017163277    -0.000084379222    -0.000426379847    0.122821964324    -0.013515572995    0.000000000000    0.000000000000    0.000000000000    0.000000000000    0.000000000000    0.000000000000
-0.000000023613    1.300291776657    -0.003101520240    0.000355567317    131533.093750000000    130493.960937500000    -100424.984375000000    131533.125000000000    83327.640625000000    -0.386830240488    0.162776291370    0.000048729671    -0.000431726774    0.119825020432    0.022272702307    0.000000000000    0.000000000000    0.000000000000    0.000000000000    0.000000000000    0.000000000000
-0.000000024726    1.300387382507    -0.003247982590    0.000246807671    131458.140625000000    130532.835937500000    -69715.320312500000    131458.171875000000    110356.671875000000    -0.413139104843    0.036893077195    0.000176053683    -0.000397107855    0.107071191072    0.055370237678    0.000000000000    0.000000000000    0.000000000000    0.000000000000    0.000000000000    0.000000000000
-0.000000025840    1.300444483757    -0.003394349478    0.000113760747    131362.312500000000    130603.804687500000    -32165.667968750000    131362.328125000000    126580.906250000000    -0.402229487896    -0.087779730558    0.000285841350    -0.000327049522    0.085848048329    0.083393871784    0.000000000000    0.000000000000    0.000000000000    0.000000000000    0.000000000000    0.000000000000
-0.000000026954    1.300457835197    -0.003540601814    -0.000030550989    131253.828125000000    130698.601562500000    8550.029296875000    131253.843750000000    130418.648437500000    -0.357948243618    -0.201271146536    0.000368880108    -0.000229326455    0.057875208557    0.104427777231    0.000000000000    0.000000000000    0.000000000000    0.000000000000    0.000000000000    0.000000000000
-0.000000028068    1.300425767899    -0.003686730983    -0.000172008804    131143.062500000000    130803.023437500000    48449.906250000000    131143.078125000000    121499.140625000000    -0.286093533039    -0.296102255583    0.000419221731    -0.000113666196    0.025190778077    0.117014795542    0.000000000000    0.000000000000    0.000000000000    0.000000000000    0.000000000000    0.000000000000
-0.000000029182    1.300351619720    -0.003832740942    -0.000296777667    131041.468750000000    130899.070312500000    83632.609375000000    131041.460937500000    100698.367187500000    -0.193186089396    -0.367131024599    0.000434279471    0.000009573974    -0.009895998985    0.120154321194    0.000000000000    0.000000000000    0.000000000000    0.000000000000    0.000000000000    0.000000000000
-0.000000030295    1.300242424011    -0.003978647292    -0.000392658403    130960.382812500000    130968.320312500000    110658.007812500000    130960.375000000000    70053.648437500000    -0.085817843676    -0.410927206278    0.000414430047    0.000130431756    -0.044826745987    0.113366201520    -0.000000000000    0.000000000000    -0.000000000000    0.000000000000    -0.000000000000    0.000000000000
-0.000000031409    1.300109028816    -0.004124480300    -0.000450280437    130909.906250000000    130995.679687500000    126883.343750000000    130909.898437500000    32565.197265625000    0.029441617429    -0.425129801035    0.000362395833    0.000239986257    -0.076854370534    0.096803657711    -0.000000000000    0.000000000000    -0.000000000000    0.000000000000    -0.000000000000    0.000000000000
-0.000000032523    1.299964189529    -0.004270277917    -0.000464018871    130897.562500000000    130972.625000000000    130722.156250000000    130897.546875000000    -8096.484375000000    0.145652741194    -0.408155798912    0.000282648572    0.000330599782    -0.103190593421    0.071395851672    -0.000000000000    0.000000000000    -0.000000000000    0.000000000000    -0.000000000000    0.000000000000
-0.000000033637    1.299822330475    -0.004416084848    -0.000432545959    130927.359375000000    130898.695312500000    121800.460937500000    130927.351562500000    -47949.183593750000    0.255042523146    -0.359470874071    0.000181024356    0.000395940529    -0.121260792017    0.038944564760    -0.000000000000    0.000000000000    -0.000000000000    0.000000000000    -0.000000000000    0.000000000000
-0.000000034751    1.299697279930    -0.004561948124    -0.000358962454    130999.179687500000    130780.890625000000    100994.507812500000    130999.171875000000    -83088.851562500000    0.348871380091    -0.280350744724    0.000064584674    0.000431001303    -0.129037767649    0.002107456326    -0.000000000000    0.000000000000    -0.000000000000    0.000000000000    -0.000000000000    0.000000000000
-0.000000035864    1.299601078033    -0.004707913380    -0.000250494690    131108.390625000000    130631.265625000000    70345.890625000000    131108.390625000000    -110072.656250000000    0.417017132044    -0.175039753318    -0.000058117635    0.000431542809    -0.125383555889    -0.035766538233    -0.000000000000    0.000000000000    -0.000000000000    0.000000000000    -0.000000000000    0.000000000000
-0.000000036978    1.299543142319    -0.004854017403    -0.000117786505    131246.171875000000    130463.820312500000    32861.710937500000    131246.187500000000    -126257.351562500000    0.452207058668    -0.051299758255    -0.000177524897    0.000397114141    -0.110350593925    -0.071034878492    0.000000000000    0.000000000000    0.000000000000    0.000000000000    0.000000000000    0.000000000000
-0.000000038092    1.299529075623    -0.005000284873    0.000026144508    131400.156250000000    130291.781250000000    -7780.685058593750    131400.171875000000    -130059.257812500000    0.448930352926    0.080616831779    -0.000284008245    0.000329274975    -0.085226327181    -0.100189551711    0.000000000000    0.000000000000    0.000000000000    0.000000000000    0.000000000000    0.000000000000
-0.000000039206    1.299560070038    -0.005146726035    0.000167184669    131555.453125000000    130126.640625000000    -47595.078125000000    131555.468750000000    -121110.078125000000    0.404819309711    0.208054035902    -0.000367920205    0.000232041551    -0.052437480539    -0.120321005583    0.000000000000    0.000000000000    0.000000000000    0.000000000000    0.000000000000    0.000000000000
-0.000000040320    1.299633264542    -0.005293333437    0.000291509292    131696.250000000000    129978.148437500000    -82678.304687500000    131696.281250000000    -100292.648437500000    0.322216331959    0.317485541105    -0.000420627126    0.000112549344    -0.015250656754    -0.129516422749    0.000000000000    0.000000000000    0.000000000000    0.000000000000    0.000000000000    0.000000000000
-0.000000041433    1.299741268158    -0.005440082401    0.000386938686    131807.281250000000    129855.117187500000    -109593.625000000000    131807.312500000000    -69653.335937500000    0.208553344011    0.396175235510    -0.000435408729    -0.000019039351    0.022659342736    -0.127089768648    0.000000000000    0.000000000000    0.000000000000    0.000000000000    0.000000000000    0.000000000000
-0.000000042547    1.299873471260    -0.005586932879    0.000444131379    131875.562500000000    129766.132812500000    -125707.632812500000    131875.593750000000    -32199.949218750000    0.076194547117    0.434334427118    -0.000408775930    -0.000149840562    0.057689070702    -0.113606072962    0.000000000000    0.000000000000    0.000000000000    0.000000000000    0.000000000000    0.000000000000
-0.000000043661    1.300016641617    -0.005733830389    0.000457497459    131891.812500000000    129719.492187500000    -129447.562500000000    131891.843750000000    8394.664062500000    -0.060365773737    0.429428696632    -0.000343490014    -0.000266857794    0.086790800095    -0.090727187693    0.000000000000    0.000000000000    0.000000000000    0.000000000000    0.000000000000    0.000000000000
-0.000000044775    1.300156950951    -0.005880715325    0.000425742735    131851.640625000000    129722.210937500000    -120453.703125000000    131851.671875000000    48153.457031250000    -0.186903983355    0.383375704288    -0.000245840783    -0.000358465535    0.107700102031    -0.060842081904    0.000000000000    0.000000000000    0.000000000000    0.000000000000    0.000000000000    0.000000000000
-0.000000045889    1.300280570984    -0.006027523894    0.000351991446    131756.281250000000    129778.351562500000    -99612.734375000000    131756.312500000000    83184.867187500000    -0.291376829147    0.302794992924    -0.000125682127    -0.000415905321    0.119058974087    -0.026729129255    0.000000000000    0.000000000000    0.000000000000    0.000000000000    0.000000000000    0.000000000000
-0.000000047003    1.300375223160    -0.006174198352    0.000243476607    131612.609375000000    129887.070312500000    -68969.273437500000    131612.640625000000    110063.117187500000    -0.365388870239    0.197500348091    0.000004931244    -0.000434363232    0.120378494263    0.008760415018    0.000000000000    0.000000000000    0.000000000000    0.000000000000    0.000000000000    0.000000000000
-0.000000048116    1.300431609154    -0.006320691202    0.000110829307    131432.890625000000    130041.132812500000    -31524.833984375000    131432.906250000000    126162.125000000000    -0.404737114906    0.078579761088    0.000133425492    -0.000413361005    0.111901029944    0.042925007641    0.000000000000    0.000000000000    0.000000000000    0.000000000000    0.000000000000    0.000000000000
-0.000000049230    1.300444126129    -0.006466971710    -0.000032962718    131233.531250000000    130226.265625000000    9055.895507812500    131233.546875000000    129911.023437500000    -0.409003913403    -0.043295025826    0.000248278287    -0.000356402772    0.094451524317    0.073321864009    0.000000000000    0.000000000000    0.000000000000    0.000000000000    0.000000000000    0.000000000000
-0.000000050344    1.300411462784    -0.006613028236    -0.000173825829    131033.843750000000    130421.664062500000    48802.902343750000    131033.843750000000    120946.648437500000    -0.380527496338    -0.158976420760    0.000340201892    -0.000270061020    0.069327794015    0.097801618278    0.000000000000    0.000000000000    0.000000000000    0.000000000000    0.000000000000    0.000000000000
-0.000000051458    1.300337076187    -0.006758871488    -0.000297976425    130853.945312500000    130602.156250000000    83828.179687500000    130853.937500000000    100148.726562500000    -0.323231250048    -0.261146157980    0.000402729667    -0.000162809010    0.038262248039    0.114527419209    0.000000000000    0.000000000000    0.000000000000    0.000000000000    0.000000000000    0.000000000000
-0.000000052572    1.300227761269    -0.006904534996    -0.000393268681    130712.890625000000    130741.765625000000    110705.156250000000    130712.882812500000    69554.195312500000    -0.241828456521    -0.344009816647    0.000432258355    -0.000043952357    0.003425329924    0.122050844133    0.000000000000    0.000000000000    0.000000000000    0.000000000000    0.000000000000    0.000000000000
-0.000000053685    1.300094366074    -0.007050069515    -0.000450382562    130626.609375000000    130818.070312500000    126803.734375000000    130626.601562500000    32158.796875000000    -0.141403526068    -0.402776211500    0.000427759951    0.000077254088    -0.032591823488    0.119426861405    0.000000000000    0.000000000000    0.000000000000    0.000000000000    0.000000000000    0.000000000000
-0.000000054799    1.299949884415    -0.007195543963    -0.000463736767    130606.148437500000    130816.445312500000    130548.109375000000    130606.132812500000    -8375.019531250000    -0.027720026672    -0.433214277029    0.000390311267    0.000192028223    -0.066853269935    0.106412887573    -0.000000000000    0.000000000000    -0.000000000000    0.000000000000    -0.000000000000    0.000000000000
-0.000000055913    1.299808382988    -0.007341035176    -0.000432036468    130656.304687500000    130732.843750000000    121572.132812500000    130656.296875000000    -48075.992187500000    0.092260658741    -0.431734710932    0.000322760490    0.000292238605    -0.096276253462    0.083655610681    -0.000000000000    0.000000000000    -0.000000000000    0.000000000000    -0.000000000000    0.000000000000
-0.000000057027    1.299683570862    -0.007486619987    -0.000358401943    130774.937500000000    130574.359375000000    100756.484375000000    130774.929687500000    -83053.000000000000    0.209952279925    -0.396080553532    0.000229629863    0.000370472029    -0.117952533066    0.052808314562    -0.000000000000    0.000000000000    -0.000000000000    0.000000000000    -0.000000000000    0.000000000000
-0.000000058141    1.299587607384    -0.007632371504    -0.000250064011    130952.828125000000    130357.414062500000    70143.492187500000    130952.828125000000    -109876.984375000000    0.314186543226    -0.326120793819    0.000117093325    0.000419301505    -0.129512593150    0.016505807638    -0.000000000000    0.000000000000    -0.000000000000    0.000000000000    -0.000000000000    0.000000000000
-0.000000059254    1.299529790878    -0.007778347470    -0.000117655756    131174.390625000000    130104.328125000000    32737.300781250000    131174.406250000000    -125918.257812500000    0.395560652018    -0.226234167814    -0.000006185335    0.000434856251    -0.129574239254    -0.021883480251    -0.000000000000    0.000000000000    -0.000000000000    0.000000000000    -0.000000000000    0.000000000000
-0.000000060368    1.299515724182    -0.007924585603    0.000025830486    131419.015625000000    129839.328125000000    -7791.208007812500    131419.031250000000    -129605.359375000000    0.444783389568    -0.103615954518    -0.000130782893    0.000414612441    -0.117941156030    -0.058622732759    0.000000000000    0.000000000000    0.000000000000    0.000000000000    0.000000000000    0.000000000000
-0.000000061482    1.299546718597    -0.008071097545    0.000166318641    131662.937500000000    129585.695312500000    -47465.304687500000    131662.953125000000    -120579.835937500000    0.454674392939    0.031045034528    -0.000246260461    0.000358452060    -0.095696896315    -0.090078346431    0.000000000000    0.000000000000    0.000000000000    0.000000000000    0.000000000000    0.000000000000
-0.000000062596    1.299619793892    -0.008217870258    0.000290030905    131881.578125000000    129363.906250000000    -82393.625000000000    131881.609375000000    -99731.187500000000    0.422038555145    0.164379954338    -0.000341867126    0.000269519340    -0.065093681216    -0.113202385604    0.000000000000    0.000000000000    0.000000000000    0.000000000000    0.000000000000    0.000000000000
-0.000000063710    1.299727439880    -0.008364860900    0.000384839805    132052.062500000000    129190.968750000000    -109152.656250000000    132052.093750000000    -69108.625000000000    0.348757326603    0.281904488802    -0.000407561893    0.000154540685    -0.029241874814    -0.125922635198    0.000000000000    0.000000000000    0.000000000000    0.000000000000    0.000000000000    0.000000000000
-0.000000064823    1.299859046936    -0.008512004279    0.000441456970    132155.609375000000    129080.195312500000    -125122.421875000000    132155.640625000000    -31718.660156250000    0.242159947753    0.369416624308    -0.000434764806    0.000023870256    0.008320769295    -0.127329751849    0.000000000000    0.000000000000    0.000000000000    0.000000000000    0.000000000000    0.000000000000
-0.000000065937    1.300001621246    -0.008659220301    0.000454341876    132179.453125000000    129041.179687500000    -128742.726562500000    132179.484375000000    8771.166015625000    0.114645816386    0.419009119272    -0.000421024626    -0.000109404908    0.044135939330    -0.117750070989    0.000000000000    0.000000000000    0.000000000000    0.000000000000    0.000000000000    0.000000000000
-0.000000067051    1.300141096115    -0.008806415834    0.000422241690    132118.468750000000    129079.164062500000    -119664.398437500000    132118.500000000000    48392.757812500000    -0.019952110946    0.426820099354    -0.000367531175    -0.000232122198    0.075177580118    -0.098488517106    0.000000000000    0.000000000000    0.000000000000    0.000000000000    0.000000000000    0.000000000000
-0.000000068165    1.300263762474    -0.008953497745    0.000348310423    131975.937500000000    129194.054687500000    -98781.632812500000    131975.968750000000    83266.390625000000    -0.147950291634    0.394174635410    -0.000279883796    -0.000332348049    0.099100068212    -0.071565464139    0.000000000000    0.000000000000    0.000000000000    0.000000000000    0.000000000000    0.000000000000
-0.000000069279    1.300357580185    -0.009100380354    0.000239796485    131763.390625000000    129379.429687500000    -68142.820312500000    131763.421875000000    109979.968750000000    -0.257774353027    0.326745301485    -0.000167242149    -0.000400918914    0.114324703813    -0.039407879114    0.000000000000    0.000000000000    0.000000000000    0.000000000000    0.000000000000    0.000000000000
-0.000000070392    1.300413131714    -0.009246995673    0.000107330721    131499.859375000000    129621.687500000000    -30749.083984375000    131499.875000000000    125921.710937500000    -0.341170400381    0.233029693365    -0.000040951323    -0.000432432891    0.120003663003    -0.004598449916    0.000000000000    0.000000000000    0.000000000000    0.000000000000    0.000000000000    0.000000000000
-0.000000071506    1.300424933434    -0.009393300861    -0.000036115114    131209.984375000000    129899.976562500000    9739.412109375000    131210.000000000000    129534.359375000000    -0.393508344889    0.122642308474    0.000087039269    -0.000425550475    0.115928128362    0.030285565183    0.000000000000    0.000000000000    0.000000000000    0.000000000000    0.000000000000    0.000000000000
-0.000000072620    1.300391674042    -0.009539281949    -0.000176497560    130921.882812500000    130187.070312500000    49360.839843750000    130921.882812500000    120466.531250000000    -0.413297861814    0.004935741425    0.000205592471    -0.000382633239    0.102448284626    0.062750391662    0.000000000000    0.000000000000    0.000000000000    0.000000000000    0.000000000000    0.000000000000
-0.000000073734    1.300316810608    -0.009684955701    -0.000300074782    130664.390625000000    130451.453125000000    84238.234375000000    130664.382812500000    99606.765625000000    -0.401216268539    -0.111830353737    0.000305439811    -0.000308896066    0.080431260169    0.090418130159    0.000000000000    0.000000000000    0.000000000000    0.000000000000    0.000000000000    0.000000000000
-0.000000074848    1.300207257271    -0.009830371477    -0.000394750503    130464.164062500000    130660.835937500000    110957.898437500000    130464.156250000000    68997.156250000000    -0.359254688025    -0.220454886556    0.000379598263    -0.000211437698    0.051304638386    0.111092537642    0.000000000000    0.000000000000    0.000000000000    0.000000000000    0.000000000000    0.000000000000
-0.000000075961    1.300073742867    -0.009975607507    -0.000451257889    130342.929687500000    130786.757812500000    126903.250000000000    130342.921875000000    31634.613281250000    -0.290183961391    -0.314476639032    0.000423447927    -0.000098346711    0.017087172717    0.122881680727    0.000000000000    0.000000000000    0.000000000000    0.000000000000    0.000000000000    0.000000000000
-0.000000077075    1.299929261208    -0.010120758787    -0.000464067678    130315.171875000000    130809.265625000000    130511.515625000000    130315.156250000000    -8821.375000000000    -0.197624459863    -0.387689292431    0.000434493850    0.000021890206    -0.019609857351    0.124404206872    0.000000000000    0.000000000000    0.000000000000    0.000000000000    0.000000000000    0.000000000000
-0.000000078189    1.299787878990    -0.010265933350    -0.000431931752    130386.406250000000    130720.734375000000    121427.968750000000    130386.398437500000    -48406.277343750000    -0.086566276848    -0.434004336596    0.000412123947    0.000140678487    -0.055690046400    0.115041285753    -0.000000000000    0.000000000000    -0.000000000000    0.000000000000    -0.000000000000    0.000000000000
-0.000000079303    1.299663186073    -0.010411242023    -0.000358007674    130552.437500000000    130527.593750000000    100542.281250000000    130552.429687500000    -83238.882812500000    0.035948902369    -0.447914808989    0.000357541576    0.000249399716    -0.087822474539    0.095171779394    -0.000000000000    0.000000000000    -0.000000000000    0.000000000000    -0.000000000000    0.000000000000
-0.000000080417    1.299567580223    -0.010556782596    -0.000249551173    130799.390625000000    130249.398437500000    69902.585937500000    130799.390625000000    -109902.414062500000    0.159497693181    -0.424743801355    0.000273393700    0.000338616112    -0.112779110670    0.066289074719    -0.000000000000    0.000000000000    -0.000000000000    0.000000000000    -0.000000000000    0.000000000000
-0.000000081530    1.299510002136    -0.010702633299    -0.000117205753    131104.890625000000    129915.492187500000    32515.253906250000    131104.906250000000    -125780.750000000000    0.274033755064    -0.365165472031    0.000166370999    0.000401679397    -0.127975299954    0.030953884125    -0.000000000000    0.000000000000    -0.000000000000    0.000000000000    -0.000000000000    0.000000000000
-0.000000082644    1.299496293068    -0.010848842561    0.000026041253    131440.062500000000    129560.453125000000    -7950.262207031250    131440.078125000000    -129316.304687500000    0.368005216122    -0.271877348423    0.000043949320    0.000432398403    -0.131745532155    -0.007472606376    -0.000000000000    0.000000000000    -0.000000000000    0.000000000000    -0.000000000000    0.000000000000
-0.000000083758    1.299527406693    -0.010995428078    0.000166133803    131772.250000000000    129219.421875000000    -47522.398437500000    131772.265625000000    -120163.562500000000    0.430553466082    -0.151930868626    -0.000084294363    0.000426517799    -0.123664624989    -0.045216180384    0.000000000000    0.000000000000    0.000000000000    0.000000000000    0.000000000000    0.000000000000
-0.000000084872    1.299600481987    -0.011142366566    0.000289327494    132068.187500000000    128924.390625000000    -82318.273437500000    132068.218750000000    -99222.976562500000    0.453455150127    -0.016343578696    -0.000207251491    0.000382681901    -0.104601264000    -0.078584745526    0.000000000000    0.000000000000    0.000000000000    0.000000000000    0.000000000000    0.000000000000
-0.000000085986    1.299708008766    -0.011289598420    0.000383538980    132297.453125000000    128701.703125000000    -108925.562500000000    132297.484375000000    -68551.781250000000    0.432843685150    0.120989397168    -0.000313198892    0.000303200242    -0.076599463820    -0.104447782040    0.000000000000    0.000000000000    0.000000000000    0.000000000000    0.000000000000    0.000000000000
-0.000000087099    1.299839258194    -0.011437037960    0.000439530879    132435.406250000000    128570.554687500000    -124737.273437500000    132435.437500000000    -31160.820312500000    0.369543462992    0.243837505579    -0.000389903376    0.000193964981    -0.042559154332    -0.120567657053    0.000000000000    0.000000000000    0.000000000000    0.000000000000    0.000000000000    0.000000000000
-0.000000088213    1.299981236458    -0.011584573425    0.000451816246    132465.937500000000    128542.414062500000    -128206.828125000000    132465.968750000000    9282.109375000000    0.271952331066    0.340081244707    -0.000430003740    0.000066136636    -0.005790542811    -0.125882014632    0.000000000000    0.000000000000    0.000000000000    0.000000000000    0.000000000000    0.000000000000
-0.000000089327    1.300120115280    -0.011732079089    0.000419193791    132383.281250000000    128620.695312500000    -118998.265625000000    132383.312500000000    48812.839843750000    0.151262521744    0.400729447603    -0.000429428619    -0.000067716421    0.030406435952    -0.120394416153    0.000000000000    0.000000000000    0.000000000000    0.000000000000    0.000000000000    0.000000000000
-0.000000090441    1.300241947174    -0.011879431084    0.000344862463    132192.781250000000    128800.468750000000    -98017.234375000000    132192.812500000000    83559.445312500000    0.020582646132    0.421582460403    -0.000388607325    -0.000194418375    0.063075564802    -0.105039931834    0.000000000000    0.000000000000    0.000000000000    0.000000000000    0.000000000000    0.000000000000
-0.000000091555    1.300334811211    -0.012026519515    0.000236105116    131910.765625000000    129068.539062500000    -67320.796875000000    131910.796875000000    110120.828125000000    -0.107226639986    0.403251022100    -0.000312326447    -0.000301949040    0.089801952243    -0.081425458193    0.000000000000    0.000000000000    0.000000000000    0.000000000000    0.000000000000    0.000000000000
-0.000000092668    1.300389409065    -0.012173253112    0.000103573417    131563.000000000000    129403.734375000000    -29915.117187500000    131563.015625000000    125898.421875000000    -0.221211463213    0.350262641907    -0.000208865895    -0.000380866753    0.108783774078    -0.051594555378    0.000000000000    0.000000000000    0.000000000000    0.000000000000    0.000000000000    0.000000000000
-0.000000093782    1.300400137901    -0.012319576927    -0.000039755461    131182.390625000000    129777.812500000000    10538.675781250000    131182.406250000000    129349.218750000000    -0.313306421041    0.269606858492    -0.000088665802    -0.000425223378    0.118810005486    -0.017837978899    0.000000000000    0.000000000000    0.000000000000    0.000000000000    0.000000000000    0.000000000000
-0.000000094896    1.300366282463    -0.012465476990    -0.000179848488    130805.992187500000    130156.859375000000    50081.933593750000    130805.992187500000    120135.804687500000    -0.378418922424    0.169199034572    0.000037165642    -0.000432788191    0.119204737246    0.017408186570    0.000000000000    0.000000000000    0.000000000000    0.000000000000    0.000000000000    0.000000000000
-0.000000096010    1.300290465355    -0.012610977516    -0.000302989123    130471.265625000000    130503.500000000000    84844.656250000000    130471.257812500000    99159.234375000000    -0.413861423731    0.056951984763    0.000158027455    -0.000404667779    0.109837129712    0.051606319845    0.000000000000    0.000000000000    0.000000000000    0.000000000000    0.000000000000    0.000000000000
-0.000000097124    1.300180315971    -0.012756142765    -0.000397118973    130212.437500000000    130780.320312500000    111423.273437500000    130212.429687500000    68471.562500000000    -0.418570458889    -0.059753753245    0.000264724047    -0.000344605593    0.091150738299    0.082166083157    0.000000000000    0.000000000000    0.000000000000    0.000000000000    0.000000000000    0.000000000000
-0.000000098237    1.300046324730    -0.012901076116    -0.000453018263    130057.023437500000    130954.109375000000    127213.421875000000    130057.015625000000    31076.238281250000    -0.392485171556    -0.173864603043    0.000349815207    -0.000258179498    0.064259991050    0.106542393565    0.000000000000    0.000000000000    0.000000000000    0.000000000000    0.000000000000    0.000000000000
-0.000000099351    1.299901485443    -0.013045902364    -0.000465210149    130022.867187500000    131000.710937500000    130665.601562500000    130022.851562500000    -9364.584960937500    -0.336450517178    -0.278200149536    0.000407640269    -0.000152179433    0.031029205769    0.122431255877    0.000000000000    0.000000000000    0.000000000000    0.000000000000    0.000000000000    0.000000000000
-0.000000100465    1.299760103226    -0.013190762140    -0.000432499452    130116.132812500000    130909.398437500000    121438.312500000000    130116.125000000000    -48887.781250000000    -0.252621173859    -0.365139126778    0.000434219808    -0.000034240467    -0.005929172039    0.128038093448    0.000000000000    0.000000000000    0.000000000000    0.000000000000    0.000000000000    0.000000000000
-0.000000101579    1.299635529518    -0.013335794210    -0.000358092948    130330.484375000000    130685.546875000000    100433.281250000000    130330.476562500000    -83617.437500000000    -0.145405039191    -0.426416695118    0.000426930317    0.000087122258    -0.043385773897    0.122396528721    -0.000000000000    0.000000000000    -0.000000000000    0.000000000000    -0.000000000000    0.000000000000
-0.000000102693    1.299539923668    -0.013481125236    -0.000249287667    130647.304687500000    130350.773437500000    69708.609375000000    130647.304687500000    -110145.539062500000    -0.022462055087    -0.454341143370    0.000385094841    0.000202348630    -0.077788792551    0.105620041490    -0.000000000000    0.000000000000    -0.000000000000    0.000000000000    -0.000000000000    0.000000000000
-0.000000103806    1.299482703209    -0.013626853004    -0.000116757226    131037.390625000000    129940.234375000000    32277.843750000000    131037.390625000000    -125867.421875000000    0.106699511409    -0.445136904716    0.000311884563    0.000302658940    -0.105738438666    0.079043745995    -0.000000000000    0.000000000000    -0.000000000000    0.000000000000    -0.000000000000    0.000000000000
-0.000000104920    1.299469113350    -0.013773038983    0.000026494936    131463.531250000000    129497.726562500000    -8185.796875000000    131463.546875000000    -129238.757812500000    0.230327382684    -0.396728277206    0.000211722145    0.000379375037    -0.124380089343    0.045113530010    -0.000000000000    0.000000000000    -0.000000000000    0.000000000000    -0.000000000000    0.000000000000
-0.000000106034    1.299500584602    -0.013919700868    0.000166411905    131884.171875000000    129069.890625000000    -47710.691406250000    131884.187500000000    -119928.007812500000    0.335649579763    -0.311241090298    0.000091683287    0.000424815982    -0.131824195385    0.007135283202    -0.000000000000    0.000000000000    -0.000000000000    0.000000000000    -0.000000000000    0.000000000000
-0.000000107148    1.299573659897    -0.014066807926    0.000289263844    132257.328125000000    128700.601562500000    -82417.757812500000    132257.359375000000    -98849.164062500000    0.410696178675    -0.195623293519    -0.000038527302    0.000433309644    -0.127426579595    -0.031144239008    -0.000000000000    0.000000000000    -0.000000000000    0.000000000000    -0.000000000000    0.000000000000
-0.000000108262    1.299681186676    -0.014214285649    0.000382996193    132544.937500000000    128426.531250000000    -108902.039062500000    132544.968750000000    -68071.406250000000    0.446405649185    -0.061091668904    -0.000167249265    0.000402344973    -0.111828796566    -0.066035948694    0.000000000000    0.000000000000    0.000000000000    0.000000000000    0.000000000000    0.000000000000
-0.000000109376    1.299812316895    -0.014362022281    0.000438412360    132716.656250000000    128273.953125000000    -124566.976562500000    132716.687500000000    -30614.890625000000    0.437368214130    0.077336966991    -0.000281148037    0.000332691125    -0.086819767952    -0.094342112541    0.000000000000    0.000000000000    0.000000000000    0.000000000000    0.000000000000    0.000000000000
-0.000000110489    1.299954056740    -0.014509875327    0.000450074702    132753.046875000000    128257.117187500000    -127878.554687500000    132753.078125000000    9846.790039062500    0.385869055986    0.204766869545    -0.000368628651    0.000231202212    -0.055026210845    -0.113759770989    0.000000000000    0.000000000000    0.000000000000    0.000000000000    0.000000000000    0.000000000000
-0.000000111603    1.300092339516    -0.014657691121    0.000416835508    132647.734375000000    128377.914062500000    -118514.515625000000    132647.765625000000    49347.699218750000    0.298990786076    0.308639705181    -0.000421141507    0.000108088112    -0.019492752850    -0.123001590371    0.000000000000    0.000000000000    0.000000000000    0.000000000000    0.000000000000    0.000000000000
-0.000000112717    1.300213575363    -0.014805313200    0.000341946725    132408.328125000000    128626.234375000000    -97394.125000000000    132408.359375000000    84018.398437500000    0.187077566981    0.379905670881    -0.000433881331    -0.000024402289    0.016690442339    -0.121754072607    0.000000000000    0.000000000000    0.000000000000    0.000000000000    0.000000000000    0.000000000000
-0.000000113831    1.300305604935    -0.014952603728    0.000232739272    132055.843750000000    128981.210937500000    -66586.687500000000    132055.875000000000    110464.312500000000    0.062200527638    0.414016604424    -0.000406488078    -0.000153333705    0.050663016737    -0.110544815660    0.000000000000    0.000000000000    0.000000000000    0.000000000000    0.000000000000    0.000000000000
-0.000000114945    1.300359368324    -0.015099452808    0.000099903555    131622.984375000000    129412.960937500000    -29108.089843750000    131623.000000000000    126096.921875000000    -0.063803732395    0.410764664412    -0.000342823128    -0.000266780844    0.079954952002    -0.090540200472    0.000000000000    0.000000000000    0.000000000000    0.000000000000    0.000000000000    0.000000000000
-0.000000116058    1.300369381905    -0.015245794319    -0.000043557175    131150.984375000000    129884.773437500000    11374.221679687500    131151.000000000000    129385.796875000000    -0.180756390095    0.373325765133    -0.000250096607    -0.000355163647    0.102539032698    -0.063370749354    0.000000000000    0.000000000000    0.000000000000    0.000000000000    0.000000000000    0.000000000000
-0.000000117172    1.300334334373    -0.015391608700    -0.000183598764    130685.859375000000    130355.453125000000    50899.265625000000    130685.859375000000    120007.554687500000    -0.280792504549    0.306981801987    -0.000137642928    -0.000412017456    0.116835966706    -0.031020870432    0.000000000000    0.000000000000    0.000000000000    0.000000000000    0.000000000000    0.000000000000
-0.000000118286    1.300257682800    -0.015536931343    -0.000306509377    130273.765625000000    130781.937500000000    85598.859375000000    130273.757812500000    98877.492187500000    -0.358305960894    0.217853397131    -0.000015585239    -0.000434180925    0.121710531414    0.004225539044    0.000000000000    0.000000000000    0.000000000000    0.000000000000    0.000000000000    0.000000000000
-0.000000119400    1.300146698952    -0.015681842342    -0.000400250748    129956.523437500000    131122.421875000000    112075.093750000000    129956.515625000000    68060.804687500000    -0.409338027239    0.112293206155    0.000106163134    -0.000421431439    0.116547897458    0.039800301194    0.000000000000    0.000000000000    0.000000000000    0.000000000000    0.000000000000    0.000000000000
-0.000000120514    1.300012111664    -0.015826469287    -0.000455636735    129767.382812500000    131340.234375000000    127732.625000000000    129767.375000000000    30571.908203125000    -0.430974125862    -0.003244847059    0.000218576897    -0.000375918695    0.101368919015    0.072912044823    0.000000000000    0.000000000000    0.000000000000    0.000000000000    0.000000000000    0.000000000000
-0.000000121627    1.299866914749    -0.015970967710    -0.000467234611    129727.523437500000    131408.265625000000    131033.398437500000    129727.507812500000    -9919.152343750000    -0.421094745398    -0.121785588562    0.000313758646    -0.000301613414    0.076986648142    0.100696273148    0.000000000000    0.000000000000    0.000000000000    0.000000000000    0.000000000000    0.000000000000
-0.000000122741    1.299725055695    -0.016115507111    -0.000433900219    129843.710937500000    131313.515625000000    121648.804687500000    129843.703125000000    -49445.078125000000    -0.378631919622    -0.235423251987    0.000385018328    -0.000203934440    0.045104354620    0.120466880500    0.000000000000    0.000000000000    0.000000000000    0.000000000000    0.000000000000    0.000000000000
-0.000000123855    1.299600243568    -0.016260260716    -0.000358893740    130107.390625000000    131060.382812500000    100493.828125000000    130107.382812500000    -84129.796875000000    -0.304251819849    -0.334293752909    0.000426155864    -0.000089626650    0.008326102048    0.130045160651    0.000000000000    0.000000000000    0.000000000000    0.000000000000    0.000000000000    0.000000000000
-0.000000124969    1.299504637718    -0.016405381262    -0.000249563513    130495.148437500000    130671.828125000000    69639.132812500000    130495.148437500000    -110569.093750000000    -0.202251911163    -0.409170627594    0.000433561159    0.000032656200    -0.030035741627    0.128156051040    0.000000000000    0.000000000000    0.000000000000    0.000000000000    0.000000000000    0.000000000000
-0.000000126083    1.299447536469    -0.016550986096    -0.000116628085    130970.835937500000    130187.585937500000    32109.230468750000    130970.835937500000    -126165.796875000000    -0.079674832523    -0.452335774899    0.000406263513    0.000153734480    -0.066314063966    0.114678561687    -0.000000000000    0.000000000000    -0.000000000000    0.000000000000    -0.000000000000    0.000000000000
-0.000000127196    1.299434185028    -0.016697147861    0.000026874137    131488.843750000000    129659.437500000000    -8414.193359375000    131488.859375000000    -129386.132812500000    0.053484424949    -0.457167983055    0.000344858214    0.000263894151    -0.096907436848    0.090740405023    -0.000000000000    0.000000000000    -0.000000000000    0.000000000000    -0.000000000000    0.000000000000
-0.000000128310    1.299465775490    -0.016843885183    0.000166864484    131998.578125000000    129144.703125000000    -47954.277343750000    131998.593750000000    -119911.390625000000    0.184567183256    -0.420566439629    0.000252796541    0.000353242271    -0.118775650859    0.058650240302    -0.000000000000    0.000000000000    -0.000000000000    0.000000000000    -0.000000000000    0.000000000000
-0.000000129424    1.299539208412    -0.016991162673    0.000289606367    132449.328125000000    128699.109375000000    -82630.375000000000    132449.359375000000    -98669.554687500000    0.299811720848    -0.344122678041    0.000136714501    0.000412739057    -0.129837468266    0.021604102105    -0.000000000000    0.000000000000    -0.000000000000    0.000000000000    -0.000000000000    0.000000000000
-0.000000130538    1.299646854401    -0.017138890922    0.000383054226    132795.406250000000    128370.312500000000    -109039.929687500000    132795.437500000000    -67743.835937500000    0.386387437582    -0.234596312046    0.000006341412    0.000435430935    -0.129234716296    -0.016740774736    -0.000000000000    0.000000000000    -0.000000000000    0.000000000000    -0.000000000000    0.000000000000
-0.000000131652    1.299778103828    -0.017286928371    0.000438035553    133000.687500000000    128192.757812500000    -124592.617187500000    133000.718750000000    -30167.171875000000    0.433784782887    -0.103473722935    -0.000125967068    0.000417093252    -0.117352746427    -0.052739225328    0.000000000000    0.000000000000    0.000000000000    0.000000000000    0.000000000000    0.000000000000
-0.000000132765    1.299919724464    -0.017435103655    0.000449149724    133042.421875000000    128184.593750000000    -127763.914062500000    133042.453125000000    10376.341796875000    0.437252789736    0.034409433603    -0.000246567419    0.000358653371    -0.095698334277    -0.083214938641    0.000000000000    0.000000000000    0.000000000000    0.000000000000    0.000000000000    0.000000000000
-0.000000133879    1.300058007240    -0.017583230510    0.000415295974    132913.671875000000    128346.882812500000    -118243.632812500000    132913.703125000000    49913.554687500000    0.398754417896    0.164738386869    -0.000343651744    0.000266480638    -0.066570222378    -0.105782069266    0.000000000000    0.000000000000    0.000000000000    0.000000000000    0.000000000000    0.000000000000
-0.000000134993    1.300178885460    -0.017731122673    0.000339779333    132624.343750000000    128664.414062500000    -96964.656250000000    132624.375000000000    84571.765625000000    0.324218243361    0.275054842234    -0.000407942309    0.000149927597    -0.032696500421    -0.118932470679    0.000000000000    0.000000000000    0.000000000000    0.000000000000    0.000000000000    0.000000000000
-0.000000136107    1.300270318985    -0.017878614366    0.000229984813    132200.296875000000    129108.078125000000    -66010.171875000000    132200.328125000000    110957.437500000000    0.222938030958    0.356378346682    -0.000433988898    0.000020733161    0.003077851608    -0.122022658587    0.000000000000    0.000000000000    0.000000000000    0.000000000000    0.000000000000    0.000000000000
-0.000000137221    1.300323247910    -0.018025578931    0.000096653523    131681.234375000000    129638.304687500000    -28408.966796875000    131681.250000000000    126487.242187500000    0.105679400265    0.403807103634    -0.000420617900    -0.000108645028    0.038015406579    -0.115146771073    0.000000000000    0.000000000000    0.000000000000    0.000000000000    0.000000000000    0.000000000000
-0.000000138334    1.300332427025    -0.018171934411    -0.000047168593    131116.812500000000    130208.828125000000    12160.841796875000    131116.828125000000    129639.718750000000    -0.016939654946    0.416193872690    -0.000370650523    -0.000226558623    0.069600358605    -0.099006593227    0.000000000000    0.000000000000    0.000000000000    0.000000000000    0.000000000000    0.000000000000
-0.000000139448    1.300296664238    -0.018317660317    -0.000187406346    130562.046875000000    130770.359375000000    51730.765625000000    130562.046875000000    120103.367187500000    -0.135623812675    0.395200788975    -0.000290066062    -0.000323405926    0.095583923161    -0.074801653624    0.000000000000    0.000000000000    0.000000000000    0.000000000000    0.000000000000    0.000000000000
-0.000000140562    1.300219058990    -0.018462799489    -0.000310331234    130071.890625000000    131273.781250000000    86428.937500000000    130071.882812500000    98807.148437500000    -0.242729112506    0.344227015972    -0.000186907535    -0.000392249378    0.114019483328    -0.044197693467    0.000000000000    0.000000000000    0.000000000000    0.000000000000    0.000000000000    0.000000000000
-0.000000141676    1.300107240677    -0.018607454374    -0.000403903978    129695.812500000000    131673.328125000000    112857.835937500000    129695.804687500000    67830.554687500000    -0.332077175379    0.267476856709    -0.000070152084    -0.000428964588    0.123317785561    -0.009319245815    0.000000000000    0.000000000000    0.000000000000    0.000000000000    0.000000000000    0.000000000000
-0.000000142790    1.299971699715    -0.018751770258    -0.000458953116    129472.859375000000    131929.828125000000    128426.429687500000    129472.851562500000    30201.691406250000    -0.398374587297    0.169733822346    0.000051064158    -0.000431931316    0.122398249805    0.027247384191    0.000000000000    0.000000000000    0.000000000000    0.000000000000    0.000000000000    0.000000000000
-0.000000143903    1.299825668335    -0.018895935267    -0.000470075029    129427.570312500000    132014.515625000000    131604.453125000000    129427.554687500000    -10397.521484375000    -0.436840593815    0.056532159448    0.000167950086    -0.000401642901    0.110872738063    0.062534943223    0.000000000000    0.000000000000    0.000000000000    0.000000000000    0.000000000000    0.000000000000
-0.000000145017    1.299683213234    -0.019040150568    -0.000436166301    129567.273437500000    131913.156250000000    122073.859375000000    129567.265625000000    -49990.640625000000    -0.443286716938    -0.065253213048    0.000272212870    -0.000340390136    0.089253515005    0.093387469649    0.000000000000    0.000000000000    0.000000000000    0.000000000000    0.000000000000    0.000000000000
-0.000000146131    1.299558162689    -0.019184622914    -0.000360536214    129881.140625000000    131629.625000000000    100761.921875000000    129881.132812500000    -84695.921875000000    -0.414065718651    -0.185751006007    0.000355029508    -0.000251679943    0.059088565409    0.116752535105    0.000000000000    0.000000000000    0.000000000000    0.000000000000    0.000000000000    0.000000000000
-0.000000147245    1.299462437630    -0.019329531118    -0.000250586454    130340.882812500000    131187.890625000000    69752.546875000000    130340.882812500000    -111107.382812500000    -0.350182533264    -0.295614689589    0.000410476496    -0.000142540914    0.022929888219    0.130168035626    0.000000000000    0.000000000000    0.000000000000    0.000000000000    0.000000000000    0.000000000000
-0.000000148359    1.299405336380    -0.019475009292    -0.000117088573    130903.312500000000    130631.296875000000    32083.265625000000    130903.312500000000    -126630.187500000000    -0.254619091749    -0.384509801865    0.000433632464    -0.000020682317    -0.015883825719    0.132063329220    0.000000000000    0.000000000000    0.000000000000    0.000000000000    0.000000000000    0.000000000000
-0.000000149472    1.299392223358    -0.019621146843    0.000026870835    131514.375000000000    130018.320312500000    -8552.420898437500    131514.390625000000    -129736.742187500000    -0.133934587240    -0.442322492599    0.000421164499    0.000104757128    -0.053582884371    0.122055470943    -0.000000000000    0.000000000000    -0.000000000000    0.000000000000    -0.000000000000    0.000000000000
-0.000000150586    1.299424171448    -0.019767966121    0.000167173741    132114.328125000000    129415.898437500000    -48168.007812500000    132114.343750000000    -120117.929687500000    0.001423388720    -0.461126267910    0.000372290844    0.000223314215    -0.086448341608    0.101076394320    -0.000000000000    0.000000000000    -0.000000000000    0.000000000000    -0.000000000000    0.000000000000
-0.000000151700    1.299497842789    -0.019915420562    0.000290056400    132643.625000000000    128891.101562500000    -82876.210937500000    132643.656250000000    -98713.976562500000    0.138121366501    -0.436904489994    0.000289506861    0.000324039749    -0.111300110817    0.071255318820    -0.000000000000    0.000000000000    -0.000000000000    0.000000000000    -0.000000000000    0.000000000000
-0.000000152814    1.299605846405    -0.020063400269    0.000383460865    133048.859375000000    128502.843750000000    -109271.445312500000    133048.890625000000    -67621.953125000000    0.261656701565    -0.370751976967    0.000178970979    0.000396690128    -0.125899314880    0.035625260323    -0.000000000000    0.000000000000    -0.000000000000    0.000000000000    -0.000000000000    0.000000000000
-0.000000153928    1.299737215042    -0.020211743191    0.000438217889    133288.093750000000    128294.640625000000    -124764.367187500000    133288.125000000000    -29889.158203125000    0.358316987753    -0.269111663103    0.000050330687    0.000432938512    -0.129173219204    -0.002305984497    -0.000000000000    0.000000000000    -0.000000000000    0.000000000000    -0.000000000000    0.000000000000
-0.000000155041    1.299879074097    -0.020360246301    0.000448945881    133335.203125000000    128289.726562500000    -127835.421875000000    133335.234375000000    10786.796875000000    0.416700541973    -0.143486440182    -0.000083612264    0.000427253311    -0.121232010424    -0.038998432457    0.000000000000    0.000000000000    0.000000000000    0.000000000000    0.000000000000    0.000000000000
-0.000000156155    1.300017356873    -0.020508689806    0.000414577138    133182.734375000000    128489.312500000000    -118182.921875000000    133182.765625000000    50421.203125000000    0.433430552483    -0.008047074080    -0.000209365753    0.000381258840    -0.103267222643    -0.071348085999    0.000000000000    0.000000000000    0.000000000000    0.000000000000    0.000000000000    0.000000000000
-0.000000157269    1.300138115883    -0.020656857640    0.000338460988    132842.828125000000    128873.562500000000    -96751.203125000000    132842.859375000000    85132.828125000000    0.408988475800    0.123392648995    -0.000314707664    0.000299860112    -0.077197030187    -0.096883840859    0.000000000000    0.000000000000    0.000000000000    0.000000000000    0.000000000000    0.000000000000
-0.000000158383    1.300229430199    -0.020804552361    0.000228034187    132346.296875000000    129405.046875000000    -65636.804687500000    132346.328125000000    111523.429687500000    0.348312199116    0.238873362541    -0.000389984867    0.000191656844    -0.045390084386    -0.113882556558    0.000000000000    0.000000000000    0.000000000000    0.000000000000    0.000000000000    0.000000000000
-0.000000159497    1.300282001495    -0.020951630548    0.000094092538    131739.890625000000    130033.781250000000    -27882.503906250000    131739.906250000000    127009.257812500000    0.259378075600    0.329567372799    -0.000429164123    0.000067640241    -0.010414011776    -0.121353432536    0.000000000000    0.000000000000    0.000000000000    0.000000000000    0.000000000000    0.000000000000
-0.000000160610    1.300290584564    -0.021097997203    -0.000050265298    131081.765625000000    130702.953125000000    12820.207031250000    131081.781250000000    130072.703125000000    0.151441305876    0.390183389187    -0.000430223794    -0.000060408114    0.025133417919    -0.118942186236    0.000000000000    0.000000000000    0.000000000000    0.000000000000    0.000000000000    0.000000000000
-0.000000161724    1.300253868103    -0.021243633702    -0.000190917955    130436.132812500000    131354.156250000000    52491.351562500000    130436.132812500000    120410.039062500000    0.033736035228    0.418527632952    -0.000394841714    -0.000181291369    0.058701828122    -0.106871478260    0.000000000000    0.000000000000    0.000000000000    0.000000000000    0.000000000000    0.000000000000
-0.000000162838    1.300175428391    -0.021388586611    -0.000314101257    129866.789062500000    131931.625000000000    87250.437500000000    129866.781250000000    98961.210937500000    -0.085401855409    0.414624929428    -0.000327627524    -0.000285490911    0.087832003832    -0.085900902748    0.000000000000    0.000000000000    0.000000000000    0.000000000000    0.000000000000    0.000000000000
-0.000000163952    1.300062537193    -0.021532975137    -0.000407753891    129430.968750000000    132385.546875000000    113694.929687500000    129430.960937500000    67818.906250000000    -0.198575481772    0.379852294922    -0.000235172862    -0.000365647953    0.110216654837    -0.057367488742    0.000000000000    0.000000000000    0.000000000000    0.000000000000    0.000000000000    0.000000000000
-0.000000165066    1.299926161766    -0.021676974371    -0.000462697644    129173.562500000000    132674.859375000000    129232.718750000000    129173.554687500000    30025.445312500000    -0.298991203308    0.316420555115    -0.000125174731    -0.000416657655    0.123826943338    -0.023229919374    0.000000000000    0.000000000000    0.000000000000    0.000000000000    0.000000000000    0.000000000000
-0.000000166180    1.299779295921    -0.021820800379    -0.000473537977    129122.523437500000    132770.125000000000    132336.421875000000    129122.507812500000    -10723.200195312500    -0.379975676537    0.227530688047    -0.000005899376    -0.000435454509    0.127136319876    0.013920143247    0.000000000000    0.000000000000    0.000000000000    0.000000000000    0.000000000000    0.000000000000
-0.000000167293    1.299636125565    -0.021964687854    -0.000439195661    129285.781250000000    132657.078125000000    122694.429687500000    129285.773437500000    -50437.906250000000    -0.434582412243    0.117931053042    0.000114032999    -0.000420582975    0.119366236031    0.050960745662    0.000000000000    0.000000000000    0.000000000000    0.000000000000    0.000000000000    0.000000000000
-0.000000168407    1.299510478973    -0.022108871490    -0.000363016996    129650.265625000000    132339.750000000000    101243.492187500000    129650.257812500000    -85226.601562500000    -0.455854088068    -0.004670500755    0.000225120049    -0.000372067298    0.100743919611    0.084462821484    0.000000000000    0.000000000000    0.000000000000    0.000000000000    0.000000000000    0.000000000000
-0.000000169521    1.299414396286    -0.022253559902    -0.000252450496    130182.757812500000    131843.390625000000    70079.257812500000    130182.757812500000    -111676.242187500000    -0.441209435463    -0.131528273225    0.000319403189    -0.000294169877    0.072653971612    0.111152321100    0.000000000000    0.000000000000    0.000000000000    0.000000000000    0.000000000000    0.000000000000
-0.000000170635    1.299356937408    -0.022398911417    -0.000118320269    130833.000000000000    131214.203125000000    32252.277343750000    130833.000000000000    -127188.671875000000    -0.388933032751    -0.251808285713    0.000389180816    -0.000191735948    0.037555895746    0.128251239657    0.000000000000    0.000000000000    0.000000000000    0.000000000000    0.000000000000    0.000000000000
-0.000000171749    1.299343585968    -0.022545026615    0.000026233094    131538.328125000000    130516.179687500000    -8530.679687500000    131538.343750000000    -130237.101562500000    -0.301040768623    -0.353536039591    0.000427735940    -0.000071822767    -0.001219622791    0.133919999003    0.000000000000    0.000000000000    0.000000000000    0.000000000000    0.000000000000    0.000000000000
-0.000000172862    1.299375653267    -0.022691925988    0.000167040649    132229.843750000000    129824.664062500000    -48270.562500000000    132229.859375000000    -120517.203125000000    -0.183943033218    -0.425219327211    0.000430181826    0.000056315333    -0.039870504290    0.127540990710    -0.000000000000    0.000000000000    -0.000000000000    0.000000000000    -0.000000000000    0.000000000000
-0.000000173976    1.299449324608    -0.022839553654    0.000290295284    132838.984375000000    129217.281250000000    -83069.359375000000    132839.015625000000    -98977.710937500000    -0.048365637660    -0.457812279463    0.000394430826    0.000181612108    -0.074619084597    0.109829746187    -0.000000000000    0.000000000000    -0.000000000000    0.000000000000    -0.000000000000    0.000000000000
-0.000000175090    1.299557566643    -0.022987784818    0.000383906765    133304.546875000000    128764.054687500000    -109513.476562500000    133304.578125000000    -67727.226562500000    0.091911777854    -0.446516513824    0.000322050095    0.000292227371    -0.102197960019    0.082697540522    -0.000000000000    0.000000000000    -0.000000000000    0.000000000000    -0.000000000000    0.000000000000
-0.000000176204    1.299689292908    -0.023136433214    0.000438687799    133578.671875000000    128518.148437500000    -125009.125000000000    133578.703125000000    -29826.640625000000    0.221956953406    -0.391900926828    0.000218652334    0.000376923301    -0.120232380927    0.048955529928    -0.000000000000    0.000000000000    -0.000000000000    0.000000000000    -0.000000000000    0.000000000000
-0.000000177318    1.299831390381    -0.023285264149    0.000449254439    133631.812500000000    128508.984375000000    -128036.296875000000    133631.843750000000    11011.946289062500    0.326494246721    -0.299725532532    0.000093565744    0.000425345614    -0.127419650555    0.011916577816    -0.000000000000    0.000000000000    -0.000000000000    0.000000000000    -0.000000000000    0.000000000000
-0.000000178431    1.299969673157    -0.023434028029    0.000414552720    133455.875000000000    128739.093750000000    -118296.898437500000    133455.906250000000    50789.707031250000    0.396287977695    -0.181659758091    -0.000040145842    0.000433229899    -0.123624086380    -0.025074966252    -0.000000000000    0.000000000000    -0.000000000000    0.000000000000    -0.000000000000    0.000000000000
-0.000000179545    1.300090432167    -0.023582471535    0.000337960490    133065.281250000000    129184.820312500000    -96742.664062500000    133065.312500000000    85612.929687500000    0.426572740078    -0.050758637488    -0.000169218663    0.000400504097    -0.109644629061    -0.058981947601    0.000000000000    0.000000000000    0.000000000000    0.000000000000    0.000000000000    0.000000000000
-0.000000180659    1.300181508064    -0.023730376735    0.000226955759    132495.750000000000    129800.718750000000    -65480.792968750000    132495.781250000000    112073.601562500000    0.417106211185    0.079997286201    -0.000281372719    0.000331227027    -0.086986556649    -0.087275162339    0.000000000000    0.000000000000    0.000000000000    0.000000000000    0.000000000000    0.000000000000
-0.000000181773    1.300233840942    -0.023877574131    0.000092384238    131801.140625000000    130526.140625000000    -27566.978515625000    131801.156250000000    127581.882812500000    0.371656775475    0.199315935373    -0.000366719498    0.000233072322    -0.057625584304    -0.108018055558    0.000000000000    0.000000000000    0.000000000000    0.000000000000    0.000000000000    0.000000000000
-0.000000182887    1.300241947174    -0.024023959413    -0.000052600866    131048.210937500000    131292.937500000000    13293.339843750000    131048.218750000000    130618.242187500000    0.296629726887    0.298599004745    -0.000418710348    0.000116055795    -0.023825075477    -0.119858391583    0.000000000000    0.000000000000    0.000000000000    0.000000000000    0.000000000000    0.000000000000
-0.000000184000    1.300204634666    -0.024169504642    -0.000193823944    130310.359375000000    132032.562500000000    53106.460937500000    130310.359375000000    120881.367187500000    0.199601754546    0.372124969959    -0.000434441579    -0.000008903633    0.011972088367    -0.121988505125    0.000000000000    0.000000000000    0.000000000000    0.000000000000    0.000000000000    0.000000000000
-0.000000185114    1.300125598907    -0.024314273149    -0.000317471684    129660.429687500000    132681.671875000000    87979.679687500000    129660.421875000000    99317.718750000000    0.088230319321    0.416539698839    -0.000414349051    -0.000131255263    0.047189943492    -0.114134825766    0.000000000000    0.000000000000    0.000000000000    0.000000000000    0.000000000000    0.000000000000
-0.000000186228    1.300011992455    -0.024458397180    -0.000411442656    129163.492187500000    133185.937500000000    114500.765625000000    129163.484375000000    68029.968750000000    -0.030124291778    0.430101156235    -0.000361536921    -0.000241636633    0.079165428877    -0.096620723605    0.000000000000    0.000000000000    0.000000000000    0.000000000000    0.000000000000    0.000000000000
-0.000000187342    1.299874663353    -0.024602076039    -0.000466531434    128870.445312500000    133502.484375000000    130071.273437500000    128870.429687500000    30072.984375000000    -0.148280590773    0.412112116814    -0.000281033543    -0.000332290190    0.105252891779    -0.070458523929    0.000000000000    0.000000000000    0.000000000000    0.000000000000    0.000000000000    0.000000000000
-0.000000188456    1.299726843834    -0.024745557457    -0.000477331079    128812.710937500000    133602.015625000000    133161.296875000000    128812.695312500000    -10843.252929687500    -0.258814454079    0.362781763077    -0.000179165057    -0.000397133961    0.123011231422    -0.037433501333    0.000000000000    0.000000000000    0.000000000000    0.000000000000    0.000000000000    0.000000000000
-0.000000189569    1.299582600594    -0.024889111519    -0.000442765828    128998.945312500000    133471.140625000000    123460.546875000000    128998.937500000000    -50715.343750000000    -0.352651894093    0.283638238907    -0.000063278392    -0.000430766784    0.130475640297    -0.000136155635    0.000000000000    0.000000000000    0.000000000000    0.000000000000    0.000000000000    0.000000000000
-0.000000190683    1.299456000328    -0.025033002719    -0.000366200897    129413.851562500000    133115.218750000000    101910.867187500000    129413.843750000000    -85637.859375000000    -0.421705871820    0.179334357381    0.000057777372    -0.000430666027    0.126526921988    0.038194391876    0.000000000000    0.000000000000    0.000000000000    0.000000000000    0.000000000000    0.000000000000
-0.000000191797    1.299359202385    -0.025177465752    -0.000255117571    130019.328125000000    132561.031250000000    70616.218750000000    130019.328125000000    -112186.375000000000    -0.459383130074    0.056587062776    0.000175200665    -0.000396964693    0.111129701138    0.073976434767    0.000000000000    0.000000000000    0.000000000000    0.000000000000    0.000000000000    0.000000000000
-0.000000192911    1.299301266670    -0.025322685018    -0.000120383949    130758.015625000000    131857.484375000000    32638.082031250000    130758.015625000000    -127754.273437500000    -0.459726542234    -0.075276091695    0.000279990811    -0.000331007876    0.085460521281    0.103670008481    0.000000000000    0.000000000000    0.000000000000    0.000000000000    0.000000000000    0.000000000000
-0.000000194025    1.299287676811    -0.025468766689    0.000024807990    131558.609375000000    131073.234375000000    -8304.081054687500    131558.625000000000    -130809.929687500000    -0.419757843018    -0.204402968287    0.000363177125    -0.000236559892    0.051867499948    0.124254606664    0.000000000000    0.000000000000    0.000000000000    0.000000000000    0.000000000000    0.000000000000
-0.000000195138    1.299319267273    -0.025615736842    0.000166234764    132342.921875000000    130290.859375000000    -48197.765625000000    132342.937500000000    -121048.265625000000    -0.340808838606    -0.317591428757    0.000416558061    -0.000120168370    0.013622257859    0.133661538363    0.000000000000    0.000000000000    0.000000000000    0.000000000000    0.000000000000    0.000000000000
-0.000000196252    1.299392938614    -0.025763537735    0.000290036201    133033.375000000000    129597.492187500000    -83131.796875000000    133033.406250000000    -99421.398437500000    -0.229080840945    -0.402214765549    0.000433814363    0.000008888059    -0.025504708290    0.131047591567    0.000000000000    0.000000000000    0.000000000000    0.000000000000    0.000000000000    0.000000000000
-0.000000197366    1.299501180649    -0.025912022218    0.000384075043    133560.734375000000    129073.820312500000    -109680.851562500000    133560.765625000000    -68045.281250000000    -0.095376349986    -0.448309808969    0.000411642075    0.000139108946    -0.061737515032    0.116889916360    -0.000000000000    0.000000000000    -0.000000000000    0.000000000000    -0.000000000000    0.000000000000
-0.000000198480    1.299633145332    -0.026060977951    0.000439127005    133871.125000000000    128782.835937500000    -125241.867187500000    133871.156250000000    -29991.500000000000    0.046340987086    -0.450400233269    0.000350700488    0.000257959444    -0.091766640544    0.092841938138    -0.000000000000    0.000000000000    -0.000000000000    0.000000000000    -0.000000000000    0.000000000000
-0.000000199594    1.299775600433    -0.026210142300    0.000449784595    133931.468750000000    128760.992187500000    -128289.000000000000    133931.500000000000    11014.672851562500    0.180323243141    -0.408078491688    0.000255698164    0.000352795119    -0.113090977073    0.061445593834    -0.000000000000    0.000000000000    -0.000000000000    0.000000000000    -0.000000000000    0.000000000000
-0.000000200707    1.299914121628    -0.026359226555    0.000414985843    133732.968750000000    129013.257812500000    -118522.164062500000    133733.000000000000    50959.917968750000    0.292208075523    -0.327355325222    0.000136176008    0.000413392903    -0.124229080975    0.025742895901    -0.000000000000    0.000000000000    -0.000000000000    0.000000000000    -0.000000000000    0.000000000000
-0.000000201821    1.300035119057    -0.026507955045    0.000338116923    133292.187500000000    129513.312500000000    -96895.343750000000    133292.218750000000    85935.953125000000    0.372863322496    -0.218905061483    0.000004713569    0.000434882997    -0.124729275703    -0.011142011732    -0.000000000000    0.000000000000    -0.000000000000    0.000000000000    -0.000000000000    0.000000000000
-0.000000202935    1.300126433372    -0.026656074449    0.000226679680    132649.750000000000    130208.328125000000    -65521.960937500000    132649.781250000000    112521.468750000000    0.416847527027    -0.094570726156    -0.000125808408    0.000416097493    -0.114980213344    -0.046273723245    0.000000000000    0.000000000000    0.000000000000    0.000000000000    0.000000000000    0.000000000000
-0.000000204049    1.300178766251    -0.026803392917    0.000091557435    131866.578125000000    131027.125000000000    -27467.478515625000    131866.593750000000    128115.750000000000    0.423089325428    0.033731892705    -0.000243255141    0.000360140519    -0.096043638885    -0.077079027891    0.000000000000    0.000000000000    0.000000000000    0.000000000000    0.000000000000    0.000000000000
-0.000000205163    1.300186634064    -0.026949794963    -0.000054048931    131018.085937500000    131889.734375000000    13550.334960937500    131018.093750000000    131191.828125000000    0.394006937742    0.155528545380    -0.000337641279    0.000273587357    -0.069475188851    -0.101409435272    0.000000000000    0.000000000000    0.000000000000    0.000000000000    0.000000000000    0.000000000000
-0.000000206276    1.300149083138    -0.027095254511    -0.000195909990    130186.921875000000    132716.656250000000    53524.023437500000    130186.921875000000    121445.023437500000    0.334247916937    0.262498915195    -0.000401957950    0.000165288002    -0.037214968354    -0.117549508810    0.000000000000    0.000000000000    0.000000000000    0.000000000000    0.000000000000    0.000000000000
-0.000000207390    1.300069332123    -0.027239838615    -0.000320157182    129455.023437500000    133435.906250000000    88546.945312500000    129455.015625000000    99822.773437500000    0.249507889152    0.348453402519    -0.000432399771    0.000045092238    -0.001538209617    -0.124229170382    0.000000000000    0.000000000000    0.000000000000    0.000000000000    0.000000000000    0.000000000000
-0.000000208504    1.299955010414    -0.027383696288    -0.000414637529    128895.460937500000    133987.796875000000    115194.062500000000    128895.453125000000    68432.921875000000    0.145839214325    0.408804565668    -0.000428084255    -0.000077194367    0.034965313971    -0.120692037046    0.000000000000    0.000000000000    0.000000000000    0.000000000000    0.000000000000    0.000000000000
-0.000000209618    1.299816846848    -0.027527052909    -0.000470101688    128565.226562500000    134327.312500000000    130856.289062500000    128565.210937500000    30339.195312500000    0.029550336301    0.439969629049    -0.000390513567    -0.000192480613    0.069446213543    -0.106823205948    0.000000000000    0.000000000000    0.000000000000    0.000000000000    0.000000000000    0.000000000000
-0.000000210732    1.299668192863    -0.027670187876    -0.000481110474    128499.390625000000    134425.484375000000    133996.062500000000    128499.375000000000    -10736.669921875000    -0.092394486070    0.439120352268    -0.000323046610    -0.000292658689    0.098941080272    -0.083311557770    0.000000000000    0.000000000000    0.000000000000    0.000000000000    0.000000000000    0.000000000000
-0.000000211845    1.299523234367    -0.027813402936    -0.000446570048    128707.398437500000    134270.687500000000    124299.062500000000    128707.390625000000    -50777.613281250000    -0.210277035832    0.403622567654    -0.000230011356    -0.000369200279    0.120591573417    -0.051781099290    0.000000000000    0.000000000000    0.000000000000    0.000000000000    0.000000000000    0.000000000000
-0.000000212959    1.299395799637    -0.027956994250    -0.000369843445    129171.867187500000    133870.531250000000    102706.992187500000    129171.859375000000    -85863.851562500000    -0.316076368093    0.335454523563    -0.000119168617    -0.000417485542    0.132114708424    -0.014775287360    0.000000000000    0.000000000000    0.000000000000    0.000000000000    0.000000000000    0.000000000000
-0.000000214073    1.299298048019    -0.028101226315    -0.000258425454    129849.875000000000    133254.187500000000    71327.390625000000    129849.875000000000    -112557.039062500000    -0.400410383940    0.237612128258    0.000001777833    -0.000433569599    0.132048100233    0.024407198653    0.000000000000    0.000000000000    0.000000000000    0.000000000000    0.000000000000    0.000000000000
-0.000000215187    1.299239277840    -0.028246302158    -0.000123212449    130677.000000000000    132473.406250000000    33228.785156250000    130677.000000000000    -128238.265625000000    -0.454019308090    0.116273343563    0.000124069556    -0.000415082264    0.120073385537    0.062029778957    0.000000000000    0.000000000000    0.000000000000    0.000000000000    0.000000000000    0.000000000000
-0.000000216301    1.299225091934    -0.028392348439    0.000022562966    131573.343750000000    131601.031250000000    -7859.322265625000    131573.359375000000    -131366.156250000000    -0.469370692968    -0.018826216459    0.000237985412    -0.000361870683    0.097164422274    0.094370618463    0.000000000000    0.000000000000    0.000000000000    0.000000000000    0.000000000000    0.000000000000
-0.000000217414    1.299256443977    -0.028539391235    0.000164627680    132451.390625000000    130725.929687500000    -47912.179687500000    132451.406250000000    -121629.320312500000    -0.442348271608    -0.154990807176    0.000333403354    -0.000276630861    0.065522640944    0.118217661977    0.000000000000    0.000000000000    0.000000000000    0.000000000000    0.000000000000    0.000000000000
-0.000000218528    1.299329996109    -0.028687359765    0.000289067044    133224.343750000000    129943.703125000000    -83005.109375000000    133224.375000000000    -99977.585937500000    -0.373607605696    -0.278048932552    0.000400793302    -0.000165344929    0.028303533792    0.131301105022    0.000000000000    0.000000000000    0.000000000000    0.000000000000    0.000000000000    0.000000000000
-0.000000219642    1.299438238144    -0.028836095706    0.000383689126    133815.046875000000    129344.898437500000    -109699.132812500000    133815.078125000000    -68528.828125000000    -0.269080996513    -0.374479502439    0.000432532077    -0.000037225069    -0.010814182460    0.132562458515    0.000000000000    0.000000000000    0.000000000000    0.000000000000    0.000000000000    0.000000000000
-0.000000220756    1.299570202827    -0.028985356912    0.000439219468    134163.406250000000    129002.187500000000    -125378.570312500000    134163.437500000000    -30360.730468750000    -0.139443054795    -0.433620393276    0.000424210390    0.000095966607    -0.048115998507    0.122220665216    -0.000000000000    0.000000000000    -0.000000000000    0.000000000000    -0.000000000000    0.000000000000
-0.000000221870    1.299712896347    -0.029134852812    0.000450209307    134232.625000000000    128959.484375000000    -128507.140625000000    134232.656250000000    10791.683593750000    0.001432836056    -0.449438005686    0.000375616248    0.000221213908    -0.080298274755    0.101633660495    -0.000000000000    0.000000000000    -0.000000000000    0.000000000000    -0.000000000000    0.000000000000
