wc / wrf: 0.935595
 t  x  y  z vpar vper vx vy vz re(e1)  im(e1)  re(e2)  im(e2)  re(e3)  im(e3)  re(b1)  im(b1)  re(b2)  im(b2)  re(b3)  im(b3)
-0.000000000223    1.299828529358    -0.000029250359    -0.000432842062    131308.437500000000    131317.468750000000    122095.765625000000    131308.437500000000    -48341.578125000000    -0.414345055819    0.149313867092    0.000077447236    -0.000428396132    0.121735110879    0.037153363228    0.000000000000    0.000000000000    0.000000000000    0.000000000000    0.000000000000    0.000000000000
-0.000000001337    1.299703121185    -0.000175502850    -0.000358682417    131310.187500000000    131356.984375000000    101214.406250000000    131310.187500000000    -83727.585937500000    -0.446172744036    0.030901387334    0.000193038053    -0.000390704256    0.107125610113    0.071827344596    0.000000000000    0.000000000000    0.000000000000    0.000000000000    0.000000000000    0.000000000000
-0.000000002450    1.299606800079    -0.000321759464    -0.000249380741    131316.187500000000    131381.593750000000    70407.273437500000    131316.187500000000    -110923.148437500000    -0.442049384117    -0.094412952662    0.000294123602    -0.000321143365    0.082538321614    0.100838951766    0.000000000000    0.000000000000    0.000000000000    0.000000000000    0.000000000000    0.000000000000
-0.000000003564    1.299548864365    -0.000468025799    -0.000115634968    131327.718750000000    131388.875000000000    32689.066406250000    131327.734375000000    -127257.484375000000    -0.400293290615    -0.216015920043    0.000372505980    -0.000224693387    0.050092183053    0.121221460402    0.000000000000    0.000000000000    0.000000000000    0.000000000000    0.000000000000    0.000000000000
-0.000000004678    1.299535155296    -0.000614308170    0.000029454512    131344.812500000000    131382.359375000000    -8244.849609375000    131344.828125000000    -131123.421875000000    -0.322293847799    -0.322378426790    0.000421204546    -0.000108181383    0.012846890837    0.130829051137    0.000000000000    0.000000000000    0.000000000000    0.000000000000    0.000000000000    0.000000000000
-0.000000005792    1.299566984177    -0.000760612020    0.000171668828    131366.046875000000    131369.968750000000    -48381.320312500000    131366.062500000000    -122136.468750000000    -0.213300719857    -0.401746690273    0.000434584159    0.000019607363    -0.025542933494    0.128652349114    0.000000000000    0.000000000000    0.000000000000    0.000000000000    0.000000000000    0.000000000000
-0.000000006906    1.299641251564    -0.000906940724    0.000297065475    131388.718750000000    131361.328125000000    -83784.000000000000    131388.750000000000    -101173.304687500000    -0.083002701402    -0.444333225489    0.000409609143    0.000147858402    -0.061301894486    0.114991933107    -0.000000000000    0.000000000000    -0.000000000000    0.000000000000    -0.000000000000    0.000000000000
-0.000000008019    1.299750566483    -0.001053293818    0.000393346359    131409.156250000000    131364.984375000000    -110980.515625000000    131409.187500000000    -70285.703125000000    0.055149227381    -0.443821996450    0.000346484710    0.000264313247    -0.091017693281    0.091380745173    -0.000000000000    0.000000000000    -0.000000000000    0.000000000000    -0.000000000000    0.000000000000
-0.000000009133    1.299884319305    -0.001199666411    0.000451064348    131423.203125000000    131386.250000000000    -127303.507812500000    131423.234375000000    -32498.619140625000    0.185498803854    -0.399451136589    0.000249863224    0.000356495962    -0.112062089145    0.060344852507    -0.000000000000    0.000000000000    -0.000000000000    0.000000000000    -0.000000000000    0.000000000000
-0.000000010247    1.300029397011    -0.001346049365    0.000464548968    131426.828125000000    131426.359375000000    -131152.031250000000    131426.859375000000    8487.358398437500    0.294650673866    -0.317313104868    0.000129350592    0.000415259448    -0.122877933085    0.024987485260    -0.000000000000    0.000000000000    -0.000000000000    0.000000000000    -0.000000000000    0.000000000000
-0.000000011361    1.300171613693    -0.001492428826    0.000432461064    131416.843750000000    131483.046875000000    -122147.656250000000    131416.875000000000    48659.406250000000    0.372003555298    -0.207167461514    -0.000003215035    0.000434630027    -0.122979849577    -0.011435031891    -0.000000000000    0.000000000000    -0.000000000000    0.000000000000    -0.000000000000    0.000000000000
-0.000000012475    1.300297021866    -0.001638788846    0.000357922720    131391.437500000000    131551.531250000000    -101170.171875000000    131391.468750000000    84085.664062500000    0.411472618580    -0.081367217004    -0.000134714326    0.000413049624    -0.112845093012    -0.045870818198    0.000000000000    0.000000000000    0.000000000000    0.000000000000    0.000000000000    0.000000000000
-0.000000013588    1.300393223763    -0.001785111846    0.000248210272    131350.625000000000    131626.421875000000    -70270.242187500000    131350.656250000000    111299.632812500000    0.411814361811    0.047209613025    -0.000252479367    0.000353469892    -0.093703597784    -0.075707972050    0.000000000000    0.000000000000    0.000000000000    0.000000000000    0.000000000000    0.000000000000
-0.000000014702    1.300450921059    -0.001931381528    0.000114041832    131296.515625000000    131703.062500000000    -32467.953125000000    131296.531250000000    127638.273437500000    0.375951349735    0.167065799236    -0.000345910346    0.000262700371    -0.067294508219    -0.098874136806    0.000000000000    0.000000000000    0.000000000000    0.000000000000    0.000000000000    0.000000000000
-0.000000015816    1.300464391708    -0.002077585319    -0.000031470609    131233.234375000000    131778.468750000000    8542.517578125000    131233.250000000000    131501.312500000000    0.309695392847    0.269211769104    -0.000407545042    0.000150231761    -0.035686776042    -0.113844990730    0.000000000000    0.000000000000    0.000000000000    0.000000000000    0.000000000000    0.000000000000
-0.000000016930    1.300432205200    -0.002223716350    -0.000174102141    131166.703125000000    131851.546875000000    48753.312500000000    131166.718750000000    122506.929687500000    0.220238178968    0.347517609596    -0.000433529174    0.000026796493    -0.001164693385    -0.119604162872    0.000000000000    0.000000000000    0.000000000000    0.000000000000    0.000000000000    0.000000000000
-0.000000018044    1.300357580185    -0.002369774505    -0.000299904175    131104.093750000000    131922.078125000000    84233.468750000000    131104.093750000000    101529.132812500000    0.115019962192    0.398292750120    -0.000423429679    -0.000096926080    0.033814538270    -0.115639083087    0.000000000000    0.000000000000    0.000000000000    0.000000000000    0.000000000000    0.000000000000
-0.000000019157    1.300247669220    -0.002515768865    -0.000396567251    131052.929687500000    131989.265625000000    111512.125000000000    131052.921875000000    70613.171875000000    0.001154378057    0.419531255960    -0.000379637902    -0.000211269391    0.066653206944    -0.101988121867    0.000000000000    0.000000000000    0.000000000000    0.000000000000    0.000000000000    0.000000000000
-0.000000020271    1.300113320351    -0.002661715960    -0.000454624882    131020.390625000000    132049.968750000000    127917.406250000000    131020.382812500000    32777.160156250000    -0.114480488002    0.410249799490    -0.000306620932    -0.000308059942    0.094692945480    -0.079348243773    0.000000000000    0.000000000000    0.000000000000    0.000000000000    0.000000000000    0.000000000000
-0.000000021385    1.299967288971    -0.002807640238    -0.000468381477    131012.312500000000    132098.046875000000    131838.234375000000    131012.296875000000    -8281.392578125000    -0.224786803126    0.370310306549    -0.000210306272    -0.000380723737    0.115392133594    -0.049187015742    0.000000000000    0.000000000000    0.000000000000    0.000000000000    0.000000000000    0.000000000000
-0.000000022499    1.299824237823    -0.002953570802    -0.000436472881    131032.343750000000    132125.031250000000    122883.359375000000    131032.335937500000    -48545.957031250000    -0.322082608938    0.300716459751    -0.000097665987    -0.000424257159    0.126585215330    -0.013780079782    0.000000000000    0.000000000000    0.000000000000    0.000000000000    0.000000000000    0.000000000000
-0.000000023613    1.299697995186    -0.003099539550    -0.000362004590    131081.343750000000    132122.640625000000    101921.703125000000    131081.343750000000    -84073.562500000000    -0.398073256016    0.204450964928    0.000023389628    -0.000435181661    0.126816734672    0.023863786831    0.000000000000    0.000000000000    0.000000000000    0.000000000000    0.000000000000    0.000000000000
-0.000000024726    1.299600839615    -0.003245577915    -0.000252251863    131157.000000000000    132085.984375000000    70999.328125000000    131157.000000000000    -111381.367187500000    -0.443688839674    0.087675556540    0.000143647339    -0.000411061483    0.115639612079    0.060234211385    0.000000000000    0.000000000000    0.000000000000    0.000000000000    0.000000000000    0.000000000000
-0.000000025840    1.299542546272    -0.003391713370    -0.000117950913    131253.812500000000    132016.421875000000    33140.593750000000    131253.828125000000    -127789.046875000000    -0.453320264816    -0.040584698319    0.000253680308    -0.000353351963    0.093829877675    0.091766968369    0.000000000000    0.000000000000    0.000000000000    0.000000000000    0.000000000000    0.000000000000
-0.000000026954    1.299528479576    -0.003537964774    0.000027750677    131363.453125000000    131922.734375000000    -7947.361328125000    131363.468750000000    -131683.156250000000    -0.423610150814    -0.169161528349    0.000344363623    -0.000265505194    0.063357554376    0.115279287100    0.000000000000    0.000000000000    0.000000000000    0.000000000000    0.000000000000    0.000000000000
-0.000000028068    1.299560070038    -0.003684340511    0.000170581974    131475.453125000000    131820.000000000000    -48238.414062500000    131475.468750000000    -122676.679687500000    -0.354760199785    -0.285158038139    0.000407042156    -0.000153377216    0.027188777924    0.128405630589    0.000000000000    0.000000000000    0.000000000000    0.000000000000    0.000000000000    0.000000000000
-0.000000029182    1.299634099007    -0.003830837086    0.000296547776    131578.187500000000    131726.531250000000    -83783.062500000000    131578.218750000000    -101647.804687500000    -0.251787066460    -0.375760614872    0.000434670917    -0.000025691625    -0.011086490005    0.129929885268    0.000000000000    0.000000000000    0.000000000000    0.000000000000    0.000000000000    0.000000000000
-0.000000030295    1.299743413925    -0.003977437969    0.000393301365    131660.125000000000    131660.312500000000    -111096.687500000000    131660.156250000000    -70653.804687500000    -0.124550014734    -0.429937213659    0.000422671699    0.000106233405    -0.047726482153    0.119920775294    -0.000000000000    0.000000000000    -0.000000000000    0.000000000000    -0.000000000000    0.000000000000
-0.000000031409    1.299877405167    -0.004124113359    0.000451354921    131711.078125000000    131635.312500000000    -127501.718750000000    131711.109375000000    -32728.638671875000    0.012848690152    -0.440593659878    0.000370228023    0.000229066020    -0.079311646521    0.099659979343    -0.000000000000    0.000000000000    -0.000000000000    0.000000000000    -0.000000000000    0.000000000000
-0.000000032523    1.300022840500    -0.004270824138    0.000465008983    131723.421875000000    131659.140625000000    -131389.921875000000    131723.453125000000    8415.285156250000    0.145657479763    -0.408147692680    0.000282644120    0.000330603158    -0.103189274669    0.071395009756    -0.000000000000    0.000000000000    -0.000000000000    0.000000000000    -0.000000000000    0.000000000000
-0.000000033637    1.300165295601    -0.004417525604    0.000432909816    131693.093750000000    131732.203125000000    -122379.171875000000    131693.125000000000    48751.503906250000    0.260278493166    -0.337382555008    0.000168440398    0.000400688004    -0.117628961802    0.037929635495    -0.000000000000    0.000000000000    -0.000000000000    0.000000000000    -0.000000000000    0.000000000000
-0.000000034751    1.300290942192    -0.004564168863    0.000358180521    131620.234375000000    131848.296875000000    -101349.687500000000    131620.265625000000    84333.937500000000    0.346233069897    -0.237276241183    0.000039072838    0.000432708795    -0.121870495379    0.002261016518    -0.000000000000    0.000000000000    -0.000000000000    0.000000000000    -0.000000000000    0.000000000000
-0.000000035864    1.300387263298    -0.004710709210    0.000248113996    131509.484375000000    131996.328125000000    -70356.578125000000    131509.515625000000    111682.500000000000    0.397303819656    -0.119180820882    -0.000092650247    0.000424388476    -0.116016916931    -0.032725084573    -0.000000000000    0.000000000000    -0.000000000000    0.000000000000    -0.000000000000    0.000000000000
-0.000000036978    1.300444960594    -0.004857109394    0.000113459144    131369.781250000000    132162.593750000000    -32428.105468750000    131369.796875000000    128122.476562500000    0.411646991968    0.005180753767    -0.000214301894    0.000377811200    -0.100851491094    -0.064438216388    0.000000000000    0.000000000000    0.000000000000    0.000000000000    0.000000000000    0.000000000000
-0.000000038092    1.300458192825    -0.005003343336    -0.000032629843    131213.593750000000    132333.125000000000    8730.452148437500    131213.609375000000    132044.843750000000    0.391062498093    0.125255346298    -0.000315285724    0.000298760831    -0.077676132321    -0.090662181377    0.000000000000    0.000000000000    0.000000000000    0.000000000000    0.000000000000    0.000000000000
-0.000000039206    1.300425767899    -0.005149400793    -0.000175878100    131055.945312500000    132495.578125000000    49098.265625000000    131055.945312500000    123062.765625000000    0.339752048254    0.232572585344    -0.000387830194    0.000195587694    -0.048191189766    -0.109564013779    0.000000000000    0.000000000000    0.000000000000    0.000000000000    0.000000000000    0.000000000000
-0.000000040320    1.300350546837    -0.005295289680    -0.000302283734    130912.843750000000    132639.921875000000    84730.726562500000    130912.835937500000    102049.304687500000    0.263087868690    0.320817261934    -0.000427337771    0.000077930570    -0.014452408999    -0.119702763855    0.000000000000    0.000000000000    0.000000000000    0.000000000000    0.000000000000    0.000000000000
-0.000000041433    1.300240039825    -0.005441034213    -0.000399485289    130799.742187500000    132758.312500000000    112143.906250000000    130799.734375000000    71052.945312500000    0.166809305549    0.385341227055    -0.000432199420    -0.000044389217    0.021136604249    -0.120089225471    0.000000000000    0.000000000000    0.000000000000    0.000000000000    0.000000000000    0.000000000000
-0.000000042547    1.300104856491    -0.005586675834    -0.000457970047    130729.859375000000    132843.937500000000    128654.523437500000    130729.851562500000    33098.835937500000    0.056848593056    0.422530263662    -0.000403302518    -0.000162101787    0.055857438594    -0.110316954553    0.000000000000    0.000000000000    0.000000000000    0.000000000000    0.000000000000    0.000000000000
-0.000000043661    1.299958229065    -0.005732268095    -0.000472005835    130712.710937500000    132890.125000000000    132642.750000000000    130712.695312500000    -8105.322265625000    -0.060365773737    0.429428696632    -0.000343490014    -0.000266857794    0.086790800095    -0.090727187693    0.000000000000    0.000000000000    0.000000000000    0.000000000000    0.000000000000    0.000000000000
-0.000000044775    1.299814343452    -0.005877873395    -0.000440204662    130752.843750000000    132890.281250000000    123711.835937500000    130752.835937500000    -48530.554687500000    -0.177351847291    0.403927117586    -0.000257195148    -0.000351297960    0.111048325896    -0.062563292682    0.000000000000    0.000000000000    0.000000000000    0.000000000000    0.000000000000    0.000000000000
-0.000000045889    1.299687147141    -0.006023555063    -0.000365662738    130849.195312500000    132839.218750000000    102728.843750000000    130849.187500000000    -84220.242187500000    -0.285309106112    0.345493048429    -0.000150314299    -0.000409110391    0.126106292009    -0.028018169105    0.000000000000    0.000000000000    0.000000000000    0.000000000000    0.000000000000    0.000000000000
-0.000000047003    1.299589157104    -0.006169372704    -0.000255661434    130994.835937500000    132735.812500000000    71741.703125000000    130994.835937500000    -111677.804687500000    -0.373316645622    0.256171971560    -0.000030345444    -0.000434299407    0.130161508918    0.009854855016    0.000000000000    0.000000000000    0.000000000000    0.000000000000    0.000000000000    0.000000000000
-0.000000048116    1.299529910088    -0.006315374281    -0.000120958008    131177.437500000000    132585.687500000000    33780.207031250000    131177.453125000000    -128210.234375000000    -0.432947099209    0.142101377249    0.000093464208    -0.000424740720    0.122529037297    0.047474186867    0.000000000000    0.000000000000    0.000000000000    0.000000000000    0.000000000000    0.000000000000
-0.000000049230    1.299515128136    -0.006461591925    0.000025266039    131380.296875000000    132402.593750000000    -7439.977539062500    131380.312500000000    -132193.406250000000    -0.456552118063    0.012151896954    0.000211411752    -0.000379881589    0.103759393096    0.081131651998    0.000000000000    0.000000000000    0.000000000000    0.000000000000    0.000000000000    0.000000000000
-0.000000050344    1.299546122551    -0.006608038209    0.000168695420    131583.781250000000    132207.953125000000    -47881.660156250000    131583.796875000000    -123232.664062500000    -0.439195781946    -0.121750771999    0.000313246768    -0.000301670632    0.075647257268    0.107477970421    0.000000000000    0.000000000000    0.000000000000    0.000000000000    0.000000000000    0.000000000000
-0.000000051458    1.299619913101    -0.006754701491    0.000295284088    131767.359375000000    132027.781250000000    -83582.617187500000    131767.390625000000    -102202.148437500000    -0.380404531956    -0.245833814144    0.000389051187    -0.000195326051    0.041017610580    0.123975493014    0.000000000000    0.000000000000    0.000000000000    0.000000000000    0.000000000000    0.000000000000
-0.000000052572    1.299729108810    -0.006901549175    0.000392632035    131911.609375000000    131888.500000000000    -111044.851562500000    131911.640625000000    -71159.078125000000    -0.284888714552    -0.346233636141    0.000430308399    -0.000069424474    0.003340475261    0.129213020205    0.000000000000    0.000000000000    0.000000000000    0.000000000000    0.000000000000    0.000000000000
-0.000000053685    1.299863100052    -0.007048528176    0.000451200554    132000.203125000000    131812.375000000000    -127577.984375000000    132000.234375000000    -33141.484375000000    -0.162718102336    -0.410448700190    0.000430656539    0.000064148509    -0.033724654466    0.123015478253    0.000000000000    0.000000000000    0.000000000000    0.000000000000    0.000000000000    0.000000000000
-0.000000054799    1.300008535385    -0.007195568644    0.000465246034    132021.812500000000    131813.562500000000    -131562.578125000000    132021.843750000000    8130.385742187500    -0.027704946697    -0.433203041553    0.000390305824    0.000192037929    -0.066851511598    0.106410317123    -0.000000000000    0.000000000000    -0.000000000000    0.000000000000    -0.000000000000    0.000000000000
-0.000000055913    1.300151228905    -0.007342593744    0.000433381036    131971.500000000000    131895.890625000000    -122607.937500000000    131971.531250000000    48619.093750000000    0.105759054422    -0.413507014513    0.000313070021    0.000301549386    -0.093339771032    0.081294700503    -0.000000000000    0.000000000000    -0.000000000000    0.000000000000    -0.000000000000    0.000000000000
-0.000000057027    1.300277233124    -0.007489523850    0.000358708377    131851.328125000000    132052.578125000000    -101589.226562500000    131851.359375000000    84365.351562500000    0.224482953548    -0.355455160141    0.000206855737    0.000382083410    -0.111305125058    0.050128191710    -0.000000000000    0.000000000000    -0.000000000000    0.000000000000    -0.000000000000    0.000000000000
-0.000000058141    1.300373911858    -0.007636284456    0.000248516299    131670.562500000000    132267.812500000000    -70560.539062500000    131670.593750000000    111874.867187500000    0.318239301443    -0.267030268908    0.000082534512    0.000426479412    -0.119705006480    0.015611182898    -0.000000000000    0.000000000000    -0.000000000000    0.000000000000    -0.000000000000    0.000000000000
-0.000000059254    1.300431847572    -0.007782816887    0.000113564762    131444.953125000000    132519.468750000000    -32553.253906250000    131444.968750000000    128458.937500000000    0.380689293146    -0.158311605453    -0.000047635702    0.000431741268    -0.118244335055    -0.019562013447    -0.000000000000    0.000000000000    -0.000000000000    0.000000000000    -0.000000000000    0.000000000000
-0.000000060368    1.300445199013    -0.007929082029    -0.000032966131    131195.375000000000    132782.718750000000    8720.385742187500    131195.390625000000    132496.078125000000    0.409317374229    -0.039707131684    -0.000171638385    0.000399005192    -0.107246838510    -0.052838861942    0.000000000000    0.000000000000    0.000000000000    0.000000000000    0.000000000000    0.000000000000
-0.000000061482    1.300412654877    -0.008075066842    -0.000176763075    130945.929687500000    133033.500000000000    49229.386718750000    130945.929687500000    123589.578125000000    0.404635637999    0.079333879054    -0.000279038359    0.000332877651    -0.087555237114    -0.081862486899    0.000000000000    0.000000000000    0.000000000000    0.000000000000    0.000000000000    0.000000000000
-0.000000062596    1.300337314606    -0.008220787160    -0.000303776615    130721.585937500000    133251.125000000000    85016.789062500000    130721.578125000000    102606.117187500000    0.369082272053    0.190879970789    -0.000361808896    0.000240399764    -0.060493707657    -0.104496575892    0.000000000000    0.000000000000    0.000000000000    0.000000000000    0.000000000000    0.000000000000
-0.000000063710    1.300226330757    -0.008366281167    -0.000401592755    130545.726562500000    133419.671875000000    112585.242187500000    130545.718750000000    71591.765625000000    0.306110024452    0.288382112980    -0.000414593931    0.000129969354    -0.027885114774    -0.118886455894    0.000000000000    0.000000000000    0.000000000000    0.000000000000    0.000000000000    0.000000000000
-0.000000064823    1.300090670586    -0.008511616848    -0.000460645912    130437.703125000000    133527.828125000000    129238.226562500000    130437.695312500000    33573.351562500000    0.219710439444    0.366179943085    -0.000434560730    0.000010433243    0.007931724191    -0.123582035303    0.000000000000    0.000000000000    0.000000000000    0.000000000000    0.000000000000    0.000000000000
-0.000000065937    1.299943447113    -0.008656875230    -0.000475155131    130410.765625000000    133568.031250000000    133343.859375000000    130410.750000000000    -7735.775390625000    0.114628784359    0.419001132250    -0.000421021250    -0.000109415523    0.044134728611    -0.117747187614    0.000000000000    0.000000000000    0.000000000000    0.000000000000    0.000000000000    0.000000000000
-0.000000067051    1.299798607826    -0.008802152239    -0.000443691912    130470.429687500000    133535.812500000000    124495.632812500000    130470.421875000000    -48297.613281250000    -0.003080099821    0.441950827837    -0.000375146512    -0.000221063179    0.077577725053    -0.101388961077    0.000000000000    0.000000000000    0.000000000000    0.000000000000    0.000000000000    0.000000000000
-0.000000068165    1.299670577049    -0.008947542869    -0.000369323447    130613.750000000000    133430.046875000000    103553.781250000000    130613.742187500000    -84143.921875000000    -0.125566706061    0.431027144194    -0.000299846870    -0.000316407357    0.105069369078    -0.075524151325    0.000000000000    0.000000000000    0.000000000000    0.000000000000    0.000000000000    0.000000000000
-0.000000069279    1.299571633339    -0.009093135595    -0.000259316177    130829.203125000000    133254.406250000000    72562.859375000000    130829.203125000000    -111764.828125000000    -0.241747468710    0.383697450161    -0.000199583505    -0.000386780273    0.123742468655    -0.042255271226    0.000000000000    0.000000000000    0.000000000000    0.000000000000    0.000000000000    0.000000000000
-0.000000070392    1.299511551857    -0.009239000268    -0.000124427490    131097.640625000000    133019.531250000000    34552.953125000000    131097.656250000000    -128453.476562500000    -0.341846436262    0.302490770817    -0.000082162449    -0.000426950079    0.131558910012    -0.004604645073    0.000000000000    0.000000000000    0.000000000000    0.000000000000    0.000000000000    0.000000000000
-0.000000071506    1.299495935440    -0.009385181591    0.000022145612    131394.000000000000    132744.531250000000    -6756.338867187500    131394.015625000000    -132572.500000000000    -0.415134996176    0.192387253046    0.000043834567    -0.000432409259    0.127557754517    0.033795695752    0.000000000000    0.000000000000    0.000000000000    0.000000000000    0.000000000000    0.000000000000
-0.000000072620    1.299526214600    -0.009531695396    0.000166058468    131689.531250000000    132456.656250000000    -47320.480468750000    131689.546875000000    -123715.554687500000    -0.452338635921    0.062384083867    0.000168235303    -0.000400891324    0.112066999078    0.069152481854    0.000000000000    0.000000000000    0.000000000000    0.000000000000    0.000000000000    0.000000000000
-0.000000073734    1.299599528313    -0.009678523988    0.000293224060    131954.656250000000    132188.765625000000    -83167.007812500000    131954.687500000000    -102747.820312500000    -0.447546124458    -0.075053408742    0.000279881235    -0.000333254808    0.086684226990    0.098012462258    0.000000000000    0.000000000000    0.000000000000    0.000000000000    0.000000000000    0.000000000000
-0.000000074848    1.299708366394    -0.009825617075    0.000391193316    132161.984375000000    131974.796875000000    -110785.578125000000    132162.015625000000    -71720.984375000000    -0.399708181620    -0.205499261618    0.000367735862    -0.000234080129    0.054048009217    0.117711625993    0.000000000000    0.000000000000    0.000000000000    0.000000000000    0.000000000000    0.000000000000
-0.000000075961    1.299842119217    -0.009972898290    0.000450374384    132289.031250000000    131844.593750000000    -127472.445312500000    132289.062500000000    -33671.515625000000    -0.312825948000    -0.313135921955    0.000420947588    -0.000111550638    0.017459191382    0.126631125808    0.000000000000    0.000000000000    0.000000000000    0.000000000000    0.000000000000    0.000000000000
-0.000000077075    1.299987554550    -0.010120270774    0.000464971061    132320.781250000000    131818.625000000000    -131594.843750000000    132320.812500000000    7677.770507812500    -0.197633594275    -0.387691438198    0.000434494461    0.000021884669    -0.019610159099    0.124405734241    0.000000000000    0.000000000000    0.000000000000    0.000000000000    0.000000000000    0.000000000000
-0.000000078189    1.300130367279    -0.010267620906    0.000433548499    132251.218750000000    131904.515625000000    -122750.000000000000    132251.250000000000    48282.851562500000    -0.067005954683    -0.422577530146    0.000406888488    0.000153037152    -0.053922466934    0.111719071865    -0.000000000000    0.000000000000    -0.000000000000    0.000000000000    -0.000000000000    0.000000000000
-0.000000079303    1.300256371498    -0.010414838791    0.000359171565    132084.343750000000    132095.656250000000    -101803.367187500000    132084.375000000000    84174.429687500000    0.065286383033    -0.416333258152    0.000341203471    0.000269033626    -0.082771942019    0.090095400810    -0.000000000000    0.000000000000    -0.000000000000    0.000000000000    -0.000000000000    0.000000000000
-0.000000080417    1.300353288651    -0.010561822914    0.000249102974    131833.953125000000    132372.421875000000    -70802.625000000000    131833.984375000000    111845.625000000000    0.186685979366    -0.372226983309    0.000244587602    0.000359006837    -0.104129701853    0.061608389020    -0.000000000000    0.000000000000    -0.000000000000    0.000000000000    -0.000000000000    0.000000000000
-0.000000081530    1.300411581993    -0.010708490387    0.000114092232    131522.640625000000    132705.093750000000    -32776.695312500000    131522.656250000000    128593.664062500000    0.287356287241    -0.296993970871    0.000127106789    0.000415355025    -0.116657525301    0.028625413775    -0.000000000000    0.000000000000    -0.000000000000    0.000000000000    -0.000000000000    0.000000000000
-0.000000082644    1.300425171852    -0.010854790919    -0.000032675129    131179.562500000000    133058.500000000000    8560.449218750000    131179.578125000000    132782.859375000000    0.360836356878    -0.199227750301    0.000000258944    0.000434360438    -0.119650848210    -0.006371399388    -0.000000000000    0.000000000000    -0.000000000000    0.000000000000    -0.000000000000    0.000000000000
-0.000000083758    1.300392627716    -0.011000707746    -0.000176865069    130837.984375000000    133396.890625000000    49172.156250000000    130837.984375000000    124003.359375000000    0.403843641281    -0.087821468711    -0.000124548402    0.000416129566    -0.112956888974    -0.040877949446    0.000000000000    0.000000000000    0.000000000000    0.000000000000    0.000000000000    0.000000000000
-0.000000084872    1.300317287445    -0.011146260425    -0.000304393907    130531.835937500000    133688.343750000000    85092.367187500000    130531.828125000000    103110.960937500000    0.415467321873    0.028964437544    -0.000237161963    0.000363956002    -0.096953302622    -0.072404548526    0.000000000000    0.000000000000    0.000000000000    0.000000000000    0.000000000000    0.000000000000
-0.000000085986    1.300206303596    -0.011291505769    -0.000402803067    130292.476562500000    133907.921875000000    112812.125000000000    130292.468750000000    72144.031250000000    0.396267712116    0.143738359213    -0.000329347211    0.000283428701    -0.072587162256    -0.098522752523    0.000000000000    0.000000000000    0.000000000000    0.000000000000    0.000000000000    0.000000000000
-0.000000087099    1.300070166588    -0.011436535046    -0.000462475786    130145.484375000000    134038.703125000000    129621.875000000000    130145.468750000000    34125.507812500000    0.347687244415    0.249686360359    -0.000394993403    0.000181563752    -0.041444025934    -0.116978399456    0.000000000000    0.000000000000    0.000000000000    0.000000000000    0.000000000000    0.000000000000
-0.000000088213    1.299922347069    -0.011581460014    -0.000477577851    130107.859375000000    134071.484375000000    133876.375000000000    130107.843750000000    -7231.125976562500    0.271989881992    0.340082466602    -0.000430001615    0.000066158798    -0.005790587515    -0.125888258219    0.000000000000    0.000000000000    0.000000000000    0.000000000000    0.000000000000    0.000000000000
-0.000000089327    1.299776792526    -0.011726407334    -0.000446629914    130186.187500000000    134003.796875000000    125156.601562500000    130186.179687500000    -47883.707031250000    0.172782421112    0.408013403416    -0.000432081375    -0.000054519558    0.031473420560    -0.124014548957    0.000000000000    0.000000000000    0.000000000000    0.000000000000    0.000000000000    0.000000000000
-0.000000090441    1.299647927284    -0.011871504597    -0.000372655049    130375.695312500000    133838.921875000000    104312.039062500000    130375.687500000000    -83856.195312500000    0.055809818208    0.446487843990    -0.000400546618    -0.000171774620    0.067004904151    -0.111035794020    0.000000000000    0.000000000000    0.000000000000    0.000000000000    0.000000000000    0.000000000000
-0.000000091555    1.299548149109    -0.012016869150    -0.000262885937    130660.351562500000    133586.359375000000    73379.164062500000    130660.351562500000    -111628.039062500000    -0.069819509983    0.449109852314    -0.000336342637    -0.000275987841    0.097338519990    -0.087757065892    0.000000000000    0.000000000000    0.000000000000    0.000000000000    0.000000000000    0.000000000000
-0.000000092668    1.299487113953    -0.012162590399    -0.000128059357    131014.257812500000    133262.796875000000    35383.156250000000    131014.257812500000    -128479.609375000000    -0.194179743528    0.414270758629    -0.000244512456    -0.000359327416    0.119405359030    -0.056155674160    0.000000000000    0.000000000000    0.000000000000    0.000000000000    0.000000000000    0.000000000000
-0.000000093782    1.299470543861    -0.012308729813    0.000018633375    131403.921875000000    132893.296875000000    -5957.705078125000    131403.937500000000    -132759.703125000000    -0.305391579866    0.342195987701    -0.000131074718    -0.000414224574    0.130882695317    -0.019195038825    0.000000000000    0.000000000000    0.000000000000    0.000000000000    0.000000000000    0.000000000000
-0.000000094896    1.299500107765    -0.012455306016    0.000162837809    131791.546875000000    132511.109375000000    -46596.433593750000    131791.562500000000    -124048.250000000000    -0.391349703074    0.237458720803    -0.000004454287    -0.000434572517    0.130571871996    0.019501959905    0.000000000000    0.000000000000    0.000000000000    0.000000000000    0.000000000000    0.000000000000
-0.000000096010    1.299572467804    -0.012602294795    0.000290442462    132138.546875000000    132155.421875000000    -82554.476562500000    132138.578125000000    -103197.937500000000    -0.441661536694    0.109187111259    0.000124760540    -0.000416736759    0.118582084775    0.056123185903    0.000000000000    0.000000000000    0.000000000000    0.000000000000    0.000000000000    0.000000000000
-0.000000097124    1.299680709839    -0.012749630958    0.000388961053    132409.562500000000    131866.890625000000    -110312.179687500000    132409.593750000000    -72250.250000000000    -0.449614554644    -0.029811367393    0.000244654890    -0.000360544771    0.096284799278    0.087169103324    0.000000000000    0.000000000000    0.000000000000    0.000000000000    0.000000000000    0.000000000000
-0.000000098237    1.299813985825    -0.012897212058    0.000448754901    132575.906250000000    131681.968750000000    -127153.937500000000    132575.937500000000    -34234.699218750000    -0.412820935249    -0.163692474365    0.000342299580    -0.000269360258    0.066082686186    0.109850734472    0.000000000000    0.000000000000    0.000000000000    0.000000000000    0.000000000000    0.000000000000
-0.000000099351    1.299959301949    -0.013044911437    0.000463975390    132618.656250000000    131626.906250000000    -131433.703125000000    132618.687500000000    7128.985351562500    -0.336506098509    -0.278190642595    0.000407630403    -0.000152211345    0.031031157821    0.122440420091    0.000000000000    0.000000000000    0.000000000000    0.000000000000    0.000000000000    0.000000000000
-0.000000100465    1.300101995468    -0.013192585669    0.000433134002    132530.812500000000    131713.015625000000    -122735.023437500000    132530.843750000000    47795.683593750000    -0.230188384652    -0.362342298031    0.000434272923    -0.000020846535    -0.005613015965    0.124296046793    0.000000000000    0.000000000000    0.000000000000    0.000000000000    0.000000000000    0.000000000000
-0.000000101579    1.300227999687    -0.013340091333    0.000359245489    132318.140625000000    131934.296875000000    -101910.500000000000    132318.171875000000    83790.867187500000    -0.105947218835    -0.409318953753    0.000419946795    0.000111697693    -0.040751863271    0.115752436221    -0.000000000000    0.000000000000    -0.000000000000    0.000000000000    -0.000000000000    0.000000000000
-0.000000102693    1.300325155258    -0.013487298042    0.000249530596    131998.953125000000    132268.093750000000    -70997.070312500000    131998.984375000000    111598.671875000000    0.023377388716    -0.417112827301    0.000366903696    0.000232616643    -0.071692571044    0.097918137908    -0.000000000000    0.000000000000    -0.000000000000    0.000000000000    -0.000000000000    0.000000000000
-0.000000103806    1.300383448601    -0.013634105213    0.000114708404    131602.546875000000    132678.031250000000    -33015.976562500000    131602.562500000000    128504.500000000000    0.146029606462    -0.388015627861    0.000281382498    0.000330925075    -0.096268266439    0.072452522814    -0.000000000000    0.000000000000    -0.000000000000    0.000000000000    -0.000000000000    0.000000000000
-0.000000104920    1.300397276878    -0.013780443929    -0.000032051648    131166.421875000000    133119.312500000000    8322.680664062500    131166.437500000000    132858.906250000000    0.252665370703    -0.327321350574    0.000172452012    0.000398670381    -0.112843267620    0.041363079101    -0.000000000000    0.000000000000    -0.000000000000    0.000000000000    -0.000000000000    0.000000000000
-0.000000106034    1.300365209579    -0.013926294632    -0.000176415779    130732.867187500000    133544.921875000000    48981.933593750000    130732.867187500000    124237.757812500000    0.336699545383    -0.241897061467    0.000050625793    0.000431421562    -0.120288424194    0.006902404130    -0.000000000000    0.000000000000    -0.000000000000    0.000000000000    -0.000000000000    0.000000000000
-0.000000107148    1.300289869308    -0.014071682468    -0.000304284971    130344.820312500000    133911.578125000000    84991.429687500000    130344.812500000000    103483.218750000000    0.393988251686    -0.139003649354    -0.000073455012    0.000428174622    -0.117974661291    -0.028483001515    -0.000000000000    0.000000000000    -0.000000000000    0.000000000000    -0.000000000000    0.000000000000
-0.000000108262    1.300178885460    -0.014216683805    -0.000403171027    130041.601562500000    134184.578125000000    112834.273437500000    130041.593750000000    72621.859375000000    0.422093451023    -0.025657393038    -0.000190022998    0.000390799891    -0.105816327035    -0.062180824578    0.000000000000    0.000000000000    0.000000000000    0.000000000000    0.000000000000    0.000000000000
-0.000000109376    1.300042748451    -0.014361409470    -0.000463415927    129855.000000000000    134340.359375000000    129790.187500000000    129854.984375000000    34667.683593750000    0.419609636068    0.091295272112    -0.000290693628    0.000323311164    -0.084385611117    -0.091486543417    0.000000000000    0.000000000000    0.000000000000    0.000000000000    0.000000000000    0.000000000000
-0.000000110489    1.299894452095    -0.014506002888    -0.000479136215    129805.859375000000    134367.062500000000    134201.375000000000    129805.843750000000    -6671.174804687500    0.385956585407    0.204732716084    -0.000368601992    0.000231251077    -0.055032461882    -0.113774083555    0.000000000000    0.000000000000    0.000000000000    0.000000000000    0.000000000000    0.000000000000
-0.000000111603    1.299748659134    -0.014650620520    -0.000448799547    129901.914062500000    134263.453125000000    125635.539062500000    129901.906250000000    -47353.945312500000    0.321677863598    0.306859791279    -0.000418379699    0.000121285346    -0.019937966019    -0.126755625010    0.000000000000    0.000000000000    0.000000000000    0.000000000000    0.000000000000    0.000000000000
-0.000000112717    1.299619197845    -0.014795423485    -0.000375376665    130136.617187500000    134037.406250000000    104929.234375000000    130136.609375000000    -83401.968750000000    0.229316979647    0.388549149036    -0.000435617985    0.000001190951    0.017936076969    -0.128812298179    0.000000000000    0.000000000000    0.000000000000    0.000000000000    0.000000000000    0.000000000000
-0.000000113831    1.299518704414    -0.014940557070    -0.000266052957    130489.507812500000    133704.781250000000    74107.359375000000    130489.507812500000    -111288.250000000000    0.114796869457    0.441080510616    -0.000418047042    -0.000119847158    0.055091574788    -0.119332112372    0.000000000000    0.000000000000    0.000000000000    0.000000000000    0.000000000000    0.000000000000
-0.000000114945    1.299456834793    -0.015086133964    -0.000131527020    130928.007812500000    133289.390625000000    36185.765625000000    130928.007812500000    -128283.500000000000    -0.013493642211    0.458648353815    -0.000366868073    -0.000232694525    0.087916381657    -0.098916485906    0.000000000000    0.000000000000    0.000000000000    0.000000000000    0.000000000000    0.000000000000
-0.000000116058    1.299439430237    -0.015232228674    0.000015035846    131410.359375000000    132823.218750000000    -5123.680664062500    131410.375000000000    -132724.375000000000    -0.144543796778    0.436723053455    -0.000284595648    -0.000328030030    0.113099098206    -0.069376461208    0.000000000000    0.000000000000    0.000000000000    0.000000000000    0.000000000000    0.000000000000
-0.000000117172    1.299467921257    -0.015378863551    0.000159292744    131889.687500000000    132346.093750000000    -45776.875000000000    131889.703125000000    -124177.156250000000    -0.265391260386    0.374696552753    -0.000176537840    -0.000396907039    0.128104448318    -0.033576879650    0.000000000000    0.000000000000    0.000000000000    0.000000000000    0.000000000000    0.000000000000
-0.000000118286    1.299539685249    -0.015526007861    0.000287128147    132318.453125000000    131903.421875000000    -81794.312500000000    132318.484375000000    -103480.453125000000    -0.362852513790    0.276797950268    -0.000050948925    -0.000431801600    0.131521075964    0.004927739501    0.000000000000    0.000000000000    0.000000000000    0.000000000000    0.000000000000    0.000000000000
-0.000000119400    1.299647212029    -0.015673581511    0.000386036467    132653.281250000000    131542.046875000000    -109651.546875000000    132653.312500000000    -72662.554687500000    -0.425644457340    0.152145504951    0.000081302278    -0.000427822029    0.123231321573    0.042368739843    0.000000000000    0.000000000000    0.000000000000    0.000000000000    0.000000000000    0.000000000000
-0.000000120514    1.299779891968    -0.015821460634    0.000446345948    132859.312500000000    131304.156250000000    -126624.617187500000    132859.343750000000    -34741.683593750000    -0.445656538010    0.014104992151    0.000207270990    -0.000383234466    0.104345709085    0.075234606862    0.000000000000    0.000000000000    0.000000000000    0.000000000000    0.000000000000    0.000000000000
-0.000000121627    1.299924612045    -0.015969486907    0.000462163967    132913.765625000000    131220.968750000000    -131056.335937500000    132913.796875000000    6570.738281250000    -0.421142071486    -0.121754936874    0.000313737051    -0.000301638938    0.076992057264    0.100703924894    0.000000000000    0.000000000000    0.000000000000    0.000000000000    0.000000000000    0.000000000000
-0.000000122741    1.300067067146    -0.016117483377    0.000431950728    132808.531250000000    131306.968750000000    -122517.132812500000    132808.562500000000    47234.179687500000    -0.356900751591    -0.241686940193    0.000390342728    -0.000191638101    0.043921194971    0.116901107132    0.000000000000    0.000000000000    0.000000000000    0.000000000000    0.000000000000    0.000000000000
-0.000000123855    1.300193071365    -0.016265276819    0.000358666905    132551.093750000000    131556.781250000000    -101845.687500000000    132551.125000000000    83274.492187500000    -0.261296778917    -0.334583729506    0.000429819338    -0.000064282183    0.008124724030    0.122905217111    0.000000000000    0.000000000000    0.000000000000    0.000000000000    0.000000000000    0.000000000000
-0.000000124969    1.300290226936    -0.016412707046    0.000249481032    132164.187500000000    131945.125000000000    -71065.500000000000    132164.218750000000    111171.984375000000    -0.145357117057    -0.393460720778    0.000429145002    0.000067769724    -0.027471564710    0.118676953018    0.000000000000    0.000000000000    0.000000000000    0.000000000000    0.000000000000    0.000000000000
-0.000000126083    1.300348758698    -0.016559652984    0.000115066592    131683.718750000000    132429.796875000000    -33186.125000000000    131683.734375000000    128204.265625000000    -0.020785905421    -0.415717124939    0.000389683730    0.000191971863    -0.060209427029    0.104887276888    -0.000000000000    0.000000000000    -0.000000000000    0.000000000000    -0.000000000000    0.000000000000
-0.000000127196    1.300362825394    -0.016706030816    -0.000031442025    131155.421875000000    132957.328125000000    8091.218750000000    131155.437500000000    132710.906250000000    0.101682439446    -0.402488648891    0.000316606602    0.000297411403    -0.087785542011    0.082747340202    -0.000000000000    0.000000000000    -0.000000000000    0.000000000000    -0.000000000000    0.000000000000
-0.000000128310    1.300330877304    -0.016851818189    -0.000175732566    130630.578125000000    133470.093750000000    48734.800781250000    130630.578125000000    124254.546875000000    0.213258922100    -0.357434153557    0.000217792898    0.000375862495    -0.108265690506    0.053888052702    -0.000000000000    0.000000000000    -0.000000000000    0.000000000000    -0.000000000000    0.000000000000
-0.000000129424    1.300256013870    -0.016997046769    -0.000303712121    130161.015625000000    133913.765625000000    84775.414062500000    130161.007812500000    103663.070312500000    0.307204395533    -0.285562813282    0.000102605707    0.000422172685    -0.120101585984    0.020322341472    -0.000000000000    0.000000000000    -0.000000000000    0.000000000000    -0.000000000000    0.000000000000
-0.000000130538    1.300145149231    -0.017141804099    -0.000402882637    129794.023437500000    134243.562500000000    112693.281250000000    129794.015625000000    72949.062500000000    0.378444641829    -0.192371904850    -0.000019241495    0.000434173708    -0.122186936438    -0.015570446849    -0.000000000000    0.000000000000    -0.000000000000    0.000000000000    -0.000000000000    0.000000000000
-0.000000131652    1.300009131432    -0.017286229879    -0.000463561417    129567.578125000000    134428.453125000000    129761.421875000000    129567.562500000000    35113.957031250000    0.422933548689    -0.083609759808    -0.000138460629    0.000412218971    -0.113983921707    -0.051069177687    0.000000000000    0.000000000000    0.000000000000    0.000000000000    0.000000000000    0.000000000000
-0.000000132765    1.299860835075    -0.017430491745    -0.000479827635    129506.437500000000    134452.796875000000    134312.359375000000    129506.421875000000    -6144.209960937500    0.437279582024    0.034383103251    -0.000246549927    0.000358667108    -0.095702886581    -0.083219215274    0.000000000000    0.000000000000    0.000000000000    0.000000000000    0.000000000000    0.000000000000
-0.000000133879    1.299714803696    -0.017574781552    -0.000450102059    129619.429687500000    134315.609375000000    125901.757812500000    129619.421875000000    -46791.437500000000    0.418866753578    0.154191821814    -0.000335933000    0.000277501764    -0.068453595042    -0.109050847590    0.000000000000    0.000000000000    0.000000000000    0.000000000000    0.000000000000    0.000000000000
-0.000000134993    1.299584865570    -0.017719293013    -0.000377303193    129898.343750000000    134028.843750000000    105353.132812500000    129898.335937500000    -82852.015625000000    0.366266012192    0.265938341618    -0.000399081822    0.000174035900    -0.034334145486    -0.125897914171    0.000000000000    0.000000000000    0.000000000000    0.000000000000    0.000000000000    0.000000000000
-0.000000136107    1.299483895302    -0.017864197493    -0.000268563046    130318.359375000000    133615.093750000000    74678.156250000000    130318.359375000000    -110797.882812500000    0.281881839037    0.360074728727    -0.000431031163    0.000056073848    0.003681439906    -0.131830662489    0.000000000000    0.000000000000    0.000000000000    0.000000000000    0.000000000000    0.000000000000
-0.000000137221    1.299421429634    -0.018009629101    -0.000134530273    130840.328125000000    133106.015625000000    36880.281250000000    130840.328125000000    -127894.734375000000    0.170851767063    0.427533447742    -0.000428913074    -0.000067724730    0.042024176568    -0.125969141722    0.000000000000    0.000000000000    0.000000000000    0.000000000000    0.000000000000    0.000000000000
-0.000000138334    1.299403190613    -0.018155675381    0.000011672177    131414.296875000000    132541.703125000000    -4339.118164062500    131414.312500000000    -132470.671875000000    0.041508764029    0.459752768278    -0.000391331763    -0.000187810758    0.076926156878    -0.108674377203    0.000000000000    0.000000000000    0.000000000000    0.000000000000    0.000000000000    0.000000000000
-0.000000139448    1.299430966377    -0.018302366138    0.000155732530    131984.421875000000    131969.421875000000    -44943.765625000000    131984.437500000000    -124080.578125000000    -0.094462409616    0.451007992029    -0.000319604267    -0.000293872930    0.104919083416    -0.081584416330    0.000000000000    0.000000000000    0.000000000000    0.000000000000    0.000000000000    0.000000000000
-0.000000140562    1.299501538277    -0.018449662253    0.000283552567    132494.250000000000    131441.359375000000    -80958.570312500000    132494.281250000000    -103549.703125000000    -0.223247647285    0.399944484234    -0.000218320216    -0.000375732518    0.123298227787    -0.047417081892    0.000000000000    0.000000000000    0.000000000000    0.000000000000    0.000000000000    0.000000000000
-0.000000141676    1.299608230591    -0.018597468734    0.000382628466    132892.531250000000    131010.226562500000    -108859.632812500000    132892.562500000000    -72892.093750000000    -0.330856740475    0.310414850712    -0.000095487339    -0.000424606464    0.130457907915    -0.009596593678    0.000000000000    0.000000000000    0.000000000000    0.000000000000    0.000000000000    0.000000000000
-0.000000142790    1.299740076065    -0.018745636567    0.000443274505    133138.171875000000    130723.312500000000    -125919.492187500000    133138.203125000000    -35112.132812500000    -0.405026495457    0.191418126225    0.000037818492    -0.000434200221    0.126041501760    0.028208361939    0.000000000000    0.000000000000    0.000000000000    0.000000000000    0.000000000000    0.000000000000
-0.000000143903    1.299884080887    -0.018893979490    0.000459569419    133204.609375000000    130615.820312500000    -130473.703125000000    133204.640625000000    6091.005859375000    -0.436840593815    0.056532159448    0.000167950086    -0.000401642901    0.110872738063    0.062534943223    0.000000000000    0.000000000000    0.000000000000    0.000000000000    0.000000000000    0.000000000000
-0.000000145017    1.300025939941    -0.019042292610    0.000429932581    133082.546875000000    130704.601562500000    -122082.234375000000    133082.578125000000    46686.378906250000    -0.425733208656    -0.079602614045    0.000281972752    -0.000331160263    0.086755804718    0.090568535030    0.000000000000    0.000000000000    0.000000000000    0.000000000000    0.000000000000    0.000000000000
-0.000000146131    1.300151586533    -0.019190367311    0.000357275014    132781.218750000000    130984.421875000000    -101570.953125000000    132781.250000000000    82705.859375000000    -0.374946177006    -0.203435599804    0.000368832960    -0.000229999321    0.056085392833    0.110272988677    0.000000000000    0.000000000000    0.000000000000    0.000000000000    0.000000000000    0.000000000000
-0.000000147245    1.300248384476    -0.019338019192    0.000248711265    132327.656250000000    131427.437500000000    -70949.335937500000    132327.687500000000    110631.648437500000    -0.291811406612    -0.304131001234    0.000420728931    -0.000108570253    0.021547365934    0.120450332761    0.000000000000    0.000000000000    0.000000000000    0.000000000000    0.000000000000    0.000000000000
-0.000000148359    1.300307035446    -0.019485097378    0.000114861024    131764.296875000000    131986.093750000000    -33213.023437500000    131764.312500000000    127738.898437500000    -0.186016589403    -0.374600380659    0.000433925918    0.000021091997    -0.014135992154    0.120662324131    0.000000000000    0.000000000000    0.000000000000    0.000000000000    0.000000000000    0.000000000000
-0.000000149472    1.300321221352    -0.019631516188    -0.000031190059    131145.000000000000    132599.140625000000    7949.277343750000    131145.015625000000    132360.656250000000    -0.067888140678    -0.411559104919    0.000408819033    0.000146921375    -0.048353865743    0.111116819084    -0.000000000000    0.000000000000    -0.000000000000    0.000000000000    -0.000000000000    0.000000000000
-0.000000150586    1.300289630890    -0.019777242094    -0.000175169116    130529.976562500000    133199.343750000000    48515.808593750000    130529.976562500000    124049.523437500000    0.053000040352    -0.414831250906    0.000349363429    0.000258226821    -0.078671969473    0.092559665442    -0.000000000000    0.000000000000    -0.000000000000    0.000000000000    -0.000000000000    0.000000000000
-0.000000151700    1.300214886665    -0.019922312349    -0.000303009932    129979.843750000000    133721.921875000000    84523.906250000000    129979.835937500000    103620.781250000000    0.168429598212    -0.386305660009    0.000262096291    0.000346561079    -0.102864146233    0.066239893436    -0.000000000000    0.000000000000    -0.000000000000    0.000000000000    -0.000000000000    0.000000000000
-0.000000152814    1.300104379654    -0.020066833124    -0.000402226229    129549.750000000000    134112.203125000000    112456.375000000000    129549.742187500000    73072.953125000000    0.271505355835    -0.328983694315    0.000155055983    0.000406071631    -0.118967294693    0.033919844776    -0.000000000000    0.000000000000    -0.000000000000    0.000000000000    -0.000000000000    0.000000000000
-0.000000153928    1.299968481064    -0.020210962743    -0.000463131204    129283.851562500000    134331.234375000000    129584.742187500000    129283.835937500000    35393.226562500000    0.356161117554    -0.246561050415    0.000036915990    0.000433377136    -0.125415846705    -0.002097003162    -0.000000000000    0.000000000000    -0.000000000000    0.000000000000    -0.000000000000    0.000000000000
-0.000000155041    1.299820423126    -0.020354900509    -0.000479784416    129210.710937500000    134358.500000000000    134236.140625000000    129210.695312500000    -5733.586914062500    0.416707694530    -0.143503829837    -0.000083601510    0.000427256164    -0.121234945953    -0.038999505341    0.000000000000    0.000000000000    0.000000000000    0.000000000000    0.000000000000    0.000000000000
-0.000000156155    1.299674391747    -0.020498869941    -0.000450573483    129340.304687500000    134192.312500000000    125957.609375000000    129340.296875000000    -46284.625000000000    0.447754263878    -0.025645747781    -0.000197940739    0.000388344983    -0.106282956898    -0.073609471321    0.000000000000    0.000000000000    0.000000000000    0.000000000000    0.000000000000    0.000000000000
-0.000000157269    1.299544453621    -0.020643092692    -0.000378372846    129662.757812500000    133847.828125000000    105561.468750000000    129662.750000000000    -82292.304687500000    0.443655490875    0.098071366549    -0.000296703220    0.000318247767    -0.081443250179    -0.102626614273    0.000000000000    0.000000000000    0.000000000000    0.000000000000    0.000000000000    0.000000000000
-0.000000158383    1.299443006516    -0.020787768066    -0.000270263467    130148.968750000000    133354.046875000000    75046.515625000000    130148.968750000000    -110233.062500000000    0.403709053993    0.218567475677    -0.000372906594    0.000222826391    -0.048701323569    -0.123125255108    0.000000000000    0.000000000000    0.000000000000    0.000000000000    0.000000000000    0.000000000000
-0.000000159497    1.299379944801    -0.020933059976    -0.000136840114    130753.265625000000    132751.140625000000    37402.738281250000    130753.265625000000    -127373.093750000000    0.328548848629    0.325164705515    -0.000420200493    0.000108510030    -0.010997556150    -0.132872432470    0.000000000000    0.000000000000    0.000000000000    0.000000000000    0.000000000000    0.000000000000
-0.000000160610    1.299361109734    -0.021079063416    0.000008826413    131417.593750000000    132088.203125000000    -3681.546875000000    131417.609375000000    -132036.906250000000    0.222413390875    0.406654208899    -0.000433512585    -0.000016512517    0.028051938862    -0.130709767342    0.000000000000    0.000000000000    0.000000000000    0.000000000000    0.000000000000    0.000000000000
-0.000000161724    1.299387931824    -0.021225808188    0.000152470369    132077.218750000000    131421.203125000000    -44181.625000000000    132077.234375000000    -123772.039062500000    0.093794219196    0.453099310398    -0.000409948378    -0.000142249773    0.064601562917    -0.116779632866    0.000000000000    0.000000000000    0.000000000000    0.000000000000    0.000000000000    0.000000000000
-0.000000162838    1.299457907677    -0.021373253316    0.000280029431    132666.968750000000    130809.789062500000    -80131.523437500000    132667.000000000000    -103393.125000000000    -0.045166850090    0.457729935646    -0.000349667156    -0.000257564272    0.095081314445    -0.092513494194    0.000000000000    0.000000000000    0.000000000000    0.000000000000    0.000000000000    0.000000000000
-0.000000163952    1.299563527107    -0.021521290764    0.000379022618    133127.718750000000    130312.898437500000    -108013.210937500000    133127.750000000000    -72901.273437500000    -0.180039376020    0.418516159058    -0.000256526895    -0.000351203227    0.116657271981    -0.060436695814    0.000000000000    0.000000000000    0.000000000000    0.000000000000    0.000000000000    0.000000000000
-0.000000165066    1.299694538116    -0.021669747308    0.000439771655    133412.296875000000    129982.523437500000    -125101.195312500000    133412.328125000000    -35286.605468750000    -0.296296894550    0.338909804821    -0.000138216768    -0.000413290778    0.127550899982    -0.023784495890    0.000000000000    0.000000000000    0.000000000000    0.000000000000    0.000000000000    0.000000000000
-0.000000166180    1.299837708473    -0.021818405017    0.000456346723    133490.375000000000    129856.921875000000    -129728.828125000000    133490.406250000000    5766.009765625000    -0.379977405071    0.227539926767    -0.000005904927    -0.000435454858    0.127137869596    0.013920376077    0.000000000000    0.000000000000    0.000000000000    0.000000000000    0.000000000000    0.000000000000
-0.000000167293    1.299978852272    -0.021967029199    0.000427143328    133351.546875000000    129954.304687500000    -121449.976562500000    133351.578125000000    46238.730468750000    -0.424400925636    0.097725883126    0.000126758081    -0.000416187948    0.115963004529    0.049359180033    0.000000000000    0.000000000000    0.000000000000    0.000000000000    0.000000000000    0.000000000000
-0.000000168407    1.300103902817    -0.022115383297    0.000355035154    133006.718750000000    130268.656250000000    -101080.796875000000    133006.750000000000    82174.164062500000    -0.427380859852    -0.036704309285    0.000246716954    -0.000357976096    0.095433518291    0.079702608287    0.000000000000    0.000000000000    0.000000000000    0.000000000000    0.000000000000    0.000000000000
-0.000000169521    1.300200343132    -0.022263251245    0.000247089338    132487.203125000000    130769.164062500000    -70618.406250000000    132487.234375000000    110061.867187500000    -0.391294211149    -0.162859275937    0.000342683692    -0.000267256255    0.067553609610    0.102776020765    0.000000000000    0.000000000000    0.000000000000    0.000000000000    0.000000000000    0.000000000000
-0.000000170635    1.300258517265    -0.022410465404    0.000113872069    131841.984375000000    131403.109375000000    -33044.460937500000    131842.000000000000    127180.343750000000    -0.322210252285    -0.270319312811    0.000406437641    -0.000153587811    0.034667663276    0.117096655071    0.000000000000    0.000000000000    0.000000000000    0.000000000000    0.000000000000    0.000000000000
-0.000000171749    1.300272583961    -0.022556917742    -0.000031585740    131132.921875000000    132102.046875000000    7966.563476562500    131132.937500000000    131861.640625000000    -0.228260934353    -0.351918518543    0.000433548994    -0.000028171984    -0.000729531050    0.121815986931    0.000000000000    0.000000000000    0.000000000000    0.000000000000    0.000000000000    0.000000000000
-0.000000172862    1.300240993500    -0.022702578455    -0.000175062509    130429.023437500000    132790.203125000000    48406.093750000000    130429.023437500000    123653.109375000000    -0.118165917695    -0.403614193201    0.000423379417    0.000097621683    -0.036088187248    0.116658523679    -0.000000000000    0.000000000000    -0.000000000000    0.000000000000    -0.000000000000    0.000000000000
-0.000000173976    1.300166487694    -0.022847488523    -0.000302535278    129799.617187500000    133393.312500000000    84322.406250000000    129799.609375000000    103361.085937500000    -0.000256665051    -0.423803478479    0.000378549157    0.000213442676    -0.068852797151    0.101900808513    -0.000000000000    0.000000000000    -0.000000000000    0.000000000000    -0.000000000000    0.000000000000
-0.000000175090    1.300056099892    -0.022991770878    -0.000401549391    129307.609375000000    133847.453125000000    112206.070312500000    129307.601562500000    72972.234375000000    0.117887020111    -0.412449419498    0.000304090849    0.000310717413    -0.096511103213    0.078399285674    -0.000000000000    0.000000000000    -0.000000000000    0.000000000000    -0.000000000000    0.000000000000
-0.000000176204    1.299920558929    -0.023135606200    -0.000462435361    129003.171875000000    134105.640625000000    129332.578125000000    129003.164062500000    35460.042968750000    0.229167819023    -0.370479375124    0.000206593249    0.000382890052    -0.116703085601    0.047665469348    -0.000000000000    0.000000000000    -0.000000000000    0.000000000000    -0.000000000000    0.000000000000
-0.000000177318    1.299772620201    -0.023279223591    -0.000479254290    128918.656250000000    134141.984375000000    134029.015625000000    128918.640625000000    -5505.018554687500    0.326493948698    -0.299744307995    0.000093576768    0.000425344013    -0.127422764897    0.011916752905    -0.000000000000    0.000000000000    -0.000000000000    0.000000000000    -0.000000000000    0.000000000000
-0.000000178431    1.299626708031    -0.023422870785    -0.000450379535    129065.093750000000    133952.890625000000    125838.382812500000    129065.085937500000    -45913.859375000000    0.402089506388    -0.203531607985    -0.000026761394    0.000434882357    -0.127281382680    -0.025958627462    -0.000000000000    0.000000000000    -0.000000000000    0.000000000000    -0.000000000000    0.000000000000
-0.000000179545    1.299496769905    -0.023566808552    -0.000378656841    129430.937500000000    133555.609375000000    105565.484375000000    129430.929687500000    -81810.976562500000    0.447880029678    -0.087947055697    -0.000145144484    0.000409846427    -0.115804888308    -0.062575973570    0.000000000000    0.000000000000    0.000000000000    0.000000000000    0.000000000000    0.000000000000
-0.000000180659    1.299395322800    -0.023711262271    -0.000271126453    129982.812500000000    132985.015625000000    75198.687500000000    129982.812500000000    -109682.171875000000    0.459530889988    0.039109945297    -0.000253001228    0.000352778676    -0.093667186797    -0.094451643527    0.000000000000    0.000000000000    0.000000000000    0.000000000000    0.000000000000    0.000000000000
-0.000000181773    1.299331903458    -0.023856408894    -0.000138333795    130668.539062500000    132289.812500000000    37715.503906250000    130668.539062500000    -126799.601562500000    0.433151781559    0.167489692569    -0.000341890962    0.000266871386    -0.062700480223    -0.118362322450    0.000000000000    0.000000000000    0.000000000000    0.000000000000    0.000000000000    0.000000000000
-0.000000182887    1.299312472343    -0.024002365768    0.000006704155    131422.062500000000    131528.953125000000    -3209.273437500000    131422.078125000000    -131489.812500000000    0.368179261684    0.285162627697    -0.000403896789    0.000157619186    -0.025783065706    -0.131812959909    0.000000000000    0.000000000000    0.000000000000    0.000000000000    0.000000000000    0.000000000000
-0.000000184000    1.299338698387    -0.024149164557    0.000149775413    132169.859375000000    130768.148437500000    -43564.500000000000    132169.875000000000    -123298.187500000000    0.268436849117    0.379593074322    -0.000432395958    0.000033015807    0.013483483344    -0.133410200477    0.000000000000    0.000000000000    0.000000000000    0.000000000000    0.000000000000    0.000000000000
-0.000000185114    1.299407839775    -0.024296756834    0.000276866835    132838.093750000000    130075.710937500000    -79396.664062500000    132838.125000000000    -103033.296875000000    0.142406523228    0.439684927464    -0.000423095131    -0.000096655713    0.051237728447    -0.123063340783    0.000000000000    0.000000000000    0.000000000000    0.000000000000    0.000000000000    0.000000000000
-0.000000186228    1.299512743950    -0.024445019662    0.000375537697    133359.937500000000    129517.421875000000    -107198.046875000000    133359.968750000000    -72686.578125000000    0.002552285790    0.457801878452    -0.000375055301    -0.000219545269    0.083866089582    -0.101979769766    0.000000000000    0.000000000000    0.000000000000    0.000000000000    0.000000000000    0.000000000000
-0.000000187342    1.299642682076    -0.024593757465    0.000436137780    133682.281250000000    129149.968750000000    -124250.359375000000    133682.312500000000    -35235.750000000000    -0.136389583349    0.431309103966    -0.000291398406    -0.000323542947    0.108445808291    -0.072438895702    0.000000000000    0.000000000000    0.000000000000    0.000000000000    0.000000000000    0.000000000000
-0.000000188456    1.299784779549    -0.024742724374    0.000452750246    133771.031250000000    129013.984375000000    -128890.265625000000    133771.062500000000    5648.434570312500    -0.258806347847    0.362818479538    -0.000179186027    -0.000397126423    0.123017266393    -0.037435084581    0.000000000000    0.000000000000    0.000000000000    0.000000000000    0.000000000000    0.000000000000
-0.000000189569    1.299924969673    -0.024891655892    0.000423767604    133614.843750000000    129127.921875000000    -120670.812500000000    133614.875000000000    45962.718750000000    -0.351970046759    0.261139869690    -0.000049838789    -0.000432350527    0.126732319593    -0.000257585198    0.000000000000    0.000000000000    0.000000000000    0.000000000000    0.000000000000    0.000000000000
-0.000000190683    1.300049066544    -0.025040280074    0.000352044677    133226.343750000000    129483.859375000000    -100403.187500000000    133226.375000000000    81763.500000000000    -0.408870667219    0.138536304235    0.000083376617    -0.000426810235    0.119781740010    0.035924118012    0.000000000000    0.000000000000    0.000000000000    0.000000000000    0.000000000000    0.000000000000
-0.000000191797    1.300144791603    -0.025188358501    0.000244615192    132641.171875000000    130047.148437500000    -70075.687500000000    132641.203125000000    109552.078125000000    -0.426503121853    0.007791399956    0.000207559613    -0.000381911348    0.103150486946    0.068302944303    0.000000000000    0.000000000000    0.000000000000    0.000000000000    0.000000000000    0.000000000000
-0.000000192911    1.300202369690    -0.025335699320    0.000112000707    131914.750000000000    130759.578125000000    -32658.156250000000    131914.765625000000    126615.609375000000    -0.406226694584    -0.119089275599    0.000311376585    -0.000303132518    0.078415341675    0.094573132694    0.000000000000    0.000000000000    0.000000000000    0.000000000000    0.000000000000    0.000000000000
-0.000000194025    1.300216078758    -0.025482185185    -0.000032820113    131116.937500000000    131545.953125000000    8188.656250000000    131116.953125000000    131290.859375000000    -0.352599412203    -0.232233524323    0.000386303582    -0.000198963855    0.047548763454    0.112955987453    0.000000000000    0.000000000000    0.000000000000    0.000000000000    0.000000000000    0.000000000000
-0.000000195138    1.300184249878    -0.025627778843    -0.000175680791    130325.460937500000    132322.765625000000    48470.539062500000    130325.460937500000    123125.648437500000    -0.272001504898    -0.324380159378    0.000427215535    -0.000079572128    0.012804687023    0.122186198831    0.000000000000    0.000000000000    0.000000000000    0.000000000000    0.000000000000    0.000000000000
-0.000000196252    1.300109744072    -0.025772528723    -0.000302611617    129618.226562500000    133007.500000000000    84249.445312500000    129618.218750000000    102922.468750000000    -0.171406358480    -0.390660762787    0.000432382600    0.000044538334    -0.023340340704    0.121502511203    0.000000000000    0.000000000000    0.000000000000    0.000000000000    0.000000000000    0.000000000000
-0.000000197366    1.299999475479    -0.025916572660    -0.000401204656    129065.773437500000    133527.921875000000    112027.718750000000    129065.765625000000    72660.187500000000    -0.057797536254    -0.427932113409    0.000402978680    0.000163497258    -0.058219276369    0.110707439482    -0.000000000000    0.000000000000    -0.000000000000    0.000000000000    -0.000000000000    0.000000000000
-0.000000198480    1.299864172935    -0.026060113683    -0.000461826538    128724.203125000000    133829.515625000000    129089.734375000000    128724.195312500000    35301.363281250000    0.061883717775    -0.434142321348    0.000342410989    0.000268661010    -0.089048728347    0.090268895030    -0.000000000000    0.000000000000    -0.000000000000    0.000000000000    -0.000000000000    0.000000000000
-0.000000199594    1.299716591835    -0.026203408837    -0.000478561094    128629.507812500000    133880.718750000000    133767.859375000000    128629.492187500000    -5496.719726562500    0.180304139853    -0.408121407032    0.000255721941    0.000352780597    -0.113097980618    0.061449065804    -0.000000000000    0.000000000000    -0.000000000000    0.000000000000    -0.000000000000    0.000000000000
-0.000000200707    1.299571037292    -0.026346744969    -0.000449788931    128793.703125000000    133675.234375000000    125606.523437500000    128793.695312500000    -45739.218750000000    0.288200467825    -0.349555134773    0.000149040789    0.000409003056    -0.127928495407    0.026379752904    -0.000000000000    0.000000000000    -0.000000000000    0.000000000000    -0.000000000000    0.000000000000
-0.000000201821    1.299441337585    -0.026490403339    -0.000378347147    129203.468750000000    133231.328125000000    105407.890625000000    129203.460937500000    -81484.781250000000    0.377058327198    -0.261499285698    0.000030615221    0.000433358684    -0.131798252463    -0.012008426711    -0.000000000000    0.000000000000    -0.000000000000    0.000000000000    -0.000000000000    0.000000000000
-0.000000202935    1.299339890480    -0.026634637266    -0.000271252153    129821.093750000000    132588.718750000000    75153.992187500000    129821.093750000000    -109232.101562500000    0.439044475555    -0.149112522602    -0.000090959482    0.000424162426    -0.123944669962    -0.050227627158    0.000000000000    0.000000000000    0.000000000000    0.000000000000    0.000000000000    0.000000000000
-0.000000204049    1.299276351929    -0.026779649779    -0.000139012453    130587.906250000000    131804.296875000000    37812.886718750000    130587.906250000000    -126263.859375000000    0.466492593288    -0.020189493895    -0.000206680896    0.000380967715    -0.104784205556    -0.084578007460    0.000000000000    0.000000000000    0.000000000000    0.000000000000    0.000000000000    0.000000000000
-0.000000205163    1.299256801605    -0.026925563812    0.000005401998    131429.859375000000    130947.265625000000    -2952.584960937500    131429.875000000000    -130913.984375000000    0.454049080610    0.114399060607    -0.000307098875    0.000305642694    -0.075987875462    -0.111617118120    0.000000000000    0.000000000000    0.000000000000    0.000000000000    0.000000000000    0.000000000000
-0.000000206276    1.299282670021    -0.027072420344    0.000147832354    132264.734375000000    130094.085937500000    -43144.718750000000    132264.750000000000    -122731.429687500000    0.400219082832    0.241550326347    -0.000382941100    0.000202873096    -0.040331479162    -0.128635466099    0.000000000000    0.000000000000    0.000000000000    0.000000000000    0.000000000000    0.000000000000
-0.000000207390    1.299351215363    -0.027220165357    0.000274320249    133010.062500000000    129322.906250000000    -78823.937500000000    133010.093750000000    -102524.148437500000    0.308392524719    0.347638756037    -0.000426163722    0.000080387021    -0.001343723387    -0.134024754167    0.000000000000    0.000000000000    0.000000000000    0.000000000000    0.000000000000    0.000000000000
-0.000000208504    1.299455285072    -0.027368653566    0.000372476759    133591.484375000000    128707.304687500000    -106495.734375000000    133591.515625000000    -72278.812500000000    0.186978161335    0.420655459166    -0.000431192020    -0.000051328152    0.037163969129    -0.127466827631    0.000000000000    0.000000000000    0.000000000000    0.000000000000    0.000000000000    0.000000000000
-0.000000209618    1.299584388733    -0.027517672628    0.000432695932    133950.000000000000    128309.062500000000    -123453.187500000000    133950.031250000000    -34964.578125000000    0.048447199166    0.452267378569    -0.000396064803    -0.000179947732    0.071588858962    -0.109902232885    0.000000000000    0.000000000000    0.000000000000    0.000000000000    0.000000000000    0.000000000000
-0.000000210732    1.299725651741    -0.027666945010    0.000449093990    134048.031250000000    128170.882812500000    -128041.398437500000    134048.062500000000    5759.507812500000    -0.092350676656    0.439181447029    -0.000323079206    -0.000292628334    0.098950922489    -0.083319231868    0.000000000000    0.000000000000    0.000000000000    0.000000000000    0.000000000000    0.000000000000
-0.000000211845    1.299864768982    -0.027816176414    0.000420081982    133873.281250000000    128310.398437500000    -119818.101562500000    133873.312500000000    45903.988281250000    -0.219201922417    0.383098095655    -0.000218550660    -0.000376573502    0.117127403617    -0.050416115671    0.000000000000    0.000000000000    0.000000000000    0.000000000000    0.000000000000    0.000000000000
-0.000000212959    1.299988150597    -0.027965066954    0.000348517351    133440.218750000000    128716.507812500000    -99595.015625000000    133440.250000000000    81539.992187500000    -0.321137011051    0.293115407228    -0.000094201831    -0.000424704689    0.125044941902    -0.014196678996    0.000000000000    0.000000000000    0.000000000000    0.000000000000    0.000000000000    0.000000000000
-0.000000214073    1.300083041191    -0.028113346547    0.000241420217    132788.921875000000    129349.562500000000    -69356.687500000000    132788.953125000000    109183.148437500000    -0.390233248472    0.179778948426    0.000037576960    -0.000433161680    0.122498802841    0.022349882871    0.000000000000    0.000000000000    0.000000000000    0.000000000000    0.000000000000    0.000000000000
-0.000000215187    1.300140023232    -0.028260808438    0.000109283297    131981.296875000000    130145.210937500000    -32065.164062500000    131981.312500000000    126133.265625000000    -0.422881126404    0.054640762508    0.000164231576    -0.000402442238    0.110026605427    0.056461382657    0.000000000000    0.000000000000    0.000000000000    0.000000000000    0.000000000000    0.000000000000
-0.000000216301    1.300153136253    -0.028407320380    -0.000034956181    131095.187500000000    131021.453125000000    8629.884765625000    131095.203125000000    130736.945312500000    -0.419272780418    -0.071367308497    0.000274555583    -0.000336924597    0.088750779629    0.085707396269    0.000000000000    0.000000000000    0.000000000000    0.000000000000    0.000000000000    0.000000000000
-0.000000217414    1.300120949745    -0.028552839532    -0.000177182155    130216.992187500000    131887.718750000000    48747.566406250000    130216.992187500000    122548.148437500000    -0.382272869349    -0.189015775919    0.000359820580    -0.000243849427    0.060251101851    0.108013965189    0.000000000000    0.000000000000    0.000000000000    0.000000000000    0.000000000000    0.000000000000
-0.000000218528    1.300046205521    -0.028697425500    -0.000303479843    129433.171875000000    132654.406250000000    84364.171875000000    129433.164062500000    102371.296875000000    -0.316322416067    -0.290947973728    0.000414224138    -0.000132151472    0.026526521891    0.121696248651    0.000000000000    0.000000000000    0.000000000000    0.000000000000    0.000000000000    0.000000000000
-0.000000219642    1.299935817719    -0.028841229156    -0.000401495927    128821.773437500000    133242.187500000000    111996.054687500000    128821.765625000000    72182.882812500000    -0.226565510035    -0.371404886246    0.000434892165    -0.000011335876    -0.010028995574    0.125515282154    0.000000000000    0.000000000000    0.000000000000    0.000000000000    0.000000000000    0.000000000000
-0.000000220756    1.299800515175    -0.028984475881    -0.000461646792    128444.703125000000    133589.953125000000    128940.093750000000    128444.695312500000    34938.988281250000    -0.118553899229    -0.425634771585    0.000421477336    0.000109333807    -0.046650923789    0.118801310658    -0.000000000000    0.000000000000    -0.000000000000    0.000000000000    -0.000000000000    0.000000000000
-0.000000221870    1.299653172493    -0.029127454385    -0.000478056783    128341.437500000000    133660.703125000000    133538.578125000000    128341.421875000000    -5713.021484375000    0.001354798675    -0.449488401413    0.000375638192    0.000221159484    -0.080308064818    0.101645499468    -0.000000000000    0.000000000000    -0.000000000000    0.000000000000    -0.000000000000    0.000000000000
