wc / wrf: 0.935595
 t  x  y  z vpar vper vx vy vz re(e1)  im(e1)  re(e2)  im(e2)  re(e3)  im(e3)  re(b1)  im(b1)  re(b2)  im(b2)  re(b3)  im(b3)
-0.000000000223    1.300358653069    -0.000029250352    -0.000296742335    131308.328125000000    131311.671875000000    83705.703125000000    131308.328125000000    101173.703125000000    -0.399348348379    0.111130990088    0.000101019250    -0.000422471319    0.115298204124    0.034916158766    0.000000000000    0.000000000000    0.000000000000    0.000000000000    0.000000000000    0.000000000000
-0.000000001337    1.300249338150    -0.000175501133    -0.000393057126    131306.281250000000    131334.453125000000    110904.984375000000    131306.281250000000    70347.937500000000    -0.419447362423    -0.002958685160    0.000214956905    -0.000377560296    0.101328805089    0.067614778876    0.000000000000    0.000000000000    0.000000000000    0.000000000000    0.000000000000    0.000000000000
-0.000000002450    1.300115585327    -0.000321748812    -0.000450882217    131303.296875000000    131360.984375000000    127244.093750000000    131303.296875000000    32629.046875000000    -0.408996105194    -0.118500016630    0.000311048992    -0.000303582987    0.078420966864    0.095425948501    0.000000000000    0.000000000000    0.000000000000    0.000000000000    0.000000000000    0.000000000000
-0.000000003564    1.299970626831    -0.000467994018    -0.000464549812    131302.265625000000    131380.859375000000    131119.109375000000    131302.265625000000    -8289.716796875000    -0.367908596992    -0.228397995234    0.000382782106    -0.000206520257    0.048065748066    0.115819767118    0.000000000000    0.000000000000    0.000000000000    0.000000000000    0.000000000000    0.000000000000
-0.000000004678    1.299828410149    -0.000614240533    -0.000432717497    131306.156250000000    131385.531250000000    122146.312500000000    131306.156250000000    -48398.789062500000    -0.297299146652    -0.324954092503    0.000425200997    -0.000093411822    0.012564104050    0.126658409834    0.000000000000    0.000000000000    0.000000000000    0.000000000000    0.000000000000    0.000000000000
-0.000000005792    1.299703001976    -0.000760495255    -0.000358502992    131317.375000000000    131370.875000000000    101201.531250000000    131317.375000000000    -83764.945312500000    -0.200259059668    -0.399908751249    0.000434904767    0.000027781305    -0.025062177330    0.126520186663    0.000000000000    0.000000000000    0.000000000000    0.000000000000    0.000000000000    0.000000000000
-0.000000006906    1.299606800079    -0.000906767265    -0.000249181612    131337.296875000000    131338.687500000000    70336.039062500000    131337.296875000000    -110917.523437500000    -0.083002701402    -0.444333225489    0.000409609143    0.000147858402    -0.061301894486    0.114991933107    -0.000000000000    0.000000000000    -0.000000000000    0.000000000000    -0.000000000000    0.000000000000
-0.000000008019    1.299549102783    -0.001053066342    -0.000115475072    131365.828125000000    131295.656250000000    32576.406250000000    131365.843750000000    -127190.132812500000    0.045311018825    -0.452592343092    0.000350755639    0.000257330510    -0.092601388693    0.092889450490    -0.000000000000    0.000000000000    -0.000000000000    0.000000000000    -0.000000000000    0.000000000000
-0.000000009133    1.299535632133    -0.001199401333    0.000029499628    131401.343750000000    131251.031250000000    -8372.382812500000    131401.359375000000    -130983.734375000000    0.173514306545    -0.421515196562    0.000261949579    0.000347133435    -0.115799926221    0.062209710479    -0.000000000000    0.000000000000    -0.000000000000    0.000000000000    -0.000000000000    0.000000000000
-0.000000010247    1.299567580223    -0.001345778466    0.000171517589    131440.593750000000    131213.593750000000    -48491.312500000000    131440.609375000000    -121924.570312500000    0.288711845875    -0.351453572512    0.000149145955    0.000408664608    -0.128564849496    0.025941006839    -0.000000000000    0.000000000000    -0.000000000000    0.000000000000    -0.000000000000    0.000000000000
-0.000000011361    1.299641966820    -0.001492199139    0.000296643062    131479.093750000000    131189.546875000000    -83842.945312500000    131479.125000000000    -100901.210937500000    0.378154933453    -0.247573733330    0.000021154090    0.000434969697    -0.129718631506    -0.012318452820    -0.000000000000    0.000000000000    -0.000000000000    0.000000000000    -0.000000000000    0.000000000000
-0.000000012475    1.299751400948    -0.001638660091    0.000392597751    131511.609375000000    131181.546875000000    -110958.789062500000    131511.640625000000    -69976.726562500000    0.430827319622    -0.119865223765    -0.000110627509    0.000421511475    -0.119363076985    -0.048829313368    0.000000000000    0.000000000000    0.000000000000    0.000000000000    0.000000000000    0.000000000000
-0.000000013588    1.299885153770    -0.001785151311    0.000449965737    131532.812500000000    131189.203125000000    -127179.867187500000    131532.843750000000    -32185.140625000000    0.440029770136    0.017509430647    -0.000232892344    0.000367804110    -0.098819747567    -0.080195330083    0.000000000000    0.000000000000    0.000000000000    0.000000000000    0.000000000000    0.000000000000
-0.000000014702    1.300029993057    -0.001931657782    0.000463116128    131537.984375000000    131210.484375000000    -130917.226562500000    131538.015625000000    8767.465820312500    0.406236052513    0.149842232466    -0.000333498581    0.000279194239    -0.070353358984    -0.103787332773    0.000000000000    0.000000000000    0.000000000000    0.000000000000    0.000000000000    0.000000000000
-0.000000015816    1.300171852112    -0.002078159479    0.000430752989    131523.765625000000    131243.296875000000    -121806.359375000000    131523.796875000000    48867.273437500000    0.334361791611    0.263613551855    -0.000402389735    0.000164303288    -0.036778859794    -0.117902353406    0.000000000000    0.000000000000    0.000000000000    0.000000000000    0.000000000000    0.000000000000
-0.000000016930    1.300296783447    -0.002224633470    0.000356039935    131488.750000000000    131286.437500000000    -100741.234375000000    131488.781250000000    84186.289062500000    0.233481317759    0.348456084728    -0.000433079025    0.000034649674    -0.001096338034    -0.121808558702    0.000000000000    0.000000000000    0.000000000000    0.000000000000    0.000000000000    0.000000000000
-0.000000018044    1.300392508507    -0.002371057170    0.000246287993    131433.937500000000    131340.000000000000    -69785.210937500000    131433.968750000000    111266.437500000000    0.114976070821    0.398276001215    -0.000423423160    -0.000096953139    0.033812046051    -0.115631692111    0.000000000000    0.000000000000    0.000000000000    0.000000000000    0.000000000000    0.000000000000
-0.000000019157    1.300449609756    -0.002517410321    0.000112238362    131362.812500000000    131404.859375000000    -31968.224609375000    131362.828125000000    127456.945312500000    -0.009419530630    0.411348462105    -0.000375629112    -0.000218101923    0.065364763141    -0.100178964436    0.000000000000    0.000000000000    0.000000000000    0.000000000000    0.000000000000    0.000000000000
-0.000000020271    1.300462484360    -0.002663677791    -0.000032989177    131281.187500000000    131481.531250000000    9009.699218750000    131281.203125000000    131172.484375000000    -0.129190355539    0.389569520950    -0.000295580889    -0.000318268139    0.091357365251    -0.076770052314    0.000000000000    0.000000000000    0.000000000000    0.000000000000    0.000000000000    0.000000000000
-0.000000021385    1.300429701805    -0.002809852362    -0.000175179375    131196.812500000000    131568.484375000000    49139.562500000000    131196.828125000000    122047.421875000000    -0.235916763544    0.337206840515    -0.000191695115    -0.000389767869    0.109970822930    -0.047121033072    0.000000000000    0.000000000000    0.000000000000    0.000000000000    0.000000000000    0.000000000000
-0.000000022499    1.300354719162    -0.002955935430    -0.000300411310    131118.578125000000    131660.750000000000    84494.375000000000    131118.578125000000    100971.593750000000    -0.323331445456    0.259675502777    -0.000073643147    -0.000428095052    0.119781158864    -0.013301849365    0.000000000000    0.000000000000    0.000000000000    0.000000000000    0.000000000000    0.000000000000
-0.000000023613    1.300244688988    -0.003101939103    -0.000396419811    131055.578125000000    131749.250000000000    111612.281250000000    131055.570312500000    70004.085937500000    -0.386827796698    0.162767216563    0.000048735183    -0.000431726017    0.119823500514    0.022272353992    0.000000000000    0.000000000000    0.000000000000    0.000000000000    0.000000000000    0.000000000000
-0.000000024726    1.300110220909    -0.003247884568    -0.000453796267    131016.171875000000    131821.484375000000    127835.039062500000    131016.164062500000    32173.183593750000    -0.422836512327    0.052449353039    0.000166178768    -0.000401629892    0.109717369080    0.056877203286    0.000000000000    0.000000000000    0.000000000000    0.000000000000    0.000000000000    0.000000000000
-0.000000025840    1.299964666367    -0.003393802559    -0.000466911588    131006.859375000000    131864.015625000000    131568.843750000000    131006.843750000000    -8818.422851562500    -0.428463518620    -0.064796850085    0.000270351535    -0.000340727420    0.089836128056    0.087596669793    0.000000000000    0.000000000000    0.000000000000    0.000000000000    0.000000000000    0.000000000000
-0.000000026954    1.299822092056    -0.003539728932    -0.000434470712    131031.390625000000    131865.953125000000    122441.984375000000    131031.382812500000    -48955.078125000000    -0.401671171188    -0.181455969810    0.000353929063    -0.000253521110    0.061452947557    0.111554451287    0.000000000000    0.000000000000    0.000000000000    0.000000000000    0.000000000000    0.000000000000
-0.000000028068    1.299696445465    -0.003685701871    -0.000359643309    131090.203125000000    131822.484375000000    101343.320312500000    131090.203125000000    -84301.296875000000    -0.342046588659    -0.288696825504    0.000410638168    -0.000145986356    0.026789374650    0.126253455877    0.000000000000    0.000000000000    0.000000000000    0.000000000000    0.000000000000    0.000000000000
-0.000000029182    1.299600124359    -0.003831757931    -0.000249757082    131180.000000000000    131736.921875000000    70337.039062500000    131180.000000000000    -111388.156250000000    -0.251759231091    -0.375760942698    0.000434674439    -0.000025674388    -0.011085994542    0.129925310612    0.000000000000    0.000000000000    0.000000000000    0.000000000000    0.000000000000    0.000000000000
-0.000000030295    1.299542427063    -0.003977928311    -0.000115581992    131293.828125000000    131620.562500000000    32461.492187500000    131293.843750000000    -127554.796875000000    -0.137039929628    -0.434022873640    0.000423771096    0.000098122298    -0.048583980650    0.121924668550    -0.000000000000    0.000000000000    -0.000000000000    0.000000000000    -0.000000000000    0.000000000000
-0.000000031409    1.299528956413    -0.004124234896    0.000029724817    131421.687500000000    131490.562500000000    -8568.493164062500    131421.703125000000    -131211.109375000000    -0.006891921163    -0.456069588661    0.000377587625    0.000215659296    -0.082009434700    0.102843254805    -0.000000000000    0.000000000000    -0.000000000000    0.000000000000    -0.000000000000    0.000000000000
-0.000000032523    1.299561142921    -0.004270685837    0.000171909822    131551.296875000000    131366.156250000000    -48726.878906250000    131551.312500000000    -121994.921875000000    0.126692295074    -0.437128543854    0.000298199826    0.000316686346    -0.108038268983    0.074510015547    -0.000000000000    0.000000000000    -0.000000000000    0.000000000000    -0.000000000000    0.000000000000
-0.000000033637    1.299635767937    -0.004417275544    0.000297022547    131669.234375000000    131264.984375000000    -84072.625000000000    131669.265625000000    -100808.187500000000    0.249948918819    -0.376906514168    0.000190951250    0.000391338632    -0.124168194830    0.039771094918    -0.000000000000    0.000000000000    -0.000000000000    0.000000000000    -0.000000000000    0.000000000000
-0.000000034751    1.299745321274    -0.004563983530    0.000392785529    131762.531250000000    131200.328125000000    -111137.468750000000    131762.562500000000    -69727.960937500000    0.348867356777    -0.280285090208    0.000064545799    0.000431003893    -0.129026845098    0.002107691020    -0.000000000000    0.000000000000    -0.000000000000    0.000000000000    -0.000000000000    0.000000000000
-0.000000035864    1.299879312515    -0.004710776266    0.000449798943    131819.828125000000    131179.796875000000    -127266.593750000000    131819.859375000000    -31801.707031250000    0.411543756723    -0.157582178712    -0.000069007059    0.000429852080    -0.122485101223    -0.034835226834    -0.000000000000    0.000000000000    -0.000000000000    0.000000000000    -0.000000000000    0.000000000000
-0.000000036978    1.300024271011    -0.004857609514    0.000462461991    131832.859375000000    131205.453125000000    -130878.765625000000    131832.890625000000    9252.790039062500    0.432693123817    -0.022560305893    -0.000196408364    0.000388080662    -0.105595104396    -0.067748494446    0.000000000000    0.000000000000    0.000000000000    0.000000000000    0.000000000000    0.000000000000
-0.000000038092    1.300166130066    -0.005004430190    0.000429520558    131797.500000000000    131274.906250000000    -121620.210937500000    131797.531250000000    49412.796875000000    0.411509722471    0.110414333642    -0.000305018038    0.000309653988    -0.080274552107    -0.093958199024    0.000000000000    0.000000000000    0.000000000000    0.000000000000    0.000000000000    0.000000000000
-0.000000039206    1.300290822983    -0.005151184741    0.000354188029    131714.390625000000    131382.734375000000    -100397.734375000000    131714.421875000000    84745.000000000000    0.352250695229    0.228236660361    -0.000384336978    0.000202604482    -0.048993408680    -0.111610017717    0.000000000000    0.000000000000    0.000000000000    0.000000000000    0.000000000000    0.000000000000
-0.000000040320    1.300386309624    -0.005297822878    0.000243828894    131589.250000000000    131521.609375000000    -69288.484375000000    131589.281250000000    111790.148437500000    0.262975215912    0.320821762085    -0.000427348947    0.000077864694    -0.014450918883    -0.119684100151    0.000000000000    0.000000000000    0.000000000000    0.000000000000    0.000000000000    0.000000000000
-0.000000041433    1.300442814827    -0.005444302689    0.000109236673    131432.421875000000    131683.234375000000    -31335.812500000000    131432.437500000000    127900.515625000000    0.153804093599    0.381965905428    -0.000431199587    -0.000052286883    0.020662201568    -0.117908239365    0.000000000000    0.000000000000    0.000000000000    0.000000000000    0.000000000000    0.000000000000
-0.000000042547    1.300454974174    -0.005590596702    -0.000036422141    131258.109375000000    131858.593750000000    9748.431640625000    131258.125000000000    131497.765625000000    0.035120487213    0.409272611141    -0.000397155149    -0.000175872789    0.053800269961    -0.106622822583    0.000000000000    0.000000000000    0.000000000000    0.000000000000    0.000000000000    0.000000000000
-0.000000043661    1.300421595573    -0.005736694206    -0.000178895294    131083.156250000000    132037.687500000000    49946.105468750000    131083.171875000000    122226.609375000000    -0.083680182695    0.403324872255    -0.000329913630    -0.000282532594    0.082611784339    -0.086684942245    0.000000000000    0.000000000000    0.000000000000    0.000000000000    0.000000000000    0.000000000000
-0.000000044775    1.300345778465    -0.005882604979    -0.000304237765    130925.304687500000    132208.765625000000    85324.546875000000    130925.296875000000    100989.531250000000    -0.194685906172    0.366632938385    -0.000236590626    -0.000364304811    0.104972384870    -0.059439841658    0.000000000000    0.000000000000    0.000000000000    0.000000000000    0.000000000000    0.000000000000
-0.000000045889    1.300234794617    -0.006028357428    -0.000400175195    130801.453125000000    132357.953125000000    112420.132812500000    130801.445312500000    69859.500000000000    -0.291393965483    0.302674055099    -0.000125612351    -0.000415924587    0.119039013982    -0.026725480333    0.000000000000    0.000000000000    0.000000000000    0.000000000000    0.000000000000    0.000000000000
-0.000000047003    1.300099492073    -0.006173997186    -0.000457305374    130725.937500000000    132469.796875000000    128576.835937500000    130725.929687500000    31878.714843750000    -0.368162661791    0.215516030788    -0.000005865280    -0.000434630638    0.123387195170    0.009101893753    0.000000000000    0.000000000000    0.000000000000    0.000000000000    0.000000000000    0.000000000000
-0.000000048116    1.299952983856    -0.006319584791    -0.000470020488    130708.828125000000    132529.015625000000    132206.718750000000    130708.812500000000    -9237.416992187500    -0.419762998819    0.109950348735    0.000113854425    -0.000419818185    0.117207370698    0.045212030411    0.000000000000    0.000000000000    0.000000000000    0.000000000000    0.000000000000    0.000000000000
-0.000000049230    1.299809932709    -0.006465188228    -0.000437059789    130754.664062500000    132523.687500000000    122947.031250000000    130754.656250000000    -49462.734375000000    -0.441317796707    -0.007949113846    0.000225063632    -0.000372718408    0.100531853735    0.078452244401    0.000000000000    0.000000000000    0.000000000000    0.000000000000    0.000000000000    0.000000000000
-0.000000050344    1.299683809280    -0.006610877812    -0.000361637474    130861.812500000000    132448.906250000000    101697.921875000000    130861.804687500000    -84854.296875000000    -0.428932666779    -0.130206793547    0.000319634739    -0.000296329905    0.074422761798    0.105646379292    0.000000000000    0.000000000000    0.000000000000    0.000000000000    0.000000000000    0.000000000000
-0.000000051458    1.299587130547    -0.006756717339    -0.000251131918    131022.257812500000    132309.359375000000    70536.195312500000    131022.257812500000    -111939.351562500000    -0.380294084549    -0.245882511139    0.000389094639    -0.000195263390    0.041011765599    0.123956397176    0.000000000000    0.000000000000    0.000000000000    0.000000000000    0.000000000000    0.000000000000
-0.000000052572    1.299529314041    -0.006902758963    -0.000116365838    131222.171875000000    132120.203125000000    32513.240234375000    131222.187500000000    -128057.179687500000    -0.297866582870    -0.344890147448    0.000427978433    -0.000077261124    0.003343954682    0.131374299526    0.000000000000    0.000000000000    0.000000000000    0.000000000000    0.000000000000    0.000000000000
-0.000000053685    1.299515843391    -0.007049037144    0.000029453104    131443.093750000000    131905.203125000000    -8643.663085937500    131443.109375000000    -131621.703125000000    -0.186903059483    -0.416696250439    0.000431987341    0.000048934347    -0.034943286330    0.126987025142    0.000000000000    0.000000000000    0.000000000000    0.000000000000    0.000000000000    0.000000000000
-0.000000054799    1.299548029900    -0.007195563056    0.000172027518    131663.578125000000    131692.875000000000    -48897.648437500000    131663.593750000000    -122278.507812500000    -0.056556209922    -0.452163159847    0.000398974487    0.000173082502    -0.070069976151    0.111169099808    -0.000000000000    0.000000000000    -0.000000000000    0.000000000000    -0.000000000000    0.000000000000
-0.000000055913    1.299622654915    -0.007342324127    0.000297373452    131861.359375000000    131511.656250000000    -84299.367187500000    131861.390625000000    -100940.234375000000    0.080627873540    -0.445577561855    0.000329951989    0.000284008071    -0.098611138761    0.085553444922    -0.000000000000    0.000000000000    -0.000000000000    0.000000000000    -0.000000000000    0.000000000000
-0.000000057027    1.299732565880    -0.007489283103    0.000393193128    132015.546875000000    131385.562500000000    -111375.531250000000    132015.578125000000    -69696.867187500000    0.209996581078    -0.395956695080    0.000229560421    0.000370507420    -0.117932267487    0.052800133824    -0.000000000000    0.000000000000    -0.000000000000    0.000000000000    -0.000000000000    0.000000000000
-0.000000058141    1.299866676331    -0.007636381313    0.000450081512    132108.828125000000    131330.921875000000    -127470.078125000000    132108.859375000000    -31609.896484375000    0.316212713718    -0.307880222797    0.000106386302    0.000422198937    -0.126472234726    0.016217254102    -0.000000000000    0.000000000000    -0.000000000000    0.000000000000    -0.000000000000    0.000000000000
-0.000000059254    1.300011754036    -0.007783542853    0.000462448399    132129.421875000000    131355.000000000000    -131004.515625000000    132129.453125000000    9589.012695312500    0.389102250338    -0.192052677274    -0.000027171802    0.000434133137    -0.123900495470    -0.020735710859    -0.000000000000    0.000000000000    -0.000000000000    0.000000000000    -0.000000000000    0.000000000000
-0.000000060368    1.300153613091    -0.007930684835    0.000429064938    132072.406250000000    131456.203125000000    -121631.632812500000    132072.437500000000    49864.574218750000    0.422250777483    -0.061367556453    -0.000157931645    0.000404967141    -0.110927596688    -0.054842658341    0.000000000000    0.000000000000    0.000000000000    0.000000000000    0.000000000000    0.000000000000
-0.000000061482    1.300278067589    -0.008077720180    0.000353182579    131940.562500000000    131625.390625000000    -100268.101562500000    131940.593750000000    85273.382812500000    0.414403796196    0.070439927280    -0.000273073150    0.000337945123    -0.089096024632    -0.083425179124    0.000000000000    0.000000000000    0.000000000000    0.000000000000    0.000000000000    0.000000000000
-0.000000062596    1.300373077393    -0.008224572055    0.000242213195    131744.312500000000    131847.906250000000    -69003.351562500000    131744.343750000000    112349.492187500000    0.368980497122    0.190928474069    -0.000361845072    0.000240343594    -0.060484990478    -0.104479998350    0.000000000000    0.000000000000    0.000000000000    0.000000000000    0.000000000000    0.000000000000
-0.000000063710    1.300429224968    -0.008371178061    0.000107003143    131500.968750000000    132105.765625000000    -30894.371093750000    131500.984375000000    128442.484375000000    0.292816996574    0.290401220322    -0.000416785799    0.000122310536    -0.027462217957    -0.116693302989    0.000000000000    0.000000000000    0.000000000000    0.000000000000    0.000000000000    0.000000000000
-0.000000064823    1.300440669060    -0.008517497219    -0.000039227747    131233.171875000000    132379.500000000000    10333.325195312500    131233.187500000000    131975.593750000000    0.194517537951    0.362547725439    -0.000434331683    -0.000004645830    0.007495135069    -0.119376331568    0.000000000000    0.000000000000    0.000000000000    0.000000000000    0.000000000000    0.000000000000
-0.000000065937    1.300406455994    -0.008663515560    -0.000182177930    130966.921875000000    132649.500000000000    50649.164062500000    130966.921875000000    122599.171875000000    0.082945510745    0.404196768999    -0.000414717884    -0.000129153574    0.041886545718    -0.112390398979    0.000000000000    0.000000000000    0.000000000000    0.000000000000    0.000000000000    0.000000000000
-0.000000067051    1.300329685211    -0.008809251711    -0.000307861366    130728.859375000000    132896.453125000000    86110.375000000000    130728.851562500000    101224.882812500000    -0.033683359623    0.414505958557    -0.000361333427    -0.000241122587    0.073224246502    -0.096128009260    0.000000000000    0.000000000000    0.000000000000    0.000000000000    0.000000000000    0.000000000000
-0.000000068165    1.300217747688    -0.008954749443    -0.000403974584    130543.773437500000    133101.484375000000    113246.421875000000    130543.765625000000    69937.562500000000    -0.147999063134    0.394094347954    -0.000279840315    -0.000332382799    0.099087059498    -0.071556828916    0.000000000000    0.000000000000    0.000000000000    0.000000000000    0.000000000000    0.000000000000
-0.000000069279    1.300081491470    -0.009100080468    -0.000461100397    130431.992187500000    133246.531250000000    129398.046875000000    130431.976562500000    31792.937500000000    -0.253226399422    0.344416201115    -0.000177282316    -0.000396909832    0.117227837443    -0.040279448032    0.000000000000    0.000000000000    0.000000000000    0.000000000000    0.000000000000    0.000000000000
-0.000000070392    1.299934148788    -0.009245333262    -0.000473631575    130407.148437500000    133315.453125000000    132978.031250000000    130407.132812500000    -9479.593750000000    -0.342632442713    0.267801225185    -0.000061495070    -0.000430662185    0.125784978271    -0.004585321993    0.000000000000    0.000000000000    0.000000000000    0.000000000000    0.000000000000    0.000000000000
-0.000000071506    1.299789905548    -0.009390609339    -0.000440323085    130474.593750000000    133296.562500000000    123628.054687500000    130474.585937500000    -49840.585937500000    -0.409317940474    0.167917951941    0.000059237773    -0.000431416498    0.123547717929    0.032610870898    0.000000000000    0.000000000000    0.000000000000    0.000000000000    0.000000000000    0.000000000000
-0.000000072620    1.299663066864    -0.009536012076    -0.000364418811    130630.601562500000    133185.781250000000    102256.007812500000    130630.593750000000    -85335.625000000000    -0.446497559547    0.050507083535    0.000176297792    -0.000398693868    0.110230639577    0.067962229252    0.000000000000    0.000000000000    0.000000000000    0.000000000000    0.000000000000    0.000000000000
-0.000000073734    1.299565792084    -0.009681630880    -0.000253338163    130862.406250000000    132989.578125000000    70949.007812500000    130862.406250000000    -112483.210937500000    -0.447514444590    -0.075087353587    0.000279906089    -0.000333239208    0.086679279804    0.098006606102    0.000000000000    0.000000000000    0.000000000000    0.000000000000    0.000000000000    0.000000000000
-0.000000074848    1.299507498741    -0.009827542119    -0.000117952877    131149.187500000000    132726.437500000000    32770.656250000000    131149.203125000000    -128617.242187500000    -0.411059051752    -0.198911309242    0.000362291699    -0.000240326903    0.054908707738    0.119703561068    0.000000000000    0.000000000000    0.000000000000    0.000000000000    0.000000000000    0.000000000000
-0.000000075961    1.299493908882    -0.009973791428    0.000028476670    131464.015625000000    132425.750000000000    -8538.707031250000    131464.031250000000    -132150.187500000000    -0.337529748678    -0.309061825275    0.000415920338    -0.000126081228    0.017907641828    0.130769073963    0.000000000000    0.000000000000    0.000000000000    0.000000000000    0.000000000000    0.000000000000
-0.000000077075    1.299526095390    -0.010120390914    0.000171600885    131776.265625000000    132124.078125000000    -48929.273437500000    131776.281250000000    -122730.179687500000    -0.231716915965    -0.393482238054    0.000434756686    0.000000951375    -0.020692424849    0.130055844784    0.000000000000    0.000000000000    0.000000000000    0.000000000000    0.000000000000    0.000000000000
-0.000000078189    1.299601078033    -0.010267322883    0.000297388673    132054.609375000000    131859.750000000000    -84439.960937500000    132054.640625000000    -101276.289062500000    -0.102898702025    -0.441922932863    0.000415295915    0.000130110158    -0.057090602815    0.117716811597    -0.000000000000    0.000000000000    -0.000000000000    0.000000000000    -0.000000000000    0.000000000000
-0.000000079303    1.299711108208    -0.010414533317    0.000393504219    132270.312500000000    131667.187500000000    -111587.937500000000    132270.343750000000    -69888.304687500000    0.035985901952    -0.447886735201    0.000357528566    0.000249425997    -0.087817139924    0.095166243613    -0.000000000000    0.000000000000    -0.000000000000    0.000000000000    -0.000000000000    0.000000000000
-0.000000080417    1.299845457077    -0.010561937466    0.000450516964    132400.015625000000    131571.812500000000    -127710.789062500000    132400.046875000000    -31640.050781250000    0.168719351292    -0.409021973610    0.000264850969    0.000345666020    -0.110118627548    0.064833544195    -0.000000000000    0.000000000000    -0.000000000000    0.000000000000    -0.000000000000    0.000000000000
-0.000000081530    1.299990892410    -0.010709431022    0.000462825672    132428.328125000000    131587.000000000000    -131227.296875000000    132428.359375000000    9722.906250000000    0.281797915697    -0.331368535757    0.000146886290    0.000409488886    -0.122326597571    0.029774967581    -0.000000000000    0.000000000000    -0.000000000000    0.000000000000    -0.000000000000    0.000000000000
-0.000000082644    1.300132751465    -0.010856895708    0.000429206382    132349.593750000000    131713.031250000000    -121791.593750000000    132349.625000000000    50151.054687500000    0.364204674959    -0.224286645651    0.000015239311    0.000434444519    -0.123832568526    -0.006765063852    -0.000000000000    0.000000000000    -0.000000000000    0.000000000000    -0.000000000000    0.000000000000
-0.000000083758    1.300257563591    -0.011004215106    0.000352930889    132168.671875000000    131937.984375000000    -100325.679687500000    132168.703125000000    85687.734375000000    0.409336745739    -0.099877171218    -0.000117048534    0.000418445765    -0.114994257689    -0.041710153222    0.000000000000    0.000000000000    0.000000000000    0.000000000000    0.000000000000    0.000000000000
-0.000000084872    1.300352573395    -0.011151283048    0.000241445043    131900.765625000000    132240.296875000000    -68927.882812500000    131900.796875000000    112855.843750000000    0.415417701006    0.029020860791    -0.000237198881    0.000363931089    -0.096943616867    -0.072396680713    0.000000000000    0.000000000000    0.000000000000    0.000000000000    0.000000000000    0.000000000000
-0.000000085986    1.300408482552    -0.011298015714    0.000105639883    131570.187500000000    132592.109375000000    -30666.826171875000    131570.203125000000    128996.960937500000    0.384891182184    0.150798276067    -0.000334356329    0.000277277315    -0.071340195835    -0.096680983901    0.000000000000    0.000000000000    0.000000000000    0.000000000000    0.000000000000    0.000000000000
-0.000000087099    1.300419688225    -0.011444358155    -0.000041213192    131208.093750000000    132962.921875000000    10718.625000000000    131208.109375000000    132530.203125000000    0.323144435883    0.256254136562    -0.000400709163    0.000167638165    -0.040191829205    -0.112947948277    0.000000000000    0.000000000000    0.000000000000    0.000000000000    0.000000000000    0.000000000000
-0.000000088213    1.300384879112    -0.011590297334    -0.000184758814    130849.640625000000    133322.531250000000    51184.132812500000    130849.640625000000    123105.992187500000    0.237074434757    0.338949143887    -0.000431976368    0.000045555367    -0.005748201162    -0.120085239410    0.000000000000    0.000000000000    0.000000000000    0.000000000000    0.000000000000    0.000000000000
-0.000000089327    1.300307393074    -0.011735854670    -0.000310959615    130530.507812500000    133643.031250000000    86773.992187500000    130530.500000000000    101640.242187500000    0.133889958262    0.394849240780    -0.000427287130    -0.000078369965    0.029545078054    -0.117471955717    0.000000000000    0.000000000000    0.000000000000    0.000000000000    0.000000000000    0.000000000000
-0.000000090441    1.300194621086    -0.011881093495    -0.000407467509    130283.406250000000    133899.937500000000    114006.734375000000    130283.398437500000    70225.820312500000    0.020582646132    0.421582460403    -0.000388607325    -0.000194418375    0.063075564802    -0.105039931834    0.000000000000    0.000000000000    0.000000000000    0.000000000000    0.000000000000    0.000000000000
-0.000000091555    1.300057530403    -0.012026110664    -0.000464831595    130134.742187500000    134072.484375000000    130215.023437500000    130134.726562500000    31929.416015625000    -0.096025630832    0.417786002159    -0.000320020597    -0.000294267549    0.092140629888    -0.083380654454    0.000000000000    0.000000000000    0.000000000000    0.000000000000    0.000000000000    0.000000000000
-0.000000092668    1.299909234047    -0.012171025388    -0.000477424212    130101.773437500000    134144.296875000000    133807.046875000000    130101.757812500000    -9506.538085937500    -0.208828717470    0.382898062468    -0.000227107244    -0.000371121889    0.114119127393    -0.053865395486    0.000000000000    0.000000000000    0.000000000000    0.000000000000    0.000000000000    0.000000000000
-0.000000093782    1.299764394760    -0.012315972708    -0.000443995115    130190.671875000000    134104.890625000000    124423.710937500000    130190.664062500000    -50028.679687500000    -0.310009568930    0.317506432533    -0.000116564152    -0.000419663265    0.126739010215    -0.018701434135    0.000000000000    0.000000000000    0.000000000000    0.000000000000    0.000000000000    0.000000000000
-0.000000094896    1.299636721611    -0.012461083941    -0.000367798406    130395.648437500000    133952.140625000000    102975.828125000000    130395.640625000000    -85668.914062500000    -0.390657424927    0.224259838462    0.000003810586    -0.000435725262    0.128418236971    0.019131354988    0.000000000000    0.000000000000    0.000000000000    0.000000000000    0.000000000000    0.000000000000
-0.000000096010    1.299538731575    -0.012606480159    -0.000256278348    130699.164062500000    133694.968750000000    71556.953125000000    130699.164062500000    -112933.414062500000    -0.441645741463    0.109143443406    0.000124789512    -0.000416732219    0.118575222790    0.056119747460    0.000000000000    0.000000000000    0.000000000000    0.000000000000    0.000000000000    0.000000000000
-0.000000097124    1.299479842186    -0.012752257288    -0.000120343873    131073.406250000000    133355.281250000000    33240.070312500000    131073.421875000000    -129146.164062500000    -0.457454919815    -0.019286528230    0.000237190980    -0.000364143576    0.097860231996    0.088661283255    0.000000000000    0.000000000000    0.000000000000    0.000000000000    0.000000000000    0.000000000000
-0.000000098237    1.299465894699    -0.012898474000    0.000026697957    131482.890625000000    132967.343750000000    -8222.906250000000    131482.906250000000    -132712.859375000000    -0.433705866337    -0.149911358953    0.000331672549    -0.000280584703    0.068125978112    0.113470077515    0.000000000000    0.000000000000    0.000000000000    0.000000000000    0.000000000000    0.000000000000
-0.000000099351    1.299497961998    -0.013045148924    0.000170445419    131887.750000000000    132574.703125000000    -48769.218750000000    131887.765625000000    -123278.617187500000    -0.369986295700    -0.269734501839    0.000399312965    -0.000171487452    0.032264597714    0.128051772714    0.000000000000    0.000000000000    0.000000000000    0.000000000000    0.000000000000    0.000000000000
-0.000000100465    1.299572706223    -0.013192252256    0.000296814222    132247.625000000000    132224.515625000000    -84424.515625000000    132247.656250000000    -101763.554687500000    -0.270787686110    -0.365609288216    0.000432648347    -0.000045262743    -0.006157886237    0.131051167846    0.000000000000    0.000000000000    0.000000000000    0.000000000000    0.000000000000    0.000000000000
-0.000000101579    1.299682855606    -0.013339714147    0.000393418624    132525.750000000000    131960.890625000000    -111693.515625000000    132525.781250000000    -70272.546875000000    -0.145396023989    -0.426414430141    0.000426929997    0.000087128101    -0.043385226279    0.122395098209    -0.000000000000    0.000000000000    -0.000000000000    0.000000000000    -0.000000000000    0.000000000000
-0.000000102693    1.299817442894    -0.013487426564    0.000450786058    132692.703125000000    131818.406250000000    -127903.226562500000    132692.734375000000    -31888.152343750000    -0.007617786527    -0.443856090307    0.000380274840    0.000212379979    -0.075927019119    0.103239521384    -0.000000000000    0.000000000000    -0.000000000000    0.000000000000    -0.000000000000    0.000000000000
-0.000000103806    1.299963116646    -0.013635253534    0.000463284698    132729.406250000000    131817.125000000000    -131464.718750000000    132729.437500000000    9632.403320312500    0.127401530743    -0.417401671410    0.000297242019    0.000317755941    -0.101023018360    0.075738556683    -0.000000000000    0.000000000000    -0.000000000000    0.000000000000    -0.000000000000    0.000000000000
-0.000000104920    1.300105571747    -0.013783044182    0.000429674139    132629.375000000000    131960.156250000000    -122027.984375000000    132629.406250000000    50226.019531250000    0.245908141136    -0.351637214422    0.000186229910    0.000392860500    -0.116834796965    0.042645227164    -0.000000000000    0.000000000000    -0.000000000000    0.000000000000    -0.000000000000    0.000000000000
-0.000000106034    1.300230622292    -0.013930650428    0.000353225332    132399.546875000000    132233.812500000000    -100514.921875000000    132399.578125000000    85921.648437500000    0.337001651525    -0.255104213953    0.000058409685    0.000430600194    -0.122482642531    0.006939448416    -0.000000000000    0.000000000000    -0.000000000000    0.000000000000    -0.000000000000    0.000000000000
-0.000000107148    1.300325870514    -0.014077937230    0.000241399292    132059.890625000000    132610.421875000000    -69027.945312500000    132059.921875000000    113228.390625000000    0.393950194120    -0.138887584209    -0.000073526091    0.000428161060    -0.117955140769    -0.028477452695    -0.000000000000    0.000000000000    -0.000000000000    0.000000000000    -0.000000000000    0.000000000000
-0.000000108262    1.300381898880    -0.014224799350    0.000105116524    131641.687500000000    133052.625000000000    -30643.468750000000    131641.703125000000    129475.796875000000    0.414377599955    -0.014634706080    -0.000197083951    0.000387099426    -0.103935755789    -0.060972854495    0.000000000000    0.000000000000    0.000000000000    0.000000000000    0.000000000000    0.000000000000
-0.000000109376    1.300392985344    -0.014371169731    -0.000042310101    131184.625000000000    133518.515625000000    10888.799804687500    131184.640625000000    133073.781250000000    0.399583160877    0.107036091387    -0.000301458233    0.000312733348    -0.081640616059    -0.088266305625    0.000000000000    0.000000000000    0.000000000000    0.000000000000    0.000000000000    0.000000000000
-0.000000110489    1.300357937813    -0.014517029747    -0.000186475503    130733.156250000000    133966.546875000000    51511.664062500000    130733.156250000000    123667.234375000000    0.353344947100    0.217464953661    -0.000378550438    0.000213050109    -0.052703768015    -0.108444981277    0.000000000000    0.000000000000    0.000000000000    0.000000000000    0.000000000000    0.000000000000
-0.000000111603    1.300280094147    -0.014662411064    -0.000313288707    130332.007812500000    134359.234375000000    87255.734375000000    130332.000000000000    102170.687500000000    0.280668765306    0.310077160597    -0.000423371966    0.000097430078    -0.019133187830    -0.119969844818    0.000000000000    0.000000000000    0.000000000000    0.000000000000    0.000000000000    0.000000000000
-0.000000112717    1.300166726112    -0.014807391912    -0.000410348817    130021.914062500000    134665.546875000000    114626.281250000000    130021.906250000000    70679.796875000000    0.187040865421    0.379897624254    -0.000433879410    -0.000024424473    0.016689350829    -0.121747918427    0.000000000000    0.000000000000    0.000000000000    0.000000000000    0.000000000000    0.000000000000
-0.000000113831    1.300028800964    -0.014952094294    -0.000468157436    129835.414062500000    134861.500000000000    130944.296875000000    129835.398437500000    32267.968750000000    0.078178465366    0.422944694757    -0.000410526147    -0.000143269164    0.052039496601    -0.113255903125    0.000000000000    0.000000000000    0.000000000000    0.000000000000    0.000000000000    0.000000000000
-0.000000114945    1.299879789352    -0.015096667223    -0.000481048832    129793.468750000000    134930.531250000000    134608.828125000000    129793.453125000000    -9312.418945312500    -0.039611160755    0.435848325491    -0.000355733559    -0.000250667188    0.083958834410    -0.094721481204    0.000000000000    0.000000000000    0.000000000000    0.000000000000    0.000000000000    0.000000000000
-0.000000116058    1.299733757973    -0.015241279267    -0.000447747152    129903.164062500000    134864.125000000000    125254.828125000000    129903.156250000000    -49995.664062500000    -0.158871307969    0.416050195694    -0.000273547979    -0.000339071790    0.109486304224    -0.067285463214    0.000000000000    0.000000000000    0.000000000000    0.000000000000    0.000000000000    0.000000000000
-0.000000117172    1.299605131149    -0.015386094339    -0.000371495466    130156.679687500000    134663.109375000000    103790.765625000000    130156.671875000000    -85799.976562500000    -0.269967556000    0.362247556448    -0.000169369247    -0.000401235797    0.125971376896    -0.033067844808    0.000000000000    0.000000000000    0.000000000000    0.000000000000    0.000000000000    0.000000000000
-0.000000118286    1.299506187439    -0.015531263314    -0.000259742461    130531.757812500000    134339.843750000000    72311.617187500000    130531.757812500000    -113217.617187500000    -0.362856835127    0.276723772287    -0.000050903458    -0.000431813154    0.131508827209    0.004927001894    0.000000000000    0.000000000000    0.000000000000    0.000000000000    0.000000000000    0.000000000000
-0.000000119400    1.299446582794    -0.015676900744    -0.000123416714    130993.648437500000    133920.015625000000    33895.398437500000    130993.648437500000    -129559.546875000000    -0.428703427315    0.164889082313    0.000073036012    -0.000428190979    0.125264123082    0.043119065464    0.000000000000    0.000000000000    0.000000000000    0.000000000000    0.000000000000    0.000000000000
-0.000000120514    1.299431920052    -0.015823081136    0.000024141671    131498.265625000000    133442.625000000000    -7697.739257812500    131498.281250000000    -133220.437500000000    -0.459031343460    0.035228207707    0.000192844163    -0.000389059511    0.107646092772    0.077746607363    0.000000000000    0.000000000000    0.000000000000    0.000000000000    0.000000000000    0.000000000000
-0.000000121627    1.299463391304    -0.015969825909    0.000168487211    131996.468750000000    132957.375000000000    -48394.175781250000    131996.484375000000    -123837.257812500000    -0.448270529509    -0.100456520915    0.000298178347    -0.000315853191    0.080335468054    0.105365350842    0.000000000000    0.000000000000    0.000000000000    0.000000000000    0.000000000000    0.000000000000
-0.000000122741    1.299537897110    -0.016117099673    0.000295484642    132438.765625000000    132519.187500000000    -84206.890625000000    132438.796875000000    -102325.625000000000    -0.395291686058    -0.228284105659    0.000378859404    -0.000213310166    0.046082988381    0.123313091695    0.000000000000    0.000000000000    0.000000000000    0.000000000000    0.000000000000    0.000000000000
-0.000000123855    1.299647808075    -0.016264813021    0.000392694608    132780.359375000000    132181.062500000000    -111627.125000000000    132780.390625000000    -70789.937500000000    -0.304233491421    -0.334296733141    0.000426159910    -0.000089615642    0.008325979114    0.130042105913    0.000000000000    0.000000000000    0.000000000000    0.000000000000    0.000000000000    0.000000000000
-0.000000124969    1.299782395363    -0.016412833706    0.000450592488    132985.609375000000    131986.250000000000    -127968.812500000000    132985.640625000000    -32316.425781250000    -0.184387028217    -0.405843675137    0.000433469802    0.000043897635    -0.029269330204    0.125237196684    0.000000000000    0.000000000000    0.000000000000    0.000000000000    0.000000000000    0.000000000000
-0.000000126083    1.299928188324    -0.016560994089    0.000463500968    133031.718750000000    131961.781250000000    -131631.531250000000    133031.750000000000    9330.154296875000    -0.049494609237    -0.435406327248    0.000399082550    0.000173612338    -0.063288070261    0.109782561660    -0.000000000000    0.000000000000    -0.000000000000    0.000000000000    -0.000000000000    0.000000000000
-0.000000127196    1.300070643425    -0.016709113494    0.000430144195    132911.281250000000    132114.312500000000    -122256.257812500000    132911.312500000000    50075.882812500000    0.085879832506    -0.422202169895    0.000326995883    0.000286634197    -0.090953424573    0.085500530899    -0.000000000000    0.000000000000    -0.000000000000    0.000000000000    -0.000000000000    0.000000000000
-0.000000128310    1.300195813179    -0.016857009381    0.000353771262    132633.218750000000    132429.406250000000    -100759.382812500000    132633.250000000000    85936.570312500000    0.208322793245    -0.369728446007    0.000224644173    0.000372031995    -0.110273808241    0.054788555950    -0.000000000000    0.000000000000    -0.000000000000    0.000000000000    -0.000000000000    0.000000000000
-0.000000129424    1.300291299820    -0.017004517838    0.000241836635    132222.218750000000    132874.218750000000    -69241.750000000000    132222.250000000000    113406.960937500000    0.307210981846    -0.285487949848    0.000102562211    0.000422182231    -0.120089195669    0.020320758224    -0.000000000000    0.000000000000    -0.000000000000    0.000000000000    -0.000000000000    0.000000000000
-0.000000130538    1.300347566605    -0.017151512206    0.000105270461    131716.515625000000    133402.468750000000    -30782.472656250000    131716.531250000000    129802.375000000000    0.375701397657    -0.179247632623    -0.000027161324    0.000433554262    -0.119990348816    -0.015201741830    -0.000000000000    0.000000000000    -0.000000000000    0.000000000000    -0.000000000000    0.000000000000
-0.000000131652    1.300358772278    -0.017297912389    -0.000042589654    131164.328125000000    133960.968750000000    10862.127929687500    131164.343750000000    133519.890625000000    0.410748958588    -0.061305046082    -0.000152489316    0.000406745792    -0.110201165080    -0.049193933606    0.000000000000    0.000000000000    0.000000000000    0.000000000000    0.000000000000    0.000000000000
-0.000000132765    1.300323724747    -0.017443696037    -0.000187300888    130619.343750000000    134496.531250000000    51624.949218750000    130619.343750000000    124194.140625000000    0.412348240614    0.058893717825    -0.000262838963    0.000345870241    -0.091469824314    -0.079242721200    0.000000000000    0.000000000000    0.000000000000    0.000000000000    0.000000000000    0.000000000000
-0.000000133879    1.300245523453    -0.017588904127    -0.000314724952    130135.429687500000    134961.218750000000    87524.359375000000    130135.421875000000    102732.781250000000    0.382494807243    0.173264622688    -0.000349891867    0.000257570704    -0.065047614276    -0.103139452636    0.000000000000    0.000000000000    0.000000000000    0.000000000000    0.000000000000    0.000000000000
-0.000000134993    1.300131678581    -0.017733626068    -0.000412408262    129761.351562500000    135316.312500000000    115052.171875000000    129761.343750000000    71228.562500000000    0.324209034443    0.275056600571    -0.000407944026    0.000149922300    -0.032696146518    -0.118930958211    0.000000000000    0.000000000000    0.000000000000    0.000000000000    0.000000000000    0.000000000000
-0.000000136107    1.299993157387    -0.017878016457    -0.000470798608    129535.914062500000    135533.750000000000    131515.921875000000    129535.898437500000    32756.191406250000    0.241168648005    0.358297526836    -0.000433737820    0.000031591342    0.003276057541    -0.125061392784    0.000000000000    0.000000000000    0.000000000000    0.000000000000    0.000000000000    0.000000000000
-0.000000137221    1.299843430519    -0.018022248521    -0.000484180229    129483.882812500000    135596.453125000000    135302.328125000000    129483.867187500000    -8926.662109375000    0.137819766998    0.417350858450    -0.000426145911    -0.000088733716    0.040051326156    -0.120571099222    0.000000000000    0.000000000000    0.000000000000    0.000000000000    0.000000000000    0.000000000000
-0.000000138334    1.299696803093    -0.018166523427    -0.000451235304    129613.312500000000    135498.015625000000    126036.140625000000    129613.304687500000    -49745.460937500000    0.019999042153    0.446851134300    -0.000385872176    -0.000202533294    0.074445247650    -0.105340361595    0.000000000000    0.000000000000    0.000000000000    0.000000000000    0.000000000000    0.000000000000
-0.000000139448    1.299567341805    -0.018311042339    -0.000375176198    129914.484375000000    135243.140625000000    104618.593750000000    129914.476562500000    -85706.867187500000    -0.103525772691    0.441413521767    -0.000314742909    -0.000300641113    0.103167347610    -0.080283097923    0.000000000000    0.000000000000    0.000000000000    0.000000000000    0.000000000000    0.000000000000
-0.000000140562    1.299467563629    -0.018455978483    -0.000263434980    130360.460937500000    134848.609375000000    73140.796875000000    130360.460937500000    -113289.796875000000    -0.223260104656    0.399919569492    -0.000218306246    -0.000375743228    0.123293906450    -0.047415532172    0.000000000000    0.000000000000    0.000000000000    0.000000000000    0.000000000000    0.000000000000
-0.000000141676    1.299407124519    -0.018601471558    -0.000126938830    130909.585937500000    134344.718750000000    34680.605468750000    130909.585937500000    -129791.218750000000    -0.328643500805    0.323379278183    -0.000103258673    -0.000421680772    0.132629603148    -0.009707599878    0.000000000000    0.000000000000    0.000000000000    0.000000000000    0.000000000000    0.000000000000
-0.000000142790    1.299391627312    -0.018747610971    0.000020958014    131509.250000000000    133775.359375000000    -6998.292968750000    131509.265625000000    -133592.203125000000    -0.408475607634    0.216206401587    0.000022124557    -0.000433431531    0.130062609911    0.029209591448    0.000000000000    0.000000000000    0.000000000000    0.000000000000    0.000000000000    0.000000000000
-0.000000143903    1.299422383308    -0.018894420937    0.000165781574    132101.046875000000    133196.093750000000    -47815.238281250000    132101.062500000000    -124317.757812500000    -0.452911674976    0.087057828903    0.000147780200    -0.000408193853    0.115783445537    0.065495498478    0.000000000000    0.000000000000    0.000000000000    0.000000000000    0.000000000000    0.000000000000
-0.000000145017    1.299496412277    -0.019041856751    0.000293356105    132626.328125000000    132668.781250000000    -83773.140625000000    132626.359375000000    -102874.031250000000    -0.455351412296    -0.051774278283    0.000262511458    -0.000346259068    0.091270774603    0.095603108406    0.000000000000    0.000000000000    0.000000000000    0.000000000000    0.000000000000    0.000000000000
-0.000000146131    1.299606084824    -0.019189817831    0.000391193113    133032.234375000000    132254.312500000000    -111350.953125000000    133032.265625000000    -71359.421875000000    -0.414026468992    -0.185775846243    0.000355049619    -0.000251658581    0.059085246176    0.116745591164    0.000000000000    0.000000000000    0.000000000000    0.000000000000    0.000000000000    0.000000000000
-0.000000147245    1.299740433693    -0.019338143989    0.000449714396    133276.828125000000    132003.984375000000    -127849.078125000000    133276.859375000000    -32858.175781250000    -0.332573711872    -0.300146192312    0.000415304326    -0.000132222398    0.022477898747    0.127190083265    0.000000000000    0.000000000000    0.000000000000    0.000000000000    0.000000000000    0.000000000000
-0.000000148359    1.299886107445    -0.019486637786    0.000463189004    133333.500000000000    131951.515625000000    -131653.546875000000    133333.531250000000    8862.712890625000    -0.220176920295    -0.381399840117    0.000435337919    0.000000503751    -0.015039110556    0.126377433538    0.000000000000    0.000000000000    0.000000000000    0.000000000000    0.000000000000    0.000000000000
-0.000000149472    1.300028562546    -0.019635085016    0.000430292363    133193.843750000000    132107.593750000000    -122392.937500000000    133193.875000000000    49723.046875000000    -0.090209051967    -0.423476397991    0.000414133916    0.000132903369    -0.050184641033    0.114900492132    -0.000000000000    0.000000000000    -0.000000000000    0.000000000000    -0.000000000000    0.000000000000
-0.000000150586    1.300154089928    -0.019783271477    0.000354233925    132868.656250000000    132457.781250000000    -100973.468750000000    132868.687500000000    85728.765625000000    0.043595574796    -0.424215674400    0.000354166812    0.000251990597    -0.080167584121    0.094182640314    -0.000000000000    0.000000000000    -0.000000000000    0.000000000000    -0.000000000000    0.000000000000
-0.000000151700    1.300249814987    -0.019931005314    0.000242441049    132387.234375000000    132965.015625000000    -69489.132812500000    132387.265625000000    113362.046875000000    0.168451815844    -0.386264264584    0.000262073620    0.000346577261    -0.102857425809    0.066235944629    -0.000000000000    0.000000000000    -0.000000000000    0.000000000000    -0.000000000000    0.000000000000
-0.000000152814    1.300306200981    -0.020078137517    0.000105831801    131794.687500000000    133574.906250000000    -31016.080078125000    131794.703125000000    129924.054687500000    0.274139732122    -0.315894633532    0.000147563580    0.000408609689    -0.116812057793    0.033396162093    -0.000000000000    0.000000000000    -0.000000000000    0.000000000000    -0.000000000000    0.000000000000
-0.000000153928    1.300317645073    -0.020224571228    -0.000042252286    131147.718750000000    134223.609375000000    10688.116210937500    131147.734375000000    133797.406250000000    0.353745877743    -0.221297979355    0.000021887747    0.000433868583    -0.121206544340    -0.001862883568    -0.000000000000    0.000000000000    -0.000000000000    0.000000000000    -0.000000000000    0.000000000000
-0.000000155041    1.300282716751    -0.020370284095    -0.000187348764    130509.234375000000    134846.125000000000    51551.007812500000    130509.234375000000    124603.273437500000    0.403457939625    -0.111200504005    -0.000103586346    0.000421913282    -0.115785509348    -0.037013463676    0.000000000000    0.000000000000    0.000000000000    0.000000000000    0.000000000000    0.000000000000
-0.000000156155    1.300204396248    -0.020515320823    -0.000315285812    129942.203125000000    135383.562500000000    87582.117187500000    129942.195312500000    103238.007812500000    0.421858876944    0.006170310080    -0.000218595640    0.000375534146    -0.100830912590    -0.069521181285    0.000000000000    0.000000000000    0.000000000000    0.000000000000    0.000000000000    0.000000000000
-0.000000157269    1.300090432167    -0.020659793168    -0.000413565314    129503.492187500000    135788.515625000000    115261.757812500000    129503.484375000000    71786.203125000000    0.409011870623    0.123376883566    -0.000314696634    0.000299872656    -0.077199801803    -0.096887618303    0.000000000000    0.000000000000    0.000000000000    0.000000000000    0.000000000000    0.000000000000
-0.000000158383    1.299951791763    -0.020803868771    -0.000472583721    129238.187500000000    136027.875000000000    131884.375000000000    129238.171875000000    33318.203125000000    0.365870922804    0.233446091413    -0.000385467603    0.000201564544    -0.046406865120    -0.116761259735    0.000000000000    0.000000000000    0.000000000000    0.000000000000    0.000000000000    0.000000000000
-0.000000159497    1.299801588058    -0.020947758108    -0.000486571284    129174.929687500000    136083.125000000000    135823.125000000000    129174.914062500000    -8408.544921875000    0.294292509556    0.329363048077    -0.000426403451    0.000088141911    -0.010678417981    -0.127147465944    0.000000000000    0.000000000000    0.000000000000    0.000000000000    0.000000000000    0.000000000000
-0.000000160610    1.299654364586    -0.021091694012    -0.000454158057    129322.851562500000    135949.890625000000    126689.953125000000    129322.843750000000    -49315.671875000000    0.197520285845    0.403772056103    -0.000434709364    -0.000032288997    0.027094129473    -0.126678720117    0.000000000000    0.000000000000    0.000000000000    0.000000000000    0.000000000000    0.000000000000
-0.000000161724    1.299524068832    -0.021235909313    -0.000378510886    129670.414062500000    135637.093750000000    105374.945312500000    129670.406250000000    -85402.281250000000    0.081702440977    0.447855442762    -0.000408146938    -0.000150373846    0.063505195081    -0.114896379411    0.000000000000    0.000000000000    0.000000000000    0.000000000000    0.000000000000    0.000000000000
-0.000000162838    1.299423336983    -0.021380608901    -0.000267026451    130186.140625000000    135166.859375000000    73960.656250000000    130186.140625000000    -113136.687500000000    -0.045159786940    0.457735985518    -0.000349670008    -0.000257559150    0.095082432032    -0.092514544725    0.000000000000    0.000000000000    0.000000000000    0.000000000000    0.000000000000    0.000000000000
-0.000000163952    1.299361944199    -0.021525956690    -0.000130609638    130821.562500000000    134575.093750000000    35519.515625000000    130821.562500000000    -129803.015625000000    -0.172880440950    0.429593324661    -0.000262535585    -0.000345437904    0.118615373969    -0.061396475881    0.000000000000    0.000000000000    0.000000000000    0.000000000000    0.000000000000    0.000000000000
-0.000000165066    1.299345493317    -0.021672051400    0.000017392589    131515.609375000000    133911.328125000000    -6186.566406250000    131515.625000000000    -133768.359375000000    -0.289370656013    0.363012313843    -0.000152327673    -0.000406108593    0.131643101573    -0.024452507496    0.000000000000    0.000000000000    0.000000000000    0.000000000000    0.000000000000    0.000000000000
-0.000000166180    1.299375414848    -0.021818919107    0.000162497716    132200.671875000000    133236.937500000000    -47074.875000000000    132200.687500000000    -124643.640625000000    -0.382105976343    0.261995315552    -0.000027137437    -0.000433002744    0.132816791534    0.014699088410    0.000000000000    0.000000000000    0.000000000000    0.000000000000    0.000000000000    0.000000000000
-0.000000167293    1.299448370934    -0.021966513246    0.000290506403    132809.000000000000    132620.343750000000    -83142.523437500000    132809.031250000000    -103322.179687500000    -0.440090358257    0.135243594646    0.000102640952    -0.000421922421    0.122101537883    0.052202112973    0.000000000000    0.000000000000    0.000000000000    0.000000000000    0.000000000000    0.000000000000
-0.000000168407    1.299557447433    -0.022114716470    0.000388893357    133279.625000000000    132129.515625000000    -110859.312500000000    133279.656250000000    -71891.726562500000    -0.455869913101    -0.004647552967    0.000225103911    -0.000372074312    0.100747376680    0.084465861320    0.000000000000    0.000000000000    0.000000000000    0.000000000000    0.000000000000    0.000000000000
-0.000000169521    1.299691319466    -0.022263340652    0.000448033476    133564.328125000000    131822.921875000000    -127513.812500000000    133564.359375000000    -33429.121093750000    -0.427068471909    -0.142845243216    0.000328113267    -0.000286760333    0.071071133018    0.108610227704    0.000000000000    0.000000000000    0.000000000000    0.000000000000    0.000000000000    0.000000000000
-0.000000170635    1.299836754799    -0.022412164137    0.000462142780    133632.625000000000    131740.437500000000    -131478.578125000000    133632.656250000000    8302.152343750000    -0.356362164021    -0.263104677200    0.000399615034    -0.000173111155    0.036090664566    0.122717842460    0.000000000000    0.000000000000    0.000000000000    0.000000000000    0.000000000000    0.000000000000
-0.000000171749    1.299979209900    -0.022560939193    0.000429842155    133474.984375000000    131896.640625000000    -122368.296875000000    133475.015625000000    49221.144531250000    -0.253527224064    -0.354090064764    0.000432914123    -0.000043183703    -0.000923182815    0.126024231315    0.000000000000    0.000000000000    0.000000000000    0.000000000000    0.000000000000    0.000000000000
-0.000000172862    1.300104737282    -0.022709416226    0.000354289630    133104.015625000000    132277.609375000000    -101075.984375000000    133104.046875000000    85328.828125000000    -0.130557939410    -0.408558875322    0.000425347884    0.000089965644    -0.036827139556    0.118748098612    -0.000000000000    0.000000000000    -0.000000000000    0.000000000000    -0.000000000000    0.000000000000
-0.000000173976    1.300200700760    -0.022857377306    0.000242868919    132553.484375000000    132842.765625000000    -69684.406250000000    132553.515625000000    113098.570312500000    -0.000264003873    -0.423809289932    0.000378552068    0.000213437917    -0.068853721023    0.101902067661    -0.000000000000    0.000000000000    -0.000000000000    0.000000000000    -0.000000000000    0.000000000000
-0.000000175090    1.300257444382    -0.023004645482    0.000106465995    131875.281250000000    133530.656250000000    -31261.558593750000    131875.296875000000    129819.687500000000    0.125445976853    -0.401477932930    0.000298215280    0.000315989135    -0.094739861786    0.077072151005    -0.000000000000    0.000000000000    -0.000000000000    0.000000000000    -0.000000000000    0.000000000000
-0.000000176204    1.300269126892    -0.023151120171    -0.000041595216    131134.468750000000    134267.406250000000    10439.334960937500    131134.484375000000    133860.968750000000    0.236882612109    -0.346341609955    0.000192992447    0.000389249180    -0.112747445703    0.046225555241    -0.000000000000    0.000000000000    -0.000000000000    0.000000000000    -0.000000000000    0.000000000000
-0.000000177318    1.300234436989    -0.023296765983    -0.000186853998    130403.109375000000    134976.625000000000    51345.992187500000    130403.109375000000    124829.007812500000    0.327032029629    -0.264871001244    0.000073124509    0.000428297761    -0.121637761593    0.011597208679    -0.000000000000    0.000000000000    -0.000000000000    0.000000000000    -0.000000000000    0.000000000000
-0.000000178431    1.300156593323    -0.023441638798    -0.000315124227    129753.226562500000    135588.281250000000    87463.953125000000    129753.218750000000    103606.210937500000    0.391253739595    -0.164052769542    -0.000050873157    0.000431603199    -0.120668306947    -0.024355575442    -0.000000000000    0.000000000000    -0.000000000000    0.000000000000    -0.000000000000    0.000000000000
-0.000000179545    1.300042748451    -0.023585861549    -0.000413878879    129249.742187500000    136045.687500000000    115265.828125000000    129249.734375000000    72264.960937500000    0.426587998867    -0.050782345235    -0.000169203588    0.000400511257    -0.109648659825    -0.058984324336    0.000000000000    0.000000000000    0.000000000000    0.000000000000    0.000000000000    0.000000000000
-0.000000180659    1.299903869629    -0.023729629815    -0.000473473279    128944.046875000000    136309.437500000000    132035.406250000000    128944.031250000000    33866.222656250000    0.431102752686    0.068101286888    -0.000273323560    0.000338552229    -0.089053541422    -0.089519888163    0.000000000000    0.000000000000    0.000000000000    0.000000000000    0.000000000000    0.000000000000
-0.000000181773    1.299753069878    -0.023873185739    -0.000488088117    128868.687500000000    136358.687500000000    136133.250000000000    128868.671875000000    -7838.366210937500    0.403696656227    0.185370460153    -0.000356101315    0.000250845507    -0.060151889920    -0.113244235516    0.000000000000    0.000000000000    0.000000000000    0.000000000000    0.000000000000    0.000000000000
-0.000000182887    1.299605250359    -0.024016790092    -0.000456299633    129033.960937500000    136190.406250000000    127157.781250000000    129033.953125000000    -48772.230468750000    0.344197601080    0.292303532362    -0.000411197514    0.000143608908    -0.025077462196    -0.127736434340    0.000000000000    0.000000000000    0.000000000000    0.000000000000    0.000000000000    0.000000000000
-0.000000184000    1.299474358559    -0.024160707369    -0.000381221063    129426.562500000000    135817.750000000000    105985.851562500000    129426.554687500000    -84932.140625000000    0.255294263363    0.379533678293    -0.000433934183    0.000024861689    0.013217873871    -0.131253495812    0.000000000000    0.000000000000    0.000000000000    0.000000000000    0.000000000000    0.000000000000
-0.000000185114    1.299372911453    -0.024305172265    -0.000270200311    130010.632812500000    135268.843750000000    74688.000000000000    130010.632812500000    -112780.179687500000    0.142450913787    0.439698606730    -0.000423098274    -0.000096626572    0.051240835339    -0.123070366681    0.000000000000    0.000000000000    0.000000000000    0.000000000000    0.000000000000    0.000000000000
-0.000000186228    1.299310684204    -0.024450369179    -0.000134102476    130730.960937500000    134586.140625000000    36326.785156250000    130730.960937500000    -129590.890625000000    0.013525038958    0.465186566114    -0.000378317956    -0.000211858278    0.085292175412    -0.103637620807    0.000000000000    0.000000000000    0.000000000000    0.000000000000    0.000000000000    0.000000000000
-0.000000187342    1.299293279648    -0.024596411735    0.000013753113    131518.203125000000    133825.828125000000    -5342.767578125000    131518.218750000000    -133719.140625000000    -0.120515644550    0.450759559870    -0.000301553169    -0.000311371725    0.111948378384    -0.074666589499    0.000000000000    0.000000000000    0.000000000000    0.000000000000    0.000000000000    0.000000000000
-0.000000188456    1.299322247505    -0.024743335322    0.000158896990    132295.578125000000    133055.687500000000    -46241.285156250000    132295.593750000000    -124762.015625000000    -0.246524766088    0.395087569952    -0.000197599031    -0.000385916559    0.128533646464    -0.038962967694    0.000000000000    0.000000000000    0.000000000000    0.000000000000    0.000000000000    0.000000000000
-0.000000189569    1.299394607544    -0.024891084060    0.000287127012    132986.359375000000    132350.640625000000    -82365.320312500000    132986.390625000000    -103598.484375000000    -0.350896179676    0.301748812199    -0.000074294578    -0.000427507912    0.133483365178    -0.000071872026    0.000000000000    0.000000000000    0.000000000000    0.000000000000    0.000000000000    0.000000000000
-0.000000190683    1.299502730370    -0.025039520115    0.000385899446    133521.531250000000    131785.234375000000    -110180.164062500000    133521.562500000000    -72302.679687500000    -0.421714961529    0.179379910231    0.000057748057    -0.000430666230    0.126534223557    0.038196776062    0.000000000000    0.000000000000    0.000000000000    0.000000000000    0.000000000000    0.000000000000
-0.000000191797    1.299635887146    -0.025188438594    0.000445556507    133846.578125000000    131424.203125000000    -126966.187500000000    133846.609375000000    -33939.714843750000    -0.450848639011    0.040633060038    0.000186113291    -0.000393586291    0.108676373959    0.072264596820    0.000000000000    0.000000000000    0.000000000000    0.000000000000    0.000000000000    0.000000000000
-0.000000192911    1.299780726433    -0.025337584317    0.000460269977    133927.125000000000    131312.734375000000    -131084.687500000000    133927.156250000000    7735.678710937500    -0.434772133827    -0.099016785622    0.000297422201    -0.000318388833    0.081935584545    0.099178820848    0.000000000000    0.000000000000    0.000000000000    0.000000000000    0.000000000000    0.000000000000
-0.000000194025    1.299922943115    -0.025486677885    0.000428608910    133752.484375000000    131468.875000000000    -122137.125000000000    133752.515625000000    48647.523437500000    -0.376671105623    -0.224285036325    0.000379812118    -0.000212508196    0.049027025700    0.116899132729    0.000000000000    0.000000000000    0.000000000000    0.000000000000    0.000000000000    0.000000000000
-0.000000195138    1.300048351288    -0.025635439903    0.000353676180    133337.000000000000    131879.093750000000    -101002.328125000000    133337.031250000000    84797.539062500000    -0.285311281681    -0.324047267437    0.000426013285    -0.000087368317    0.012947808951    0.124393261969    0.000000000000    0.000000000000    0.000000000000    0.000000000000    0.000000000000    0.000000000000
-0.000000196252    1.300144433975    -0.025783624500    0.000242802053    132718.812500000000    132499.875000000000    -69749.234375000000    132718.843750000000    112655.500000000000    -0.171379193664    -0.390653252602    0.000432380271    0.000044554865    -0.023339275271    0.121497943997    0.000000000000    0.000000000000    0.000000000000    0.000000000000    0.000000000000    0.000000000000
-0.000000197366    1.300201296806    -0.025931032375    0.000106825282    131956.484375000000    133263.359375000000    -31433.652343750000    131956.500000000000    129503.085937500000    -0.046497642994    -0.420802861452    0.000399643875    0.000170676736    -0.057110495865    0.108784727752    -0.000000000000    0.000000000000    -0.000000000000    0.000000000000    -0.000000000000    0.000000000000
-0.000000198480    1.300213217735    -0.026077546179    -0.000040966966    131123.265625000000    134086.656250000000    10200.573242187500    131123.281250000000    133698.109375000000    0.078497335315    -0.414970278740    0.000332401309    0.000279873842    -0.085976086557    0.087384670973    -0.000000000000    0.000000000000    -0.000000000000    0.000000000000    -0.000000000000    0.000000000000
-0.000000199594    1.300178885460    -0.026223128662    -0.000186137069    130300.265625000000    134882.656250000000    51086.878906250000    130300.265625000000    124833.750000000000    0.194544270635    -0.376242280006    0.000238065491    0.000363559782    -0.107900433242    0.058874901384    -0.000000000000    0.000000000000    -0.000000000000    0.000000000000    -0.000000000000    0.000000000000
-0.000000200707    1.300101161003    -0.026367837563    -0.000314506295    129568.453125000000    135570.421875000000    87232.398437500000    129568.445312500000    103777.914062500000    0.294513702393    -0.309179037809    0.000125669292    0.000416122522    -0.121227242053    0.025240186602    -0.000000000000    0.000000000000    -0.000000000000    0.000000000000    -0.000000000000    0.000000000000
-0.000000201821    1.299987673759    -0.026511818171    -0.000413538859    129000.734375000000    136083.640625000000    115107.140625000000    129000.726562500000    72588.640625000000    0.372864902020    -0.218914315104    0.000004719135    0.000434883172    -0.124730825424    -0.011142207310    -0.000000000000    0.000000000000    -0.000000000000    0.000000000000    -0.000000000000    0.000000000000
-0.000000202935    1.299848914146    -0.026655282825    -0.000473565946    128654.750000000000    136375.859375000000    131988.406250000000    128654.734375000000    34313.910156250000    0.425029963255    -0.111016541719    -0.000115525341    0.000419662014    -0.117764048278    -0.047523342073    0.000000000000    0.000000000000    0.000000000000    0.000000000000    0.000000000000    0.000000000000
-0.000000204049    1.299698233604    -0.026798505336    -0.000488730962    128566.937500000000    136422.750000000000    136227.046875000000    128566.921875000000    -7305.149414062500    0.447038024664    0.008311867714    -0.000226506032    0.000372291164    -0.100421160460    -0.080886408687    0.000000000000    0.000000000000    0.000000000000    0.000000000000    0.000000000000    0.000000000000
-0.000000205163    1.299550294876    -0.026941781864    -0.000457562972    128748.765625000000    136221.687500000000    127409.546875000000    128748.757812500000    -48199.171875000000    0.434765815735    0.130446687341    -0.000319357729    0.000295612408    -0.073728427291    -0.108138628304    0.000000000000    0.000000000000    0.000000000000    0.000000000000    0.000000000000    0.000000000000
-0.000000206276    1.299418926239    -0.027085402980    -0.000383122097    129185.312500000000    135789.656250000000    106399.390625000000    129185.304687500000    -84368.296875000000    0.388071835041    0.246688172221    -0.000387581880    0.000195958855    -0.039724368602    -0.126540988684    0.000000000000    0.000000000000    0.000000000000    0.000000000000    0.000000000000    0.000000000000
-0.000000207390    1.299316883087    -0.027229636908    -0.000272701669    129836.328125000000    135160.984375000000    75253.453125000000    129836.328125000000    -112273.843750000000    0.308392524719    0.347638756037    -0.000426163722    0.000080387021    -0.001343723387    -0.134024754167    0.000000000000    0.000000000000    0.000000000000    0.000000000000    0.000000000000    0.000000000000
-0.000000208504    1.299253821373    -0.027374688536    -0.000137115232    130640.039062500000    134385.562500000000    37021.488281250000    130640.039062500000    -129185.507812500000    0.199917390943    0.423113197088    -0.000431164779    -0.000043012657    0.037819389254    -0.129543453455    0.000000000000    0.000000000000    0.000000000000    0.000000000000    0.000000000000    0.000000000000
-0.000000209618    1.299235582352    -0.027520682663    0.000010361768    131518.875000000000    133527.281250000000    -4552.510742187500    131518.890625000000    -133449.671875000000    0.070664055645    0.463879883289    -0.000400600693    -0.000164783924    0.073927998543    -0.113323941827    0.000000000000    0.000000000000    0.000000000000    0.000000000000    0.000000000000    0.000000000000
-0.000000210732    1.299263596535    -0.027667658404    0.000155292684    132387.140625000000    132661.343750000000    -45397.464843750000    132387.156250000000    -124651.929687500000    -0.067812651396    0.463424116373    -0.000335165940    -0.000274553517    0.103398561478    -0.086893044412    0.000000000000    0.000000000000    0.000000000000    0.000000000000    0.000000000000    0.000000000000
-0.000000211845    1.299334764481    -0.027815556154    0.000283494126    133159.171875000000    131869.531250000000    -81514.796875000000    133159.203125000000    -103657.656250000000    -0.201519280672    0.419603526592    -0.000238868277    -0.000361856102    0.123385958374    -0.052907936275    0.000000000000    0.000000000000    0.000000000000    0.000000000000    0.000000000000    0.000000000000
-0.000000212959    1.299442052841    -0.027964223176    0.000382425322    133757.984375000000    131232.781250000000    -109370.703125000000    133758.015625000000    -72526.476562500000    -0.316059142351    0.335536301136    -0.000119217271    -0.000417465053    0.132128462195    -0.014776524156    0.000000000000    0.000000000000    0.000000000000    0.000000000000    0.000000000000    0.000000000000
-0.000000214073    1.299574375153    -0.028113428503    0.000442415156    134122.937500000000    130821.492187500000    -126242.359375000000    134122.968750000000    -34309.257812500000    -0.398849755526    0.219623535872    0.000013115863    -0.000434758083    0.129124954343    0.023800782859    0.000000000000    0.000000000000    0.000000000000    0.000000000000    0.000000000000    0.000000000000
-0.000000215187    1.299718618393    -0.028262894601    0.000457607239    134215.750000000000    130685.218750000000    -130483.835937500000    134215.781250000000    7251.951171875000    -0.441208302975    0.084314882755    0.000145407757    -0.000410967681    0.115073151886    0.059307567775    0.000000000000    0.000000000000    0.000000000000    0.000000000000    0.000000000000    0.000000000000
-0.000000216301    1.299860239029    -0.028412304819    0.000426529616    134024.593750000000    130844.421875000000    -121686.062500000000    134024.625000000000    48091.175781250000    -0.438249647617    -0.054602041841    0.000263268390    -0.000346808200    0.091658905149    0.088746652007    0.000000000000    0.000000000000    0.000000000000    0.000000000000    0.000000000000    0.000000000000
-0.000000217414    1.299985051155    -0.028561348096    0.000352234929    133565.484375000000    131285.671875000000    -100714.929687500000    133565.515625000000    84216.562500000000    -0.394376605749    -0.183469504118    0.000355645956    -0.000250542595    0.061251610518    0.109986424446    0.000000000000    0.000000000000    0.000000000000    0.000000000000    0.000000000000    0.000000000000
-0.000000218528    1.300080776215    -0.028709752485    0.000241998263    132880.906250000000    131962.421875000000    -69625.015625000000    132880.937500000000    112100.117187500000    -0.316313087940    -0.290949225426    0.000414225593    -0.000132146088    0.026526246220    0.121694713831    0.000000000000    0.000000000000    0.000000000000    0.000000000000    0.000000000000    0.000000000000
-0.000000219642    1.300137519836    -0.028857294470    0.000106603315    132035.921875000000    132800.937500000000    -31457.841796875000    132035.937500000000    129021.296875000000    -0.213380664587    -0.369301766157    0.000434653484    -0.000003428875    -0.009766945615    0.123312868178    0.000000000000    0.000000000000    0.000000000000    0.000000000000    0.000000000000    0.000000000000
-0.000000220756    1.300149559975    -0.029003845528    -0.000040713028    131111.906250000000    133710.156250000000    10055.755859375000    131111.921875000000    133331.515625000000    -0.095733880997    -0.414552181959    0.000416690658    0.000123581965    -0.044961992651    0.114940300584    -0.000000000000    0.000000000000    -0.000000000000    0.000000000000    -0.000000000000    0.000000000000
-0.000000221870    1.300115227699    -0.029149366543    -0.000185554192    130198.875000000000    134593.250000000000    50859.703125000000    130198.875000000000    124613.953125000000    0.027016699314    -0.425854474306    0.000363697764    0.000238045075    -0.076547101140    0.097235456109    -0.000000000000    0.000000000000    -0.000000000000    0.000000000000    -0.000000000000    0.000000000000
