wc / wrf: 0.935595
 t  x  y  z vpar vper vx vy vz re(e1)  im(e1)  re(e2)  im(e2)  re(e3)  im(e3)  re(b1)  im(b1)  re(b2)  im(b2)  re(b3)  im(b3)
-0.000000000223    1.300464510918    -0.000029250350    -0.000029230838    131308.296875000000    131306.296875000000    8250.293945312500    131308.312500000000    131046.859375000000    -0.396785914898    0.104606837034    0.000105046907    -0.000421458972    0.114198356867    0.034533895552    0.000000000000    0.000000000000    0.000000000000    0.000000000000    0.000000000000    0.000000000000
-0.000000001337    1.300432801247    -0.000175500667    -0.000171364794    131305.171875000000    131305.468750000000    48365.656250000000    131305.187500000000    122073.312500000000    -0.411187022924    -0.013424262404    0.000221731665    -0.000373497693    0.099537111819    0.066312752664    0.000000000000    0.000000000000    0.000000000000    0.000000000000    0.000000000000    0.000000000000
-0.000000002450    1.300358772278    -0.000321745407    -0.000296711456    131298.500000000000    131317.250000000000    83741.648437500000    131298.500000000000    101151.195312500000    -0.393934071064    -0.128997951746    0.000318357168    -0.000295525911    0.076578997076    0.092995129526    0.000000000000    0.000000000000    0.000000000000    0.000000000000    0.000000000000    0.000000000000
-0.000000003564    1.300249457359    -0.000467981648    -0.000393002090    131290.359375000000    131333.468750000000    110915.984375000000    131290.359375000000    70328.742187500000    -0.347386687994    -0.235079824924    0.000388260727    -0.000194966109    0.046821169555    0.112457484007    0.000000000000    0.000000000000    0.000000000000    0.000000000000    0.000000000000    0.000000000000
-0.000000004678    1.300115704536    -0.000614209333    -0.000450812484    131283.718750000000    131343.781250000000    127227.742187500000    131283.718750000000    32623.609375000000    -0.274613052607    -0.325426995754    0.000427194696    -0.000080116341    0.012335840613    0.122895896435    0.000000000000    0.000000000000    0.000000000000    0.000000000000    0.000000000000    0.000000000000
-0.000000005792    1.299970746040    -0.000760431925    -0.000464486482    131281.843750000000    131339.046875000000    131078.375000000000    131281.843750000000    -8271.280273437500    -0.179476499557    -0.394088000059    0.000433056062    0.000040434206    -0.024233197793    0.123032093048    0.000000000000    0.000000000000    0.000000000000    0.000000000000    0.000000000000    0.000000000000
-0.000000006906    1.299828648567    -0.000906656554    -0.000432691857    131287.750000000000    131314.250000000000    122089.539062500000    131287.750000000000    -48348.554687500000    -0.067165620625    -0.435269773006    0.000405623286    0.000158084586    -0.059784941375    0.112361788750    -0.000000000000    0.000000000000    -0.000000000000    0.000000000000    -0.000000000000    0.000000000000
-0.000000008019    1.299703240395    -0.001052893233    -0.000358553079    131303.656250000000    131269.875000000000    101141.609375000000    131303.656250000000    -83678.921875000000    0.055149227381    -0.443821996450    0.000346484710    0.000264313247    -0.091017693281    0.091380745173    -0.000000000000    0.000000000000    -0.000000000000    0.000000000000    -0.000000000000    0.000000000000
-0.000000009133    1.299607038498    -0.001199153718    -0.000249347155    131330.468750000000    131211.578125000000    70288.812500000000    131330.468750000000    -110796.960937500000    0.177356943488    -0.415760546923    0.000258842832    0.000350205111    -0.114780269563    0.061690822244    -0.000000000000    0.000000000000    -0.000000000000    0.000000000000    -0.000000000000    0.000000000000
-0.000000010247    1.299549341202    -0.001345449826    -0.000115791088    131367.437500000000    131147.843750000000    32558.404296875000    131367.453125000000    -127042.164062500000    0.288706481457    -0.351471364498    0.000149156331    0.000408659136    -0.128567874432    0.025941550732    -0.000000000000    0.000000000000    -0.000000000000    0.000000000000    -0.000000000000    0.000000000000
-0.000000011361    1.299535751343    -0.001491791685    0.000029009218    131412.046875000000    131087.093750000000    -8346.586914062500    131412.062500000000    -130821.117187500000    0.378148764372    -0.254521250725    0.000025460067    0.000434133195    -0.130859464407    -0.012452686206    -0.000000000000    0.000000000000    -0.000000000000    0.000000000000    -0.000000000000    0.000000000000
-0.000000012475    1.299567699432    -0.001638185582    0.000170845771    131460.218750000000    131035.460937500000    -48411.570312500000    131460.234375000000    -121764.578125000000    0.435151457787    -0.132335469127    -0.000102531267    0.000422775745    -0.121368020773    -0.049711745232    0.000000000000    0.000000000000    0.000000000000    0.000000000000    0.000000000000    0.000000000000
-0.000000013588    1.299641847610    -0.001784632681    0.000295803649    131506.578125000000    130995.929687500000    -83705.460937500000    131506.609375000000    -100763.726562500000    0.451973706484    0.003700628877    -0.000223620140    0.000373684568    -0.101111777127    -0.082189269364    0.000000000000    0.000000000000    0.000000000000    0.000000000000    0.000000000000    0.000000000000
-0.000000014702    1.299751043320    -0.001931127626    0.000391627138    131545.109375000000    130968.890625000000    -110767.210937500000    131545.140625000000    -69881.843750000000    0.425004750490    0.139168083668    -0.000325806468    0.000289416173    -0.072249040008    -0.106832250953    0.000000000000    0.000000000000    0.000000000000    0.000000000000    0.000000000000    0.000000000000
-0.000000015816    1.299884438515    -0.002077658661    0.000448921608    131569.890625000000    130953.500000000000    -126945.492187500000    131569.921875000000    -32150.546875000000    0.356499224901    0.258589267731    -0.000397762953    0.000176932110    -0.037758968771    -0.121543735266    0.000000000000    0.000000000000    0.000000000000    0.000000000000    0.000000000000    0.000000000000
-0.000000016930    1.300029277802    -0.002224207157    0.000462073280    131575.875000000000    130949.320312500000    -130658.046875000000    131575.906250000000    8728.988281250000    0.255000263453    0.349981069565    -0.000432347646    0.000047410402    -0.000985268503    -0.125390514731    0.000000000000    0.000000000000    0.000000000000    0.000000000000    0.000000000000    0.000000000000
-0.000000018044    1.300170898438    -0.002370750066    0.000429796753    131559.640625000000    130957.320312500000    -121545.328125000000    131559.671875000000    48749.855468750000    0.132110729814    0.404817104340    -0.000425971055    -0.000086389417    0.034784682095    -0.118519015610    0.000000000000    0.000000000000    0.000000000000    0.000000000000    0.000000000000    0.000000000000
-0.000000019157    1.300295591354    -0.002517261775    0.000355257711    131519.968750000000    130979.835937500000    -100503.804687500000    131520.000000000000    83992.273437500000    0.001117222011    0.419502496719    -0.000379623816    -0.000211293402    0.066648676991    -0.101981766522    0.000000000000    0.000000000000    0.000000000000    0.000000000000    0.000000000000    0.000000000000
-0.000000020271    1.300391077995    -0.002663716907    0.000245759788    131458.343750000000    131019.820312500000    -69596.585937500000    131458.375000000000    111006.789062500000    -0.125138461590    0.395265966654    -0.000298621919    -0.000315456273    0.092276155949    -0.077480226755    0.000000000000    0.000000000000    0.000000000000    0.000000000000    0.000000000000    0.000000000000
-0.000000021385    1.300448060036    -0.002810093109    0.000112027396    131378.921875000000    131079.234375000000    -31850.511718750000    131378.937500000000    127150.742187500000    -0.235922753811    0.337189018726    -0.000191685103    -0.000389772729    0.109967909753    -0.047119930387    0.000000000000    0.000000000000    0.000000000000    0.000000000000    0.000000000000    0.000000000000
-0.000000022499    1.300460934639    -0.002956373617    -0.000032844873    131288.312500000000    131157.406250000000    9040.007812500000    131288.328125000000    130845.507812500000    -0.323545157909    0.252650648355    -0.000069531219    -0.000428751955    0.118616521358    -0.013219993562    0.000000000000    0.000000000000    0.000000000000    0.000000000000    0.000000000000    0.000000000000
-0.000000023613    1.300428271294    -0.003102550749    -0.000174673260    131195.171875000000    131249.437500000000    49073.703125000000    131195.187500000000    121729.984375000000    -0.383352547884    0.149885624647    0.000056567769    -0.000430658081    0.117662362754    0.021780554205    0.000000000000    0.000000000000    0.000000000000    0.000000000000    0.000000000000    0.000000000000
-0.000000024726    1.300353288651    -0.003248627065    -0.000299571839    131109.250000000000    131345.531250000000    84332.750000000000    131109.250000000000    100695.789062500000    -0.413124144077    0.036869153380    0.000176068876    -0.000397100870    0.107067123055    0.055367920548    0.000000000000    0.000000000000    0.000000000000    0.000000000000    0.000000000000    0.000000000000
-0.000000025840    1.300243377686    -0.003394616535    -0.000395310752    131040.382812500000    131431.781250000000    111365.125000000000    131040.375000000000    69800.648437500000    -0.412236869335    -0.079012542963    0.000279932516    -0.000332267169    0.087369360030    0.084997087717    0.000000000000    0.000000000000    0.000000000000    0.000000000000    0.000000000000    0.000000000000
-0.000000026954    1.300109267235    -0.003540543374    -0.000452513399    130997.492187500000    131492.531250000000    127522.226562500000    130997.484375000000    32068.304687500000    -0.381020694971    -0.190814733505    0.000360990496    -0.000242093869    0.059763170779    0.108188495040    0.000000000000    0.000000000000    0.000000000000    0.000000000000    0.000000000000    0.000000000000
-0.000000028068    1.299963831902    -0.003686439944    -0.000465575868    130987.421875000000    131513.828125000000    131218.703125000000    130987.406250000000    -8806.153320312500    -0.320669472218    -0.291526108980    0.000413917558    -0.000133638314    0.026178624481    0.122723780572    0.000000000000    0.000000000000    0.000000000000    0.000000000000    0.000000000000    0.000000000000
-0.000000029182    1.299821376801    -0.003832345363    -0.000433218316    131013.976562500000    131487.203125000000    122089.203125000000    131013.968750000000    -48817.226562500000    -0.233678340912    -0.373762875795    0.000435114081    -0.000014722486    -0.010729491711    0.126919344068    0.000000000000    0.000000000000    0.000000000000    0.000000000000    0.000000000000    0.000000000000
-0.000000030295    1.299695968628    -0.003978300840    -0.000358613353    131077.375000000000    131412.218750000000    101025.921875000000    131077.375000000000    -84041.304687500000    -0.124558448792    -0.429941356182    0.000422673504    0.000106228137    -0.047727119178    0.119922213256    -0.000000000000    0.000000000000    -0.000000000000    0.000000000000    -0.000000000000    0.000000000000
-0.000000031409    1.299599885941    -0.004124345724    -0.000249077915    131173.843750000000    131296.875000000000    70092.710937500000    131173.843750000000    -111022.007812500000    -0.001132905483    -0.452317953110    0.000375952164    0.000219678885    -0.081281349063    0.101970717311    -0.000000000000    0.000000000000    -0.000000000000    0.000000000000    -0.000000000000    0.000000000000
-0.000000032523    1.299542307854    -0.004270513542    -0.000115357325    131295.796875000000    131155.906250000000    32323.566406250000    131295.812500000000    -127110.429687500000    0.126656413078    -0.437171161175    0.000298221945    0.000316658989    -0.108045987785    0.074515089393    -0.000000000000    0.000000000000    -0.000000000000    0.000000000000    -0.000000000000    0.000000000000
-0.000000033637    1.299528956413    -0.004416826647    0.000029428200    131432.375000000000    131007.351562500000    -8575.099609375000    131432.390625000000    -130726.414062500000    0.247189551592    -0.383333146572    0.000194604392    0.000388857938    -0.125277087092    0.040099032223    -0.000000000000    0.000000000000    -0.000000000000    0.000000000000    -0.000000000000    0.000000000000
-0.000000034751    1.299561142921    -0.004563294351    0.000171071442    131570.468750000000    130868.992187500000    -48589.019531250000    131570.484375000000    -121514.609375000000    0.347845315933    -0.293489217758    0.000072516064    0.000428899511    -0.131223678589    0.002087056637    -0.000000000000    0.000000000000    -0.000000000000    0.000000000000    -0.000000000000    0.000000000000
-0.000000035864    1.299635529518    -0.004709909204    0.000295673584    131695.828125000000    130755.531250000000    -83791.210937500000    131695.859375000000    -100379.484375000000    0.417017132044    -0.175039753318    -0.000058117635    0.000431542809    -0.125383555889    -0.035766538233    -0.000000000000    0.000000000000    -0.000000000000    0.000000000000    -0.000000000000    0.000000000000
-0.000000036978    1.299744844437    -0.004856650718    0.000391008973    131794.718750000000    130677.242187500000    -110728.257812500000    131794.750000000000    -69395.906250000000    0.445766091347    -0.039791785181    -0.000185293728    0.000394459581    -0.108541637659    -0.069804683328    0.000000000000    0.000000000000    0.000000000000    0.000000000000    0.000000000000    0.000000000000
-0.000000038092    1.299878239632    -0.005003481638    0.000447724509    131855.281250000000    130639.859375000000    -126759.343750000000    131855.312500000000    -31604.382812500000    0.429911494255    0.097057983279    -0.000295777572    0.000319457409    -0.082613028586    -0.096924491227    0.000000000000    0.000000000000    0.000000000000    0.000000000000    0.000000000000    0.000000000000
-0.000000039206    1.300022602081    -0.005150354467    0.000460255891    131868.937500000000    130645.500000000000    -130314.867187500000    131868.968750000000    9288.566406250000    0.372685283422    0.221147701144    -0.000378625671    0.000214076514    -0.050305001438    -0.114955119789    0.000000000000    0.000000000000    0.000000000000    0.000000000000    0.000000000000    0.000000000000
-0.000000040320    1.300163865089    -0.005297214724    0.000427371007    131831.531250000000    130693.687500000000    -121048.898437500000    131831.562500000000    49274.750000000000    0.281366974115    0.320085823536    -0.000425525446    0.000088616784    -0.014694489539    -0.122732058167    0.000000000000    0.000000000000    0.000000000000    0.000000000000    0.000000000000    0.000000000000
-0.000000041433    1.300287842751    -0.005444005132    0.000352287927    131743.921875000000    130782.039062500000    -99871.335937500000    131743.953125000000    84437.289062500000    0.166763842106    0.385329425335    -0.000432195957    -0.000044416825    0.021134946495    -0.120081603527    0.000000000000    0.000000000000    0.000000000000    0.000000000000    0.000000000000    0.000000000000
-0.000000042547    1.300382733345    -0.005590672605    0.000242357055    131612.265625000000    130906.445312500000    -68857.218750000000    131612.296875000000    111333.640625000000    0.041144035757    0.412947952747    -0.000398859323    -0.000172055152    0.054370567203    -0.107646919787    0.000000000000    0.000000000000    0.000000000000    0.000000000000    0.000000000000    0.000000000000
-0.000000043661    1.300438761711    -0.005737173837    0.000108339991    131447.593750000000    131060.820312500000    -31042.785156250000    131447.609375000000    127331.398437500000    -0.083636365831    0.403373926878    -0.000329939183    -0.000282503141    0.082619644701    -0.086692541838    0.000000000000    0.000000000000    0.000000000000    0.000000000000    0.000000000000    0.000000000000
-0.000000044775    1.300450563431    -0.005883479957    -0.000036644313    131264.875000000000    131236.406250000000    9871.680664062500    131264.890625000000    130864.617187500000    -0.197604626417    0.360353350639    -0.000233121245    -0.000366494933    0.103949308395    -0.058913916349    0.000000000000    0.000000000000    0.000000000000    0.000000000000    0.000000000000    0.000000000000
-0.000000045889    1.300417065620    -0.006029580720    -0.000178402726    131081.796875000000    131421.140625000000    49882.972656250000    131081.812500000000    121586.226562500000    -0.293256580830    0.289566963911    -0.000118050979    -0.000418010430    0.116875678301    -0.026329781860    0.000000000000    0.000000000000    0.000000000000    0.000000000000    0.000000000000    0.000000000000
-0.000000047003    1.300341248512    -0.006175485905    -0.000303055742    130916.906250000000    131599.218750000000    85075.429687500000    130916.898437500000    100401.851562500000    -0.365384578705    0.197472482920    0.000004947942    -0.000434362795    0.120373837650    0.008759886026    0.000000000000    0.000000000000    0.000000000000    0.000000000000    0.000000000000    0.000000000000
-0.000000048116    1.300230622292    -0.006321225781    -0.000398394972    130787.789062500000    131751.828125000000    112003.031250000000    130787.781250000000    69382.093750000000    -0.410480380058    0.090570405126    0.000125944920    -0.000415829127    0.113929249346    0.043799165636    0.000000000000    0.000000000000    0.000000000000    0.000000000000    0.000000000000    0.000000000000
-0.000000049230    1.300095796585    -0.006466848776    -0.000455078407    130709.289062500000    131859.218750000000    128026.359375000000    130709.281250000000    31561.257812500000    -0.426083296537    -0.024613067508    0.000236008258    -0.000365026353    0.097665257752    0.076033502817    0.000000000000    0.000000000000    0.000000000000    0.000000000000    0.000000000000    0.000000000000
-0.000000050344    1.299950003624    -0.006612417288    -0.000467546837    130691.742187500000    131903.968750000000    131571.609375000000    130691.726562500000    -9358.142578125000    -0.410484910011    -0.141171216965    0.000327473128    -0.000286318565    0.072481013834    0.102656662464    0.000000000000    0.000000000000    0.000000000000    0.000000000000    0.000000000000    0.000000000000
-0.000000051458    1.299807548523    -0.006758002564    -0.000434571324    130739.718750000000    131875.031250000000    122286.304687500000    130739.710937500000    -49366.890625000000    -0.363018512726    -0.251311302185    0.000393941125    -0.000185445781    0.040157373995    0.121066704392    0.000000000000    0.000000000000    0.000000000000    0.000000000000    0.000000000000    0.000000000000
-0.000000052572    1.299682140350    -0.006903677713    -0.000359377445    130851.343750000000    131771.000000000000    101075.781250000000    130851.335937500000    -84541.656250000000    -0.284860551357    -0.346232175827    0.000430309679    -0.000069407834    0.003340534866    0.129208326340    0.000000000000    0.000000000000    0.000000000000    0.000000000000    0.000000000000    0.000000000000
-0.000000053685    1.299586057663    -0.007049508393    -0.000249332312    131018.125000000000    131601.546875000000    70016.195312500000    131018.125000000000    -111430.265625000000    -0.180186972022    -0.415524572134    0.000432065921    0.000053238011    -0.034620169550    0.125907137990    0.000000000000    0.000000000000    0.000000000000    0.000000000000    0.000000000000    0.000000000000
-0.000000054799    1.299528598785    -0.007195550017    -0.000115224975    131225.578125000000    131386.359375000000    32152.167968750000    131225.593750000000    -127391.593750000000    -0.056647457182    -0.452209115028    0.000398992066    0.000173020424    -0.070079296827    0.111183203757    -0.000000000000    0.000000000000    -0.000000000000    0.000000000000    -0.000000000000    0.000000000000
-0.000000055913    1.299515485764    -0.007341835648    0.000029791090    131454.484375000000    131151.890625000000    -8801.807617187500    131454.500000000000    -130856.218750000000    0.075534224510    -0.450424343348    0.000332346041    0.000280269654    -0.099506080151    0.086295410991    -0.000000000000    0.000000000000    -0.000000000000    0.000000000000    -0.000000000000    0.000000000000
-0.000000057027    1.299547791481    -0.007488378789    0.000171488646    131682.625000000000    130926.765625000000    -48826.593750000000    131682.640625000000    -121481.609375000000    0.203686624765    -0.407641172409    0.000236022082    0.000365281303    -0.119961991906    0.053649775684    -0.000000000000    0.000000000000    -0.000000000000    0.000000000000    -0.000000000000    0.000000000000
-0.000000058141    1.299622416496    -0.007635164540    0.000295963866    131886.921875000000    130737.367187500000    -83994.039062500000    131886.953125000000    -100186.125000000000    0.314194738865    -0.326084554195    0.000117071831    0.000419310905    -0.129506483674    0.016505166888    -0.000000000000    0.000000000000    -0.000000000000    0.000000000000    -0.000000000000    0.000000000000
-0.000000059254    1.299731850624    -0.007782154251    0.000391001522    132045.890625000000    130604.562500000000    -110853.445312500000    132045.921875000000    -69058.414062500000    0.394344151020    -0.213075876236    -0.000014421264    0.000435623428    -0.127424702048    -0.021467015147    -0.000000000000    0.000000000000    -0.000000000000    0.000000000000    -0.000000000000    0.000000000000
-0.000000060368    1.299865245819    -0.007929286920    0.000447273662    132141.703125000000    130541.796875000000    -126770.437500000000    132141.734375000000    -31151.437500000000    0.433926969767    -0.080922462046    -0.000145557337    0.000410349516    -0.114250555634    -0.056651666760    0.000000000000    0.000000000000    0.000000000000    0.000000000000    0.000000000000    0.000000000000
-0.000000061482    1.300009608269    -0.008076485246    0.000459253875    132162.359375000000    130554.820312500000    -130185.101562500000    132162.390625000000    9818.208007812500    0.430410832167    0.055865481496    -0.000263297930    0.000346249202    -0.091620884836    -0.085985928774    0.000000000000    0.000000000000    0.000000000000    0.000000000000    0.000000000000    0.000000000000
-0.000000062596    1.300150394440    -0.008223663084    0.000425757287    132103.000000000000    130642.414062500000    -120763.625000000000    132103.031250000000    49835.566406250000    0.385614037514    0.183002784848    -0.000355929573    0.000249518693    -0.061910364777    -0.107188656926    0.000000000000    0.000000000000    0.000000000000    0.000000000000    0.000000000000    0.000000000000
-0.000000063710    1.300274133682    -0.008370730095    0.000350054586    131966.656250000000    130797.484375000000    -99429.453125000000    131966.687500000000    84980.960937500000    0.306072860956    0.288387775421    -0.000414600072    0.000129947934    -0.027883933857    -0.118880324066    0.000000000000    0.000000000000    0.000000000000    0.000000000000    0.000000000000    0.000000000000
-0.000000064823    1.300368428230    -0.008517608047    0.000239549656    131764.171875000000    131008.351562500000    -68271.367187500000    131764.203125000000    111813.273437500000    0.201510921121    0.363556027412    -0.000434395246    -0.000000459986    0.007616333663    -0.120543807745    0.000000000000    0.000000000000    0.000000000000    0.000000000000    0.000000000000    0.000000000000
-0.000000065937    1.300423741341    -0.008664230816    0.000105053587    131513.562500000000    131259.843750000000    -30338.201171875000    131513.578125000000    127705.679687500000    0.082996577024    0.404220640659    -0.000414728042    -0.000129121763    0.041890166700    -0.112399041653    0.000000000000    0.000000000000    0.000000000000    0.000000000000    0.000000000000    0.000000000000
-0.000000067051    1.300434827805    -0.008810559288    -0.000040273495    131238.203125000000    131534.015625000000    10659.415039062500    131238.218750000000    131101.406250000000    -0.038852676749    0.409870117903    -0.000359000202    -0.000244510884    0.072488874197    -0.095239348710    0.000000000000    0.000000000000    0.000000000000    0.000000000000    0.000000000000    0.000000000000
-0.000000068165    1.300400257111    -0.008956578560    -0.000182209085    130964.820312500000    131810.734375000000    50711.167968750000    130964.820312500000    121665.328125000000    -0.154886305332    0.382755100727    -0.000273697835    -0.000337287638    0.097250342369    -0.070338770747    0.000000000000    0.000000000000    0.000000000000    0.000000000000    0.000000000000    0.000000000000
-0.000000069279    1.300323486328    -0.009102308191    -0.000306858710    130720.804687500000    132067.890625000000    85898.109375000000    130720.796875000000    100316.750000000000    -0.257781386375    0.326718032360    -0.000167226652    -0.000400925084    0.114320218563    -0.039406534284    0.000000000000    0.000000000000    0.000000000000    0.000000000000    0.000000000000    0.000000000000
-0.000000070392    1.300211906433    -0.009247793816    -0.000402014557    130531.523437500000    132282.171875000000    112774.968750000000    130531.515625000000    69140.343750000000    -0.341729283333    0.246322482824    -0.000048804985    -0.000431755994    0.122213795781    -0.004593431950    0.000000000000    0.000000000000    0.000000000000    0.000000000000    0.000000000000    0.000000000000
-0.000000071506    1.300076246262    -0.009393108077    -0.000458350609    130417.726562500000    132430.703125000000    128706.914062500000    130417.718750000000    31183.818359375000    -0.401862263680    0.146566361189    0.000072348703    -0.000428650121    0.119954384863    0.031514279544    0.000000000000    0.000000000000    0.000000000000    0.000000000000    0.000000000000    0.000000000000
-0.000000072620    1.299929857254    -0.009538345970    -0.000470337691    130393.234375000000    132493.937500000000    132128.156250000000    130393.218750000000    -9838.805664062500    -0.433842122555    0.033120289445    0.000187476282    -0.000392574235    0.107262216508    0.065974436700    0.000000000000    0.000000000000    0.000000000000    0.000000000000    0.000000000000    0.000000000000
-0.000000073734    1.299786806107    -0.009683609009    -0.000436788134    130463.328125000000    132459.390625000000    122696.898437500000    130463.320312500000    -49909.613281250000    -0.433940410614    -0.087108045816    0.000288436975    -0.000326256210    0.084750913084    0.095686748624    0.000000000000    0.000000000000    0.000000000000    0.000000000000    0.000000000000    0.000000000000
-0.000000074848    1.299661159515    -0.009829001501    -0.000360976555    130624.000000000000    132325.156250000000    101330.781250000000    130623.992187500000    -85100.093750000000    -0.399700164795    -0.205503925681    0.000367739704    -0.000234075720    0.054047413170    0.117710217834    0.000000000000    0.000000000000    0.000000000000    0.000000000000    0.000000000000    0.000000000000
-0.000000075961    1.299564838409    -0.009974617511    -0.000250322919    130861.960937500000    132102.171875000000    70119.046875000000    130861.960937500000    -111956.734375000000    -0.330831527710    -0.310643970966    0.000417703850    -0.000122118683    0.017778269947    0.129638507962    0.000000000000    0.000000000000    0.000000000000    0.000000000000    0.000000000000    0.000000000000
-0.000000077075    1.299507498741    -0.010120531544    -0.000115668132    131155.765625000000    131814.171875000000    32119.082031250000    131155.781250000000    -127841.085937500000    -0.231763273478    -0.393485128880    0.000434752932    0.000000922293    -0.020693799481    0.130063384771    0.000000000000    0.000000000000    0.000000000000    0.000000000000    0.000000000000    0.000000000000
-0.000000078189    1.299494624138    -0.010266791098    0.000029787427    131477.765625000000    131494.640625000000    -8943.094726562500    131477.781250000000    -131190.187500000000    -0.109428264201    -0.444350183010    0.000416017952    0.000125771621    -0.057616241276    0.118741631508    -0.000000000000    0.000000000000    -0.000000000000    0.000000000000    -0.000000000000    0.000000000000
-0.000000079303    1.299527168274    -0.010413412005    0.000171778724    131796.546875000000    131182.015625000000    -49039.058593750000    131796.562500000000    -121671.250000000000    0.025462657213    -0.455883681774    0.000361224636    0.000241944304    -0.089335009456    0.096738368273    -0.000000000000    0.000000000000    -0.000000000000    0.000000000000    -0.000000000000    0.000000000000
-0.000000080417    1.299602031708    -0.010560370982    0.000296376471    132080.187500000000    130913.914062500000    -84234.382812500000    132080.218750000000    -100214.875000000000    0.159503161907    -0.424736291170    0.000273389684    0.000338620390    -0.112777769566    0.066288329661    -0.000000000000    0.000000000000    -0.000000000000    0.000000000000    -0.000000000000    0.000000000000
-0.000000081530    1.299711585045    -0.010707612149    0.000391354552    132299.375000000000    130722.085937500000    -111075.718750000000    132299.406250000000    -68923.484375000000    0.278346478939    -0.352701365948    0.000159161442    0.000405846658    -0.125844880939    0.030488416553    -0.000000000000    0.000000000000    -0.000000000000    0.000000000000    -0.000000000000    0.000000000000
-0.000000082644    1.299845218658    -0.010855049826    0.000447389873    132430.406250000000    130628.585937500000    -126930.015625000000    132430.437500000000    -30864.125000000000    0.367230027914    -0.246794044971    0.000028694376    0.000434520014    -0.127588495612    -0.007118651643    -0.000000000000    0.000000000000    -0.000000000000    0.000000000000    -0.000000000000    0.000000000000
-0.000000083758    1.299989700317    -0.011002575979    0.000458976021    132457.781250000000    130643.929687500000    -130242.500000000000    132457.812500000000    10233.389648437500    0.418293267488    -0.119533933699    -0.000104820036    0.000422222278    -0.118316173553    -0.043067056686    0.000000000000    0.000000000000    0.000000000000    0.000000000000    0.000000000000    0.000000000000
-0.000000084872    1.300130486488    -0.011150072329    0.000424961909    132375.921875000000    130767.093750000000    -120688.093750000000    132375.953125000000    50342.953125000000    0.427556306124    0.015221714973    -0.000228171877    0.000370020542    -0.099314250052    -0.074320450425    0.000000000000    0.000000000000    0.000000000000    0.000000000000    0.000000000000    0.000000000000
-0.000000085986    1.300253987312    -0.011297418736    0.000348662783    132190.078125000000    130986.781250000000    -99201.757812500000    132190.109375000000    85536.812500000000    0.396235793829    0.143758177757    -0.000329361239    0.000283411413    -0.072583667934    -0.098517581820    0.000000000000    0.000000000000    0.000000000000    0.000000000000    0.000000000000    0.000000000000
-0.000000087099    1.300347685814    -0.011444507167    0.000237533983    131915.937500000000    131283.562500000000    -67885.554687500000    131915.968750000000    112369.585937500000    0.329942733049    0.254434883595    -0.000399125915    0.000171495500    -0.040538683534    -0.114064365625    0.000000000000    0.000000000000    0.000000000000    0.000000000000    0.000000000000    0.000000000000
-0.000000088213    1.300402522087    -0.011591251940    0.000102440463    131578.484375000000    131632.437500000000    -29802.171875000000    131578.500000000000    128214.390625000000    0.237102627754    0.338950067759    -0.000431974768    0.000045572000    -0.005748234689    -0.120089918375    0.000000000000    0.000000000000    0.000000000000    0.000000000000    0.000000000000    0.000000000000
-0.000000089327    1.300413012505    -0.011737599969    -0.000043406035    131209.593750000000    132005.296875000000    11324.631835937500    131209.609375000000    131518.656250000000    0.127277344465    0.392611026764    -0.000426471990    -0.000082425075    0.029217220843    -0.116359569132    0.000000000000    0.000000000000    0.000000000000    0.000000000000    0.000000000000    0.000000000000
-0.000000090441    1.300377845764    -0.011883536354    -0.000185738318    130845.101562500000    132372.890625000000    51473.375000000000    130845.101562500000    121955.234375000000    0.009749025106    0.413843333721    -0.000384878920    -0.000201369985    0.061862487346    -0.103190578520    0.000000000000    0.000000000000    0.000000000000    0.000000000000    0.000000000000    0.000000000000
-0.000000091555    1.300300240517    -0.012029086240    -0.000310627831    130521.343750000000    132706.125000000000    86716.859375000000    130521.335937500000    100454.500000000000    -0.107215180993    0.403265923262    -0.000312334305    -0.000301941152    0.089804343879    -0.081427454948    0.000000000000    0.000000000000    0.000000000000    0.000000000000    0.000000000000    0.000000000000
-0.000000092668    1.300187826157    -0.012174313888    -0.000405846338    130271.492187500000    132977.125000000000    113605.171875000000    130271.484375000000    69114.312500000000    -0.216478377581    0.362737059593    -0.000215838343    -0.000377141929    0.110823139548    -0.052462548018    0.000000000000    0.000000000000    0.000000000000    0.000000000000    0.000000000000    0.000000000000
-0.000000093782    1.300051450729    -0.012319318019    -0.000462062686    130122.242187500000    133160.609375000000    129502.812500000000    130122.226562500000    30996.414062500000    -0.311566382647    0.294887721539    -0.000103390230    -0.000422288809    0.122994840145    -0.018293701112    0.000000000000    0.000000000000    0.000000000000    0.000000000000    0.000000000000    0.000000000000
-0.000000094896    1.299904108047    -0.012464219704    -0.000473758031    130090.898437500000    133235.968750000000    132847.171875000000    130090.882812500000    -10171.429687500000    -0.386211544275    0.203214079142    0.000016587670    -0.000434794812    0.124902270734    0.018477104604    0.000000000000    0.000000000000    0.000000000000    0.000000000000    0.000000000000    0.000000000000
-0.000000096010    1.299760460854    -0.012609156780    -0.000439769821    130183.468750000000    133190.375000000000    123303.109375000000    130183.460937500000    -50358.992187500000    -0.434213727713    0.092569634318    0.000135557813    -0.000413933769    0.115883596241    0.054749421775    0.000000000000    0.000000000000    0.000000000000    0.000000000000    0.000000000000    0.000000000000
-0.000000097124    1.299634099007    -0.012754262425    -0.000363410072    130393.765625000000    133022.343750000000    101797.921875000000    130393.757812500000    -85627.890625000000    -0.449581295252    -0.029856041074    0.000244686584    -0.000360529462    0.096278108656    0.087162762880    0.000000000000    0.000000000000    0.000000000000    0.000000000000    0.000000000000    0.000000000000
-0.000000098237    1.299537420273    -0.012899659574    -0.000252145546    130703.687500000000    132744.218750000000    70432.507812500000    130703.687500000000    -112517.976562500000    -0.428134202957    -0.154030486941    0.000334893732    -0.000277624553    0.067558124661    0.112475089729    0.000000000000    0.000000000000    0.000000000000    0.000000000000    0.000000000000    0.000000000000
-0.000000099351    1.299479722977    -0.013045445085    -0.000116869211    131084.750000000000    132383.046875000000    32277.195312500000    131084.765625000000    -128387.921875000000    -0.369995057583    -0.269731372595    0.000399309967    -0.000171492502    0.032264944166    0.128053277731    0.000000000000    0.000000000000    0.000000000000    0.000000000000    0.000000000000    0.000000000000
-0.000000100465    1.299466609955    -0.013191677630    0.000029165552    131500.765625000000    131978.265625000000    -8928.928710937500    131500.781250000000    -131675.890625000000    -0.277717649937    -0.365271061659    0.000431608176    -0.000049518076    -0.006237257272    0.132195562124    0.000000000000    0.000000000000    0.000000000000    0.000000000000    0.000000000000    0.000000000000
-0.000000101579    1.299499273300    -0.013338373974    0.000171644118    131911.140625000000    131576.859375000000    -49145.187500000000    131911.156250000000    -122054.164062500000    -0.158199816942    -0.429617851973    0.000427381252    0.000078807192    -0.044160436839    0.124434970319    -0.000000000000    0.000000000000    -0.000000000000    0.000000000000    -0.000000000000    0.000000000000
-0.000000102693    1.299574255943    -0.013485506177    0.000296595332    132274.937500000000    131226.875000000000    -84426.750000000000    132274.968750000000    -100462.015625000000    -0.022470027208    -0.454345941544    0.000385096850    0.000202343115    -0.077789731324    0.105621263385    -0.000000000000    0.000000000000    -0.000000000000    0.000000000000    -0.000000000000    0.000000000000
-0.000000103806    1.299684286118    -0.013632999733    0.000391762500    132555.000000000000    130970.851562500000    -111312.671875000000    132555.031250000000    -69013.406250000000    0.115564972162    -0.435384333134    0.000306901522    0.000309323397    -0.103964589536    0.077777981758    -0.000000000000    0.000000000000    -0.000000000000    0.000000000000    -0.000000000000    0.000000000000
-0.000000104920    1.299818277359    -0.013780745678    0.000447806058    132721.656250000000    130840.015625000000    -127165.843750000000    132721.687500000000    -30788.867187500000    0.239832699299    -0.373499751091    0.000198617752    0.000387636828    -0.120423622429    0.043798003346    -0.000000000000    0.000000000000    -0.000000000000    0.000000000000    -0.000000000000    0.000000000000
-0.000000106034    1.299962878227    -0.013928604312    0.000459218660    132755.859375000000    130850.703125000000    -130431.335937500000    132755.890625000000    10467.543945312500    0.337495207787    -0.276680856943    0.000071126313    0.000429258333    -0.126067370176    0.006999969482    -0.000000000000    0.000000000000    -0.000000000000    0.000000000000    -0.000000000000    0.000000000000
-0.000000107148    1.300104141235    -0.014076421037    0.000424864003    132651.390625000000    131003.179687500000    -120787.929687500000    132651.421875000000    50715.933593750000    0.399666696787    -0.156324565411    -0.000062847066    0.000430201500    -0.120887212455    -0.029311213642    -0.000000000000    0.000000000000    -0.000000000000    0.000000000000    -0.000000000000    0.000000000000
-0.000000108262    1.300227761269    -0.014224048704    0.000348086585    132415.640625000000    131282.687500000000    -99178.210937500000    132415.671875000000    86016.429687500000    0.422018021345    -0.025549627841    -0.000190092018    0.000390763715    -0.105797953904    -0.062169015408    0.000000000000    0.000000000000    0.000000000000    0.000000000000    0.000000000000    0.000000000000
-0.000000109376    1.300321459770    -0.014371351339    0.000236383101    132069.218750000000    131662.359375000000    -67715.007812500000    132069.250000000000    112914.367187500000    0.405093967915    0.102704606950    -0.000298496074    0.000315644109    -0.082395963371    -0.089152432978    0.000000000000    0.000000000000    0.000000000000    0.000000000000    0.000000000000    0.000000000000
-0.000000110489    1.300376057625    -0.014518219046    0.000100668221    131644.109375000000    132107.046875000000    -29473.869140625000    131644.125000000000    128777.187500000000    0.353344947100    0.217464953661    -0.000378550438    0.000213050109    -0.052703768015    -0.108444981277    0.000000000000    0.000000000000    0.000000000000    0.000000000000    0.000000000000    0.000000000000
-0.000000111603    1.300385951996    -0.014664588496    -0.000045792531    131180.718750000000    132577.671875000000    11807.637695312500    131180.734375000000    132050.828125000000    0.273690283298    0.310624659061    -0.000424221536    0.000093370661    -0.018996242434    -0.118815116584    0.000000000000    0.000000000000    0.000000000000    0.000000000000    0.000000000000    0.000000000000
-0.000000112717    1.300350189209    -0.014810441062    -0.000188678940    130724.140625000000    133034.843750000000    52094.574218750000    130724.140625000000    122410.898437500000    0.174016892910    0.377044916153    -0.000433188019    -0.000032293639    0.016301810741    -0.119567267597    0.000000000000    0.000000000000    0.000000000000    0.000000000000    0.000000000000    0.000000000000
-0.000000113831    1.300271987915    -0.014955810271    -0.000314014731    130319.679687500000    133441.531250000000    87447.859375000000    130319.671875000000    100794.460937500000    0.062151312828    0.413989126682    -0.000406475621    -0.000153364701    0.050658781081    -0.110536463559    0.000000000000    0.000000000000    0.000000000000    0.000000000000    0.000000000000    0.000000000000
-0.000000114945    1.300158619881    -0.015100777149    -0.000409533386    130008.414062500000    133764.921875000000    114408.320312500000    130008.406250000000    69309.445312500000    -0.054593726993    0.420313894749    -0.000347738038    -0.000260646455    0.081479206681    -0.092131994665    0.000000000000    0.000000000000    0.000000000000    0.000000000000    0.000000000000    0.000000000000
-0.000000116058    1.300021171570    -0.015245465562    -0.000465878082    129823.054687500000    133977.390625000000    130334.507812500000    129823.039062500000    31030.068359375000    -0.169220536947    0.395846217871    -0.000262458052    -0.000346681481    0.106201000512    -0.065434224904    0.000000000000    0.000000000000    0.000000000000    0.000000000000    0.000000000000    0.000000000000
-0.000000117172    1.299872994423    -0.015390028246    -0.000477519032    129784.453125000000    134058.031250000000    133661.625000000000    129784.437500000000    -10302.079101562500    -0.274573534727    0.341262102127    -0.000157317059    -0.000405770232    0.122485041618    -0.032279457897    0.000000000000    0.000000000000    0.000000000000    0.000000000000    0.000000000000    0.000000000000
-0.000000118286    1.299728155136    -0.015534631908    -0.000443298341    129899.367187500000    133994.890625000000    124056.218750000000    129899.359375000000    -50642.804687500000    -0.362985908985    0.258560627699    -0.000039860395    -0.000433852256    0.128498345613    0.004733607173    0.000000000000    0.000000000000    0.000000000000    0.000000000000    0.000000000000    0.000000000000
-0.000000119400    1.299600958824    -0.015679445118    -0.000366547873    130159.453125000000    133787.812500000000    102450.859375000000    130159.445312500000    -86040.734375000000    -0.425624966621    0.152064234018    0.000081355000    -0.000427819701    0.123218350112    0.042363952845    0.000000000000    0.000000000000    0.000000000000    0.000000000000    0.000000000000    0.000000000000
-0.000000120514    1.299503684044    -0.015824621543    -0.000254767481    130541.765625000000    133451.093750000000    70954.898437500000    130541.765625000000    -113024.789062500000    -0.455522119999    0.029232114553    0.000196981666    -0.000387602777    0.106729909778    0.077053695917    0.000000000000    0.000000000000    0.000000000000    0.000000000000    0.000000000000    0.000000000000
-0.000000121627    1.299445509911    -0.015970272943    -0.000118894044    131010.804687500000    133014.906250000000    32649.609375000000    131010.804687500000    -128945.609375000000    -0.448256880045    -0.100469142199    0.000298187835    -0.000315846293    0.080333657563    0.105362862349    0.000000000000    0.000000000000    0.000000000000    0.000000000000    0.000000000000    0.000000000000
-0.000000122741    1.299432158470    -0.016116475686    0.000027768228    131521.703125000000    132523.687500000000    -8713.335937500000    131521.718750000000    -132236.937500000000    -0.401512086391    -0.225252896547    0.000376234908    -0.000216802888    0.046459581703    0.124393433332    0.000000000000    0.000000000000    0.000000000000    0.000000000000    0.000000000000    0.000000000000
-0.000000123855    1.299464583397    -0.016263250262    0.000170851228    132024.656250000000    132031.875000000000    -49080.019531250000    132024.671875000000    -122570.656250000000    -0.317227691412    -0.332206279039    0.000423306745    -0.000097420125    0.008416242898    0.132216289639    0.000000000000    0.000000000000    0.000000000000    0.000000000000    0.000000000000    0.000000000000
-0.000000124969    1.299539566040    -0.016410555691    0.000296332029    132469.671875000000    131596.921875000000    -84492.750000000000    132469.703125000000    -100889.656250000000    -0.202215105295    -0.409165650606    0.000433562498    0.000032679622    -0.030034206808    0.128150120378    0.000000000000    0.000000000000    0.000000000000    0.000000000000    0.000000000000    0.000000000000
-0.000000126083    1.299649596214    -0.016558302566    0.000391908514    132811.640625000000    131271.625000000000    -111479.210937500000    132811.671875000000    -69315.375000000000    -0.067643463612    -0.446842014790    0.000404299877    0.000161851058    -0.065177835524    0.112810082734    -0.000000000000    0.000000000000    -0.000000000000    0.000000000000    -0.000000000000    0.000000000000
-0.000000127196    1.299783706665    -0.016706356779    0.000448205683    133014.796875000000    131096.593750000000    -127393.437500000000    133014.828125000000    -30939.037109375000    0.071705088019    -0.439884930849    0.000336314901    0.000276967126    -0.093794979155    0.087970107794    -0.000000000000    0.000000000000    -0.000000000000    0.000000000000    -0.000000000000    0.000000000000
-0.000000128310    1.299928665161    -0.016854546964    0.000459694304    133056.546875000000    131094.765625000000    -130675.000000000000    133056.578125000000    10482.259765625000    0.200295478106    -0.389721840620    0.000235785963    0.000365802640    -0.113539487123    0.056252986193    -0.000000000000    0.000000000000    -0.000000000000    0.000000000000    -0.000000000000    0.000000000000
-0.000000129424    1.300069928169    -0.017002690583    0.000425231294    132929.906250000000    131268.765625000000    -121001.031250000000    132929.937500000000    50894.355468750000    0.305603086948    -0.303739190102    0.000113165755    0.000419856980    -0.123108074069    0.020708136261    -0.000000000000    0.000000000000    -0.000000000000    0.000000000000    -0.000000000000    0.000000000000
-0.000000130538    1.300193667412    -0.017150605097    0.000348170521    132644.421875000000    131601.437500000000    -99316.632812500000    132644.453125000000    86343.164062500000    0.378425419331    -0.192279919982    -0.000019296996    0.000434169342    -0.122171543539    -0.015567865223    -0.000000000000    0.000000000000    -0.000000000000    0.000000000000    -0.000000000000    0.000000000000
-0.000000131652    1.300287485123    -0.017298122868    0.000236033156    132225.515625000000    132059.046875000000    -67741.062500000000    132225.546875000000    113361.093750000000    0.414095759392    -0.067431613803    -0.000148635969    0.000408249180    -0.111240193248    -0.049709022045    0.000000000000    0.000000000000    0.000000000000    0.000000000000    0.000000000000    0.000000000000
-0.000000132765    1.300341963768    -0.017445117235    0.000099771489    131712.218750000000    132596.468750000000    -29359.730468750000    131712.234375000000    129305.179687500000    0.412334859371    0.058906897902    -0.000262847694    0.000345863373    -0.091467551887    -0.079240590334    0.000000000000    0.000000000000    0.000000000000    0.000000000000    0.000000000000    0.000000000000
-0.000000133879    1.300351619720    -0.017591508105    -0.000047301557    131153.562500000000    133163.109375000000    12077.511718750000    131153.578125000000    132614.296875000000    0.376270532608    0.176528483629    -0.000352280622    0.000254159939    -0.064464755356    -0.102127850056    0.000000000000    0.000000000000    0.000000000000    0.000000000000    0.000000000000    0.000000000000
-0.000000134993    1.300315380096    -0.017737278715    -0.000190812716    130603.937500000000    133708.640625000000    52522.105468750000    130603.937500000000    122961.101562500000    0.311095356941    0.277565509081    -0.000410410197    0.000142405945    -0.032193124294    -0.116770803928    0.000000000000    0.000000000000    0.000000000000    0.000000000000    0.000000000000    0.000000000000
-0.000000136107    1.300236582756    -0.017882468179    -0.000316731748    130117.695312500000    134187.109375000000    88021.320312500000    130117.687500000000    101283.929687500000    0.222891330719    0.356373429298    -0.000433989539    0.000020705338    0.003077339381    -0.122014872730    0.000000000000    0.000000000000    0.000000000000    0.000000000000    0.000000000000    0.000000000000
-0.000000137221    1.300122499466    -0.018027171493    -0.000412741851    129743.906250000000    134559.796875000000    115103.460937500000    129743.898437500000    69696.054687500000    0.117913864553    0.408962637186    -0.000422722194    -0.000101065649    0.038790393621    -0.117211580276    0.000000000000    0.000000000000    0.000000000000    0.000000000000    0.000000000000    0.000000000000
-0.000000138334    1.299984335899    -0.018171543255    -0.000469443912    129521.382812500000    134796.484375000000    131116.828125000000    129521.367187500000    31280.634765625000    0.002523824573    0.432347595692    -0.000378671044    -0.000213899359    0.072153195739    -0.102343939245    0.000000000000    0.000000000000    0.000000000000    0.000000000000    0.000000000000    0.000000000000
-0.000000139448    1.299835205078    -0.018315760419    -0.000481277588    129474.617187500000    134876.312500000000    134489.421875000000    129474.601562500000    -10209.032226562500    -0.116405315697    0.424271762371    -0.000305695779    -0.000309913652    0.100282482803    -0.078183613718    0.000000000000    0.000000000000    0.000000000000    0.000000000000    0.000000000000    0.000000000000
-0.000000140562    1.299689650536    -0.018460029736    -0.000447068451    129611.203125000000    134789.015625000000    124884.125000000000    129611.195312500000    -50715.304687500000    -0.231004044414    0.383488982916    -0.000209092672    -0.000382389757    0.120459109545    -0.046403110027    0.000000000000    0.000000000000    0.000000000000    0.000000000000    0.000000000000    0.000000000000
-0.000000141676    1.299561619759    -0.018604550511    -0.000370147201    129920.695312500000    134536.843750000000    103233.656250000000    129920.687500000000    -86272.726562500000    -0.330866128206    0.310359954834    -0.000095454416    -0.000424618891    0.130448698997    -0.009596124291    0.000000000000    0.000000000000    0.000000000000    0.000000000000    0.000000000000    0.000000000000
-0.000000142790    1.299463510513    -0.018749495968    -0.000258028071    130375.343750000000    134136.890625000000    71651.203125000000    130375.343750000000    -113396.710937500000    -0.407610535622    0.209312945604    0.000026501446    -0.000433721463    0.128947615623    0.028933359310    0.000000000000    0.000000000000    0.000000000000    0.000000000000    0.000000000000    0.000000000000
-0.000000143903    1.299404621124    -0.018895011395    -0.000121676581    130932.601562500000    133622.593750000000    33225.250000000000    130932.601562500000    -129425.984375000000    -0.452900320292    0.087032370269    0.000147797327    -0.000408189866    0.115779496729    0.065493144095    0.000000000000    0.000000000000    0.000000000000    0.000000000000    0.000000000000    0.000000000000
-0.000000145017    1.299390673637    -0.019041180611    0.000025562562    131539.000000000000    133043.062500000000    -8282.474609375000    131539.015625000000    -132785.015625000000    -0.459875941277    -0.046538800001    0.000258723769    -0.000348436355    0.092042297125    0.096447914839    0.000000000000    0.000000000000    0.000000000000    0.000000000000    0.000000000000    0.000000000000
-0.000000146131    1.299422740936    -0.019188027829    0.000169272214    132135.421875000000    132459.109375000000    -48805.906250000000    132135.437500000000    -123139.757812500000    -0.425155937672    -0.178733184934    0.000349350128    -0.000257713662    0.060024917126    0.118710041046    0.000000000000    0.000000000000    0.000000000000    0.000000000000    0.000000000000    0.000000000000
-0.000000147245    1.299497485161    -0.019335504621    0.000295375998    132662.718750000000    131936.578125000000    -84374.062500000000    132662.750000000000    -101431.140625000000    -0.350137770176    -0.295627087355    0.000410489534    -0.000142514647    0.022928725928    0.130160450935    0.000000000000    0.000000000000    0.000000000000    0.000000000000    0.000000000000    0.000000000000
-0.000000148359    1.299607515335    -0.019483502954    0.000391518435    133067.750000000000    131537.734375000000    -111501.265625000000    133067.781250000000    -69782.796875000000    -0.241387218237    -0.384196519852    0.000435024034    -0.000012442404    -0.015574801713    0.129896908998    0.000000000000    0.000000000000    0.000000000000    0.000000000000    0.000000000000    0.000000000000
-0.000000149472    1.299741744995    -0.019631864503    0.000448275940    133308.578125000000    131312.343750000000    -127529.320312500000    133308.609375000000    -31292.160156250000    -0.110192604363    -0.434145778418    0.000418892276    0.000120353281    -0.051823705435    0.118287965655    -0.000000000000    0.000000000000    -0.000000000000    0.000000000000    -0.000000000000    0.000000000000
-0.000000150586    1.299886822701    -0.019780391827    0.000460079522    133358.984375000000    131290.421875000000    -130887.812500000000    133359.015625000000    10273.921875000000    0.028344899416    -0.439433813095    0.000361956161    0.000241877715    -0.082592934370    0.096814543009    -0.000000000000    0.000000000000    -0.000000000000    0.000000000000    -0.000000000000    0.000000000000
-0.000000151700    1.300028443336    -0.019928863272    0.000425758917    133211.078125000000    131477.906250000000    -121246.992187500000    133211.109375000000    50848.828125000000    0.159788012505    -0.402408361435    0.000270905293    0.000340265047    -0.105479955673    0.067780598998    -0.000000000000    0.000000000000    -0.000000000000    0.000000000000    -0.000000000000    0.000000000000
-0.000000152814    1.300152420998    -0.020077062771    0.000348655652    132876.500000000000    131856.234375000000    -99548.875000000000    132876.531250000000    86464.367187500000    0.271516472101    -0.328928411007    0.000155024332    0.000406082341    -0.118958190084    0.033917635679    -0.000000000000    0.000000000000    -0.000000000000    0.000000000000    -0.000000000000    0.000000000000
-0.000000153928    1.300246357918    -0.020224800333    0.000236294654    132385.468750000000    132385.765625000000    -67913.804687500000    132385.500000000000    113638.484375000000    0.354410260916    -0.228247433901    0.000026021764    0.000433733396    -0.122364453971    -0.001927286386    -0.000000000000    0.000000000000    -0.000000000000    0.000000000000    -0.000000000000    0.000000000000
-0.000000155041    1.300301074982    -0.020371925086    0.000099647688    131784.031250000000    133011.796875000000    -29432.378906250000    131784.046875000000    129714.593750000000    0.403450816870    -0.111183121800    -0.000103597100    0.000421910401    -0.115782573819    -0.037012394518    0.000000000000    0.000000000000    0.000000000000    0.000000000000    0.000000000000    0.000000000000
-0.000000156155    1.300310730934    -0.020518343896    -0.000047938844    131129.812500000000    133672.281250000000    12136.733398437500    131129.828125000000    133120.187500000000    0.417416423559    0.011628448963    -0.000222139060    0.000373336399    -0.099895596504    -0.068819820881    0.000000000000    0.000000000000    0.000000000000    0.000000000000    0.000000000000    0.000000000000
-0.000000157269    1.300274491310    -0.020664034411    -0.000192047068    130486.468750000000    134305.203125000000    52733.386718750000    130486.468750000000    123519.554687500000    0.397921770811    0.130861967802    -0.000319933926    0.000293921767    -0.075884155929    -0.095096208155    0.000000000000    0.000000000000    0.000000000000    0.000000000000    0.000000000000    0.000000000000
-0.000000158383    1.300195217133    -0.020809045061    -0.000318595034    129917.500000000000    134854.765625000000    88391.578125000000    129917.492187500000    101846.656250000000    0.348303258419    0.238876134157    -0.000389987195    0.000191651779    -0.045389562845    -0.113881088793    0.000000000000    0.000000000000    0.000000000000    0.000000000000    0.000000000000    0.000000000000
-0.000000159497    1.300080657005    -0.020953489468    -0.000415211631    129480.031250000000    135275.359375000000    115625.914062500000    129480.023437500000    70214.539062500000    0.272691786289    0.329489439726    -0.000428111409    0.000075458003    -0.010514836758    -0.123562842607    0.000000000000    0.000000000000    0.000000000000    0.000000000000    0.000000000000    0.000000000000
-0.000000160610    1.299941778183    -0.021097542718    -0.000472445565    129219.085937500000    135533.453125000000    131771.718750000000    129219.070312500000    31710.287109375000    0.175746738911    0.397385507822    -0.000432617759    -0.000045580549    0.026168424636    -0.123024150729    0.000000000000    0.000000000000    0.000000000000    0.000000000000    0.000000000000    0.000000000000
-0.000000161724    1.299791932106    -0.021241415292    -0.000484690798    129162.914062500000    135608.046875000000    135245.843750000000    129162.898437500000    -9905.102539062500    0.062879353762    0.437704652548    -0.000403906713    -0.000162715180    0.061692595482    -0.111835524440    0.000000000000    0.000000000000    0.000000000000    0.000000000000    0.000000000000    0.000000000000
-0.000000162838    1.299645304680    -0.021385345608    -0.000450737483    129320.023437500000    135491.000000000000    125702.734375000000    129320.015625000000    -50563.210937500000    -0.059011504054    0.445994824171    -0.000344051834    -0.000267552881    0.092885017395    -0.090468809009    0.000000000000    0.000000000000    0.000000000000    0.000000000000    0.000000000000    0.000000000000
-0.000000163952    1.299516320229    -0.021529562771    -0.000373894320    129677.976562500000    135187.875000000000    104069.953125000000    129677.968750000000    -86285.656250000000    -0.180039376020    0.418516159058    -0.000256526895    -0.000351203227    0.116657271981    -0.060436695814    0.000000000000    0.000000000000    0.000000000000    0.000000000000    0.000000000000    0.000000000000
-0.000000165066    1.299417257309    -0.021674279124    -0.000261668640    130204.304687500000    134719.562500000000    72459.320312500000    130204.304687500000    -113573.828125000000    -0.291289508343    0.356335043907    -0.000148418418    -0.000408098334    0.130509421229    -0.024267446250    0.000000000000    0.000000000000    0.000000000000    0.000000000000    0.000000000000    0.000000000000
-0.000000166180    1.299357414246    -0.021819654852    -0.000125034683    130849.468750000000    134123.453125000000    33961.574218750000    130849.468750000000    -129752.523437500000    -0.382105857134    0.261986047029    -0.000027131668    -0.000433003763    0.132815271616    0.014698883519    0.000000000000    0.000000000000    0.000000000000    0.000000000000    0.000000000000    0.000000000000
-0.000000167293    1.299342632294    -0.021965783089    0.000022639137    131551.406250000000    133453.203125000000    -7655.653320312500    131551.421875000000    -133233.453125000000    -0.442185372114    0.141828730702    0.000098307784    -0.000422431913    0.123141959310    0.052674286067    0.000000000000    0.000000000000    0.000000000000    0.000000000000    0.000000000000    0.000000000000
-0.000000168407    1.299374103546    -0.022112693638    0.000166898899    132241.687500000000    132775.515625000000    -48317.214843750000    132241.703125000000    -123672.085937500000    -0.463327705860    0.006208091974    0.000217480760    -0.000375396368    0.102384567261    0.085901677608    0.000000000000    0.000000000000    0.000000000000    0.000000000000    0.000000000000    0.000000000000
-0.000000169521    1.299448370934    -0.022260336205    0.000293621473    132852.015625000000    132163.640625000000    -84040.539062500000    132852.046875000000    -102002.031250000000    -0.441231131554    -0.131510883570    0.000319389801    -0.000294181285    0.072656407952    0.111156232655    0.000000000000    0.000000000000    0.000000000000    0.000000000000    0.000000000000    0.000000000000
-0.000000170635    1.299558162689    -0.022408585995    0.000390398607    133321.156250000000    131688.406250000000    -111326.718750000000    133321.187500000000    -70343.406250000000    -0.376724123955    -0.256698817015    0.000393675582    -0.000184753808    0.036990605295    0.126151472330    0.000000000000    0.000000000000    0.000000000000    0.000000000000    0.000000000000    0.000000000000
-0.000000171749    1.299692273140    -0.022557254881    0.000447752333    133600.953125000000    131408.218750000000    -127503.859375000000    133600.984375000000    -31794.361328125000    -0.276085555553    -0.355714410543    0.000432077126    -0.000056614270    -0.001091487706    0.129780232906    0.000000000000    0.000000000000    0.000000000000    0.000000000000    0.000000000000    0.000000000000
-0.000000172862    1.299837470055    -0.022706117481    0.000460062292    133661.328125000000    131360.171875000000    -130988.570312500000    133661.359375000000    9873.375000000000    -0.150568470359    -0.416543483734    0.000428526575    0.000077602774    -0.038020387292    0.122122310102    -0.000000000000    0.000000000000    -0.000000000000    0.000000000000    -0.000000000000    0.000000000000
-0.000000173976    1.299979329109    -0.022854916751    0.000426114653    133493.484375000000    131554.062500000000    -121440.007812500000    133493.515625000000    50584.503906250000    -0.014584213495    -0.435238450766    0.000384185201    0.000204158394    -0.070656284690    0.104354493320    -0.000000000000    0.000000000000    -0.000000000000    0.000000000000    -0.000000000000    0.000000000000
-0.000000175090    1.300103545189    -0.023003406823    0.000349218753    133111.015625000000    131970.937500000000    -99791.968750000000    133111.046875000000    86359.078125000000    0.117897681892    -0.412433922291    0.000304082583    0.000310724863    -0.096508599818    0.078397408128    -0.000000000000    0.000000000000    -0.000000000000    0.000000000000    -0.000000000000    0.000000000000
-0.000000176204    1.300197839737    -0.023151367903    0.000236881606    132548.781250000000    132566.187500000000    -68160.312500000000    132548.812500000000    113701.218750000000    0.234754398465    -0.353000342846    0.000196744397    0.000387494947    -0.113838657737    0.046622764319    -0.000000000000    0.000000000000    -0.000000000000    0.000000000000    -0.000000000000    0.000000000000
-0.000000177318    1.300252914429    -0.023298624903    0.000100073099    131859.843750000000    133276.390625000000    -29635.314453125000    131859.859375000000    129939.781250000000    0.327032476664    -0.264842808247    0.000073107985    0.000428300147    -0.121633082628    0.011596951634    -0.000000000000    0.000000000000    -0.000000000000    0.000000000000    -0.000000000000    0.000000000000
-0.000000178431    1.300262808800    -0.023445075378    -0.000047846188    131110.281250000000    134028.234375000000    12020.496093750000    131110.296875000000    133488.125000000000    0.389319032431    -0.157286405563    -0.000054995660    0.000430978078    -0.119532398880    -0.024079116061    -0.000000000000    0.000000000000    -0.000000000000    0.000000000000    -0.000000000000    0.000000000000
-0.000000179545    1.300226569176    -0.023590691388    -0.000192429390    130373.085937500000    134747.890625000000    52739.308593750000    130373.085937500000    123998.242187500000    0.419350832701    -0.039551250637    -0.000176350790    0.000397107826    -0.107736654580    -0.057857181877    0.000000000000    0.000000000000    0.000000000000    0.000000000000    0.000000000000    0.000000000000
-0.000000180659    1.300147175789    -0.023735526949    -0.000319553306    129720.882812500000    135368.953125000000    88544.382812500000    129720.875000000000    102394.601562500000    0.417106211185    0.079997286201    -0.000281372719    0.000331227027    -0.086986556649    -0.087275162339    0.000000000000    0.000000000000    0.000000000000    0.000000000000    0.000000000000    0.000000000000
-0.000000181773    1.300032496452    -0.023879716173    -0.000416796975    129218.890625000000    135837.921875000000    115937.546875000000    129218.882812500000    70784.406250000000    0.383873134851    0.193998754025    -0.000362670980    0.000239848974    -0.058588828892    -0.110010720789    0.000000000000    0.000000000000    0.000000000000    0.000000000000    0.000000000000    0.000000000000
-0.000000182887    1.299893140793    -0.024023452774    -0.000474655011    128918.390625000000    136116.828125000000    132240.468750000000    128918.375000000000    32253.007812500000    0.321807682514    0.295649915934    -0.000415073097    0.000130628279    -0.024480804801    -0.124018162489    0.000000000000    0.000000000000    0.000000000000    0.000000000000    0.000000000000    0.000000000000
-0.000000184000    1.299742579460    -0.024166980758    -0.000487467711    128851.500000000000    136183.968750000000    135856.687500000000    128851.484375000000    -9436.155273437500    0.233950763941    0.378280669451    -0.000435460999    0.000011746801    0.012767096981    -0.127730682492    0.000000000000    0.000000000000    0.000000000000    0.000000000000    0.000000000000    0.000000000000
-0.000000185114    1.299595355988    -0.024310573936    -0.000453976536    129027.734375000000    136033.359375000000    126428.671875000000    129027.726562500000    -50208.289062500000    0.125059783459    0.434348434210    -0.000421866018    -0.000108048407    0.050023850054    -0.120319083333    0.000000000000    0.000000000000    0.000000000000    0.000000000000    0.000000000000    0.000000000000
-0.000000186228    1.299465537071    -0.024454491213    -0.000377450488    129432.789062500000    135674.578125000000    104874.429687500000    129432.781250000000    -86075.281250000000    0.002544581890    0.457796722651    -0.000375053001    -0.000219550682    0.083865091205    -0.101978600025    0.000000000000    0.000000000000    0.000000000000    0.000000000000    0.000000000000    0.000000000000
-0.000000187342    1.299365520477    -0.024598972872    -0.000265369541    130029.593750000000    135133.156250000000    73299.171875000000    130029.593750000000    -113526.250000000000    -0.124931946397    0.445348262787    -0.000298728002    -0.000314757868    0.110973931849    -0.074046820402    0.000000000000    0.000000000000    0.000000000000    0.000000000000    0.000000000000    0.000000000000
-0.000000188456    1.299304842949    -0.024744199589    -0.000128695159    130761.710937500000    134451.375000000000    34790.605468750000    130761.710937500000    -129872.210937500000    -0.246545970440    0.395036041737    -0.000197569607    -0.000385935884    0.128524765372    -0.038960490376    0.000000000000    0.000000000000    0.000000000000    0.000000000000    0.000000000000    0.000000000000
-0.000000189569    1.299289226532    -0.024890284985    0.000019201234    131558.625000000000    133687.921875000000    -6882.928710937500    131558.640625000000    -133510.640625000000    -0.350232064724    0.308599203825    -0.000078461511    -0.000426275248    0.134621053934    -0.000047549605    0.000000000000    0.000000000000    0.000000000000    0.000000000000    0.000000000000    0.000000000000
-0.000000190683    1.299319982529    -0.025037255138    0.000163847246    132342.578125000000    132915.234375000000    -47641.757812500000    132342.593750000000    -124083.531250000000    -0.424287408590    0.192249476910    0.000049462000    -0.000430718472    0.128597199917    0.038869667798    0.000000000000    0.000000000000    0.000000000000    0.000000000000    0.000000000000    0.000000000000
-0.000000191797    1.299393534660    -0.025185057893    0.000291087170    133036.156250000000    132213.281250000000    -83495.273437500000    133036.187500000000    -102512.875000000000    -0.459383130074    0.056587062776    0.000175200665    -0.000396964693    0.111129701138    0.073976434767    0.000000000000    0.000000000000    0.000000000000    0.000000000000    0.000000000000    0.000000000000
-0.000000192911    1.299502730370    -0.025333549827    0.000388468732    133570.046875000000    131660.625000000000    -110933.640625000000    133570.078125000000    -70910.125000000000    -0.450409412384    -0.084598109126    0.000286886090    -0.000326349458    0.084111340344    0.101958781481    0.000000000000    0.000000000000    0.000000000000    0.000000000000    0.000000000000    0.000000000000
-0.000000194025    1.299636483192    -0.025482520461    0.000446462305    133889.750000000000    131323.515625000000    -127271.937500000000    133889.781250000000    -32368.408203125000    -0.397667616606    -0.216234892607    0.000373159128    -0.000224284304    0.050354860723    0.120397299528    0.000000000000    0.000000000000    0.000000000000    0.000000000000    0.000000000000    0.000000000000
-0.000000195138    1.299781441689    -0.025631710887    0.000459392759    133961.375000000000    131245.687500000000    -130912.820312500000    133961.406250000000    9341.346679687500    -0.306821107864    -0.323509275913    0.000424070313    -0.000099967649    0.013179104775    0.127960085869    0.000000000000    0.000000000000    0.000000000000    0.000000000000    0.000000000000    0.000000000000
-0.000000196252    1.299923300743    -0.025780836120    0.000425992737    133775.015625000000    131441.093750000000    -121501.859375000000    133775.046875000000    50140.355468750000    -0.189024507999    -0.395516186953    0.000433903362    0.000033817982    -0.024029970169    0.124458968639    0.000000000000    0.000000000000    0.000000000000    0.000000000000    0.000000000000    0.000000000000
-0.000000197366    1.300047755241    -0.025929618627    0.000349524344    133346.140625000000    131891.000000000000    -99960.750000000000    133346.171875000000    86041.156250000000    -0.057733975351    -0.427891999483    0.000402959937    0.000163537654    -0.058213040233    0.110696621239    -0.000000000000    0.000000000000    -0.000000000000    0.000000000000    -0.000000000000    0.000000000000
-0.000000198480    1.300142288208    -0.026077805087    0.000237457687    132714.187500000000    132546.718750000000    -68395.875000000000    132714.218750000000    113536.937500000000    0.073943987489    -0.420224845409    0.000335144694    0.000276800682    -0.086818218231    0.088175162673    -0.000000000000    0.000000000000    -0.000000000000    0.000000000000    -0.000000000000    0.000000000000
-0.000000199594    1.300197362900    -0.026225199923    0.000100739424    131938.968750000000    133336.968750000000    -29891.605468750000    131938.984375000000    129943.210937500000    0.194559603930    -0.376207947731    0.000238046516    0.000363571395    -0.107894837856    0.058872126043    -0.000000000000    0.000000000000    -0.000000000000    0.000000000000    -0.000000000000    0.000000000000
-0.000000200707    1.300207614899    -0.026371685788    -0.000047277535    131095.031250000000    134177.859375000000    11791.301757812500    131095.046875000000    133658.781250000000    0.295400530100    -0.302188158035    0.000121628225    0.000417172385    -0.120072692633    0.025046844035    -0.000000000000    0.000000000000    -0.000000000000    0.000000000000    -0.000000000000    0.000000000000
-0.000000201821    1.300171494484    -0.026517232880    -0.000192137639    130264.531250000000    134983.968750000000    52582.546875000000    130264.531250000000    124321.164062500000    0.370634078979    -0.205740958452    -0.000003190791    0.000434568617    -0.122529476881    -0.010858885944    -0.000000000000    0.000000000000    -0.000000000000    0.000000000000    -0.000000000000    0.000000000000
-0.000000202935    1.300092339516    -0.026661900803    -0.000319693499    129529.187500000000    135677.812500000000    88498.929687500000    129529.179687500000    102841.695312500000    0.416839152575    -0.094553910196    -0.000125818915    0.000416093855    -0.114977374673    -0.046272445470    0.000000000000    0.000000000000    0.000000000000    0.000000000000    0.000000000000    0.000000000000
-0.000000204049    1.299977540970    -0.026805836707    -0.000417486735    128962.312500000000    136197.093750000000    116032.507812500000    128962.304687500000    71316.976562500000    0.432212620974    0.024048060179    -0.000236874504    0.000364769337    -0.097711257637    -0.078529454768    0.000000000000    0.000000000000    0.000000000000    0.000000000000    0.000000000000    0.000000000000
-0.000000205163    1.299837946892    -0.026949262246    -0.000475964480    128621.500000000000    136498.421875000000    132492.781250000000    128621.484375000000    32825.144531250000    0.415982037783    0.142909407616    -0.000328563765    0.000285546412    -0.071714885533    -0.104973733425    0.000000000000    0.000000000000    0.000000000000    0.000000000000    0.000000000000    0.000000000000
-0.000000206276    1.299687147141    -0.027092451230    -0.000489413680    128542.750000000000    136558.390625000000    136269.812500000000    128542.734375000000    -8873.620117187500    0.368237078190    0.254635870457    -0.000394766626    0.000184666715    -0.038744524121    -0.123139396310    0.000000000000    0.000000000000    0.000000000000    0.000000000000    0.000000000000    0.000000000000
-0.000000207390    1.299539327621    -0.027235707268    -0.000456521142    128736.726562500000    136372.812500000000    126992.523437500000    128736.718750000000    -49703.613281250000    0.290299624205    0.349567860365    -0.000429527921    0.000069402544    -0.001379203051    -0.131016552448    0.000000000000    0.000000000000    0.000000000000    0.000000000000    0.000000000000    0.000000000000
-0.000000208504    1.299408793449    -0.027379322797    -0.000380504527    129187.351562500000    135955.421875000000    105566.242187500000    129187.343750000000    -85671.773437500000    0.186914280057    0.420643329620    -0.000431192137    -0.000051369207    0.037160739303    -0.127456575632    0.000000000000    0.000000000000    0.000000000000    0.000000000000    0.000000000000    0.000000000000
-0.000000209618    1.299307942390    -0.027523566037    -0.000268800039    129853.062500000000    135337.218750000000    74085.406250000000    129853.062500000000    -113258.648437500000    0.064465746284    0.460640072823    -0.000399335200    -0.000169014500    0.073275387287    -0.112369313836    0.000000000000    0.000000000000    0.000000000000    0.000000000000    0.000000000000    0.000000000000
-0.000000210732    1.299246311188    -0.027668641880    -0.000132336660    130670.695312500000    134566.328125000000    35629.703125000000    130670.695312500000    -129763.726562500000    -0.067852437496    0.463385105133    -0.000335146498    -0.000274582853    0.103391379118    -0.086887270212    0.000000000000    0.000000000000    0.000000000000    0.000000000000    0.000000000000    0.000000000000
-0.000000211845    1.299229621887    -0.027814676985    0.000015532696    131561.328125000000    133707.343750000000    -6037.165039062500    131561.343750000000    -133571.000000000000    -0.198220610619    0.425622880459    -0.000242204318    -0.000359089900    0.124438479543    -0.053332354873    0.000000000000    0.000000000000    0.000000000000    0.000000000000    0.000000000000    0.000000000000
-0.000000212959    1.299259305000    -0.027961704880    0.000160338474    132438.093750000000    132838.765625000000    -46836.351562500000    132438.109375000000    -124308.070312500000    -0.313356816769    0.348379254341    -0.000126854633    -0.000414250739    0.134289741516    -0.014970201999    0.000000000000    0.000000000000    0.000000000000    0.000000000000    0.000000000000    0.000000000000
-0.000000214073    1.299332261086    -0.028109660372    0.000287911855    133214.484375000000    132047.109375000000    -82774.132812500000    133214.515625000000    -102882.851562500000    -0.400411963463    0.237630635500    0.000001766170    -0.000433568377    0.132051110268    0.024407822639    0.000000000000    0.000000000000    0.000000000000    0.000000000000    0.000000000000    0.000000000000
-0.000000215187    1.299440860748    -0.028258388862    0.000385772466    133813.093750000000    131417.906250000000    -110333.734375000000    133813.125000000000    -71394.179687500000    -0.449124932289    0.104035936296    0.000132242014    -0.000413514907    0.118159420788    0.060987956822    0.000000000000    0.000000000000    0.000000000000    0.000000000000    0.000000000000    0.000000000000
-0.000000216301    1.299574017525    -0.028407655656    0.000444349949    134173.187500000000    131024.390625000000    -126820.015625000000    134173.218750000000    -32925.214843750000    -0.453717291355    -0.038407057524    0.000251999474    -0.000354513963    0.094254203141    0.091419316828    0.000000000000    0.000000000000    0.000000000000    0.000000000000    0.000000000000    0.000000000000
-0.000000217414    1.299718618393    -0.028557173908    0.000457919086    134256.953125000000    130916.289062500000    -130622.890625000000    134256.984375000000    8759.579101562500    -0.413903146982    -0.174521952868    0.000348911155    -0.000261340436    0.062865719199    0.113168537617    0.000000000000    0.000000000000    0.000000000000    0.000000000000    0.000000000000    0.000000000000
-0.000000218528    1.299860000610    -0.028706623241    0.000425157690    134053.375000000000    131111.328125000000    -121373.921875000000    134053.406250000000    49583.730468750000    -0.334419935942    -0.288476079702    0.000411402783    -0.000142599340    0.027056299150    0.124683909118    0.000000000000    0.000000000000    0.000000000000    0.000000000000    0.000000000000    0.000000000000
-0.000000219642    1.299984335899    -0.028855690733    0.000349272712    133579.609375000000    131591.234375000000    -99980.632812500000    133579.640625000000    85557.718750000000    -0.226472720504    -0.371390074492    0.000434890506    -0.000011280245    -0.010027153417    0.125499784946    0.000000000000    0.000000000000    0.000000000000    0.000000000000    0.000000000000    0.000000000000
-0.000000220756    1.300078988075    -0.029004100710    0.000237683955    132879.515625000000    132303.968750000000    -68536.414062500000    132879.546875000000    113168.460937500000    -0.101971343160    -0.417581439018    0.000417999021    0.000119687465    -0.045423630625    0.115995638072    -0.000000000000    0.000000000000    -0.000000000000    0.000000000000    -0.000000000000    0.000000000000
-0.000000221870    1.300134420395    -0.029151635244    0.000101296748    132019.609375000000    133171.218750000000    -30115.011718750000    132019.625000000000    129721.476562500000    0.027078807354    -0.425797104836    0.000363668747    0.000238085893    -0.076537981629    0.097224764526    -0.000000000000    0.000000000000    -0.000000000000    0.000000000000    -0.000000000000    0.000000000000
