wc / wrf: 0.935595
 t  x  y  z vpar vper vx vy vz re(e1)  im(e1)  re(e2)  im(e2)  re(e3)  im(e3)  re(b1)  im(b1)  re(b2)  im(b2)  re(b3)  im(b3)
-0.000000000223    1.299884200096    -0.000029250359    0.000450908497    131308.406250000000    131300.750000000000    -127174.671875000000    131308.437500000000    -32657.074218750000    -0.414345055819    0.149313867092    0.000077447236    -0.000428396132    0.121735110879    0.037153363228    0.000000000000    0.000000000000    0.000000000000    0.000000000000    0.000000000000    0.000000000000
-0.000000001337    1.300029039383    -0.000175502340    0.000464626326    131308.609375000000    131262.390625000000    -131004.398437500000    131308.640625000000    8225.505859375000    -0.432812958956    0.013975031674    0.000203995107    -0.000384133746    0.104227840900    0.069721519947    0.000000000000    0.000000000000    0.000000000000    0.000000000000    0.000000000000    0.000000000000
-0.000000002450    1.300171017647    -0.000321753672    0.000432889181    131306.796875000000    131230.921875000000    -122022.078125000000    131306.828125000000    48292.476562500000    -0.409011542797    -0.118489272892    0.000311041513    -0.000303591252    0.078422851861    0.095428444445    0.000000000000    0.000000000000    0.000000000000    0.000000000000    0.000000000000    0.000000000000
-0.000000003564    1.300296306610    -0.000468000624    0.000358812336    131300.390625000000    131213.562500000000    -101110.953125000000    131300.421875000000    83627.585937500000    -0.347422450781    -0.235068187118    0.000388251152    -0.000194986220    0.046823333949    0.112463340163    0.000000000000    0.000000000000    0.000000000000    0.000000000000    0.000000000000    0.000000000000
-0.000000004678    1.300392508507    -0.000614236982    0.000249647826    131287.546875000000    131213.531250000000    -70319.187500000000    131287.578125000000    110779.976562500000    -0.256313890219    -0.325808465481    0.000428802887    -0.000069391870    0.012151714414    0.119860976934    0.000000000000    0.000000000000    0.000000000000    0.000000000000    0.000000000000    0.000000000000
-0.000000005792    1.300450205803    -0.000760455092    0.000116072944    131267.656250000000    131229.109375000000    -32658.675781250000    131267.671875000000    127100.312500000000    -0.145918607712    -0.384689092636    0.000430070970    0.000060865026    -0.022894632071    0.117399834096    0.000000000000    0.000000000000    0.000000000000    0.000000000000    0.000000000000    0.000000000000
-0.000000006906    1.300463914871    -0.000906647416    -0.000028854540    131241.500000000000    131254.093750000000    8189.545898437500    131241.515625000000    130998.359375000000    -0.026697903872    -0.409501701593    0.000393541617    0.000183813929    -0.055774904788    0.105474524200    -0.000000000000    0.000000000000    -0.000000000000    0.000000000000    -0.000000000000    0.000000000000
-0.000000008019    1.300432324409    -0.001052808133    -0.000170972344    131211.390625000000    131279.437500000000    48234.585937500000    131211.406250000000    122097.179687500000    0.091921187937    -0.401028454304    0.000324118679    0.000289158517    -0.084157243371    0.084994524717    -0.000000000000    0.000000000000    -0.000000000000    0.000000000000    -0.000000000000    0.000000000000
-0.000000009133    1.300358295441    -0.001198934624    -0.000296396553    131180.890625000000    131295.781250000000    83564.812500000000    131180.890625000000    101269.492187500000    0.202058553696    -0.361960798502    0.000229084835    0.000369062618    -0.105948463082    0.057348638773    -0.000000000000    0.000000000000    -0.000000000000    0.000000000000    -0.000000000000    0.000000000000
-0.000000010247    1.300249099731    -0.001345028984    -0.000392877293    131154.390625000000    131295.937500000000    110729.257812500000    131154.390625000000    70552.554687500000    0.297270566225    -0.295947223902    0.000116993295    0.000418414944    -0.119348742068    0.024411564693    -0.000000000000    0.000000000000    -0.000000000000    0.000000000000    -0.000000000000    0.000000000000
-0.000000011361    1.300115585327    -0.001491098315    -0.000450994994    131136.656250000000    131276.828125000000    127074.468750000000    131136.656250000000    32949.886718750000    0.372009962797    -0.207204490900    -0.000003192792    0.000434630987    -0.122986041009    -0.011435853317    -0.000000000000    0.000000000000    -0.000000000000    0.000000000000    -0.000000000000    0.000000000000
-0.000000012475    1.299970746040    -0.001637154841    -0.000465081452    131132.000000000000    131239.671875000000    131004.039062500000    131132.000000000000    -7861.382812500000    0.421171069145    -0.100658185780    -0.000122644662    0.000417289790    -0.116111189127    -0.047353290021    0.000000000000    0.000000000000    0.000000000000    0.000000000000    0.000000000000    0.000000000000
-0.000000013588    1.299828648567    -0.001783214975    -0.000433774665    131143.734375000000    131188.625000000000    122135.460937500000    131143.734375000000    -47889.378906250000    0.440075099468    0.017461746931    -0.000232860912    0.000367827131    -0.098827958107    -0.080202534795    0.000000000000    0.000000000000    0.000000000000    0.000000000000    0.000000000000    0.000000000000
-0.000000014702    1.299703240395    -0.001929298276    -0.000360153266    131173.484375000000    131128.500000000000    101338.484375000000    131173.484375000000    -83217.796875000000    0.425037443638    0.139149457216    -0.000325793109    0.000289433956    -0.072252348065    -0.106837540865    0.000000000000    0.000000000000    0.000000000000    0.000000000000    0.000000000000    0.000000000000
-0.000000015816    1.299606680870    -0.002075424418    -0.000251436373    131220.796875000000    131062.601562500000    70650.937500000000    131220.796875000000    -110389.570312500000    0.374110311270    0.253707647324    -0.000393295253    0.000186975638    -0.038561370224    -0.124476864934    0.000000000000    0.000000000000    0.000000000000    0.000000000000    0.000000000000    0.000000000000
-0.000000016930    1.299548506737    -0.002221612260    -0.000118277254    131282.921875000000    130991.820312500000    33079.535156250000    131282.937500000000    -126746.218750000000    0.289710640907    0.350684225559    -0.000429653854    0.000068141846    -0.000831559300    -0.131165489554    0.000000000000    0.000000000000    0.000000000000    0.000000000000    0.000000000000    0.000000000000
-0.000000018044    1.299534320831    -0.002367875539    0.000026280257    131354.921875000000    130915.273437500000    -7694.762695312500    131354.937500000000    -130688.945312500000    0.177466675639    0.419922739267    -0.000430970220    -0.000058112764    0.037295624614    -0.126066416502    0.000000000000    0.000000000000    0.000000000000    0.000000000000    0.000000000000    0.000000000000
-0.000000019157    1.299565315247    -0.002514221007    0.000168079976    131430.000000000000    130832.468750000000    -47677.875000000000    131430.015625000000    -121835.773437500000    0.046679720283    0.452525794506    -0.000395336421    -0.000181515803    0.072057791054    -0.109621077776    0.000000000000    0.000000000000    0.000000000000    0.000000000000    0.000000000000    0.000000000000
-0.000000020271    1.299638748169    -0.002660648432    0.000293240912    131500.203125000000    130745.343750000000    -82954.687500000000    131500.234375000000    -101058.718750000000    -0.090050563216    0.443057209253    -0.000324006745    -0.000290942553    0.100066855550    -0.083518244326    0.000000000000    0.000000000000    0.000000000000    0.000000000000    0.000000000000    0.000000000000
-0.000000021385    1.299747109413    -0.002807147335    0.000389517314    131557.203125000000    130659.578125000000    -110073.187500000000    131557.234375000000    -70397.554687500000    -0.217914760113    0.390749514103    -0.000221797411    -0.000375139614    0.118739426136    -0.050462625921    0.000000000000    0.000000000000    0.000000000000    0.000000000000    0.000000000000    0.000000000000
-0.000000022499    1.299879908562    -0.002953698859    0.000447497092    131593.296875000000    130584.375000000000    -126382.718750000000    131593.328125000000    -32858.554687500000    -0.322082906961    0.300707042217    -0.000097660501    -0.000424258062    0.126583665609    -0.013779968023    0.000000000000    0.000000000000    0.000000000000    0.000000000000    0.000000000000    0.000000000000
-0.000000023613    1.300024151802    -0.003100275761    0.000461521064    131602.375000000000    130530.804687500000    -130292.648437500000    131602.406250000000    7881.258789062500    -0.392451733351    0.183613628149    0.000036059657    -0.000433454203    0.123320885003    0.023068241775    0.000000000000    0.000000000000    0.000000000000    0.000000000000    0.000000000000    0.000000000000
-0.000000024726    1.300165534019    -0.003246845910    0.000430233631    131580.703125000000    130509.148437500000    -121426.710937500000    131580.734375000000    47835.019531250000    -0.422851443291    0.052473254502    0.000166163576    -0.000401636818    0.109721437097    0.056879520416    0.000000000000    0.000000000000    0.000000000000    0.000000000000    0.000000000000    0.000000000000
-0.000000025840    1.300290226936    -0.003393374151    0.000356711389    131527.671875000000    130526.101562500000    -100658.125000000000    131527.703125000000    83096.351562500000    -0.412265121937    -0.078987784684    0.000279915839    -0.000332281925    0.087373659015    0.085001632571    0.000000000000    0.000000000000    0.000000000000    0.000000000000    0.000000000000    0.000000000000
-0.000000026954    1.300386071205    -0.003539826954    0.000248158554    131446.015625000000    130582.562500000000    -70022.625000000000    131446.046875000000    110220.859375000000    -0.364341080189    -0.198373913765    0.000366694090    -0.000232863997    0.058398317546    0.105469793081    0.000000000000    0.000000000000    0.000000000000    0.000000000000    0.000000000000    0.000000000000
-0.000000028068    1.300443649292    -0.003686175682    0.000115199502    131341.875000000000    130672.468750000000    -32518.412109375000    131341.890625000000    126561.632812500000    -0.286102861166    -0.296101003885    0.000419220305    -0.000113671573    0.025191046298    0.117016330361    0.000000000000    0.000000000000    0.000000000000    0.000000000000    0.000000000000    0.000000000000
-0.000000029182    1.300457239151    -0.003832399612    -0.000029161152    131224.218750000000    130783.101562500000    8187.140625000000    131224.234375000000    130526.593750000000    -0.186287477612    -0.366001158953    0.000434137270    0.000013713325    -0.009753998369    0.119001775980    0.000000000000    0.000000000000    0.000000000000    0.000000000000    0.000000000000    0.000000000000
-0.000000030295    1.300425648689    -0.003978490364    -0.000170809988    131104.343750000000    130896.921875000000    48115.523437500000    131104.359375000000    121732.921875000000    -0.073865868151    -0.405061066151    0.000411886867    0.000137898896    -0.043931946158    0.111343584955    -0.000000000000    0.000000000000    -0.000000000000    0.000000000000    -0.000000000000    0.000000000000
-0.000000031409    1.300351858139    -0.004124451894    -0.000295903359    130994.570312500000    130994.687500000000    83365.085937500000    130994.562500000000    101043.937500000000    0.042858891189    -0.412625432014    0.000356062519    0.000248816534    -0.074867375195    0.094494000077    -0.000000000000    0.000000000000    -0.000000000000    0.000000000000    -0.000000000000    0.000000000000
-0.000000032523    1.300243020058    -0.004270303063    -0.000392219576    130907.031250000000    131059.179687500000    110491.609375000000    130907.023437500000    70484.890625000000    0.156496673822    -0.389506459236    0.000272509584    0.000338382612    -0.100166603923    0.069472759962    -0.000000000000    0.000000000000    -0.000000000000    0.000000000000    -0.000000000000    0.000000000000
-0.000000033637    1.300109863281    -0.004416073207    -0.000450353138    130852.414062500000    131078.468750000000    126844.609375000000    130852.406250000000    33045.738281250000    0.260280698538    -0.337373435497    0.000168435159    0.000400689954    -0.117627464235    0.037929214537    -0.000000000000    0.000000000000    -0.000000000000    0.000000000000    -0.000000000000    0.000000000000
-0.000000034751    1.299965023994    -0.004561805632    -0.000464634184    130838.656250000000    131047.906250000000    130826.773437500000    130838.640625000000    -7610.367187500000    0.347551345825    -0.258799433708    0.000051820425    0.000431855617    -0.125451788306    0.002184290439    -0.000000000000    0.000000000000    -0.000000000000    0.000000000000    -0.000000000000    0.000000000000
-0.000000035864    1.299823045731    -0.004707546905    -0.000433683977    130869.914062500000    130969.906250000000    122050.921875000000    130869.906250000000    -47504.710937500000    0.411560088396    -0.157626241446    -0.000068979942    0.000429858337    -0.122492522001    -0.034837644547    -0.000000000000    0.000000000000    -0.000000000000    0.000000000000    -0.000000000000    0.000000000000
-0.000000036978    1.299697637558    -0.004853349179    -0.000360550708    130945.898437500000    130852.187500000000    101378.859375000000    130945.890625000000    -82732.273437500000    0.445760428905    -0.039784297347    -0.000185298544    0.000394456816    -0.108540348709    -0.069803804159    0.000000000000    0.000000000000    0.000000000000    0.000000000000    0.000000000000    0.000000000000
-0.000000038092    1.299600958824    -0.004999258090    -0.000252411875    131061.609375000000    130705.093750000000    70837.882812500000    131061.609375000000    -109844.531250000000    0.444086730480    0.085610508919    -0.000287684292    0.000326870912    -0.084500715137    -0.099297076464    0.000000000000    0.000000000000    0.000000000000    0.000000000000    0.000000000000    0.000000000000
-0.000000039206    1.299542427063    -0.005145313684    -0.000119871562    131207.578125000000    130539.179687500000    33422.425781250000    131207.593750000000    -126188.046875000000    0.404786854982    0.208072096109    -0.000367935281    0.000232023594    -0.052435152233    -0.120315320790    0.000000000000    0.000000000000    0.000000000000    0.000000000000    0.000000000000    0.000000000000
-0.000000040320    1.299527645111    -0.005291542970    0.000024079091    131370.640625000000    130364.179687500000    -7199.661621093750    131370.656250000000    -130165.226562500000    0.328961759806    0.316028058529    -0.000418915210    0.000116556126    -0.015358645469    -0.130652323365    0.000000000000    0.000000000000    0.000000000000    0.000000000000    0.000000000000    0.000000000000
-0.000000041433    1.299558043480    -0.005437955726    0.000165335674    131535.109375000000    130189.406250000000    -47047.203125000000    131535.125000000000    -121391.281250000000    0.221630632877    0.397643387318    -0.000434832997    -0.000010856220    0.023096807301    -0.129227787256    0.000000000000    0.000000000000    0.000000000000    0.000000000000    0.000000000000    0.000000000000
-0.000000042547    1.299630641937    -0.005584545434    0.000290063792    131684.234375000000    130024.796875000000    -82216.734375000000    131684.265625000000    -100731.593750000000    0.092239722610    0.442954868078    -0.000412457826    -0.000139491458    0.059151068330    -0.116261117160    0.000000000000    0.000000000000    0.000000000000    0.000000000000    0.000000000000    0.000000000000
-0.000000043661    1.299738168716    -0.005731285084    0.000386054860    131801.984375000000    129881.734375000000    -109265.617187500000    131802.015625000000    -70216.000000000000    -0.046007871628    0.445504486561    -0.000351850846    -0.000257204665    0.089364394546    -0.093216560781    0.000000000000    0.000000000000    0.000000000000    0.000000000000    0.000000000000    0.000000000000
-0.000000044775    1.299870133400    -0.005878131837    0.000443921424    131874.750000000000    129772.914062500000    -125549.390625000000    131874.781250000000    -32838.332031250000    -0.177355825901    0.403918564320    -0.000257190433    -0.000351300929    0.111046940088    -0.062562584877    0.000000000000    0.000000000000    0.000000000000    0.000000000000    0.000000000000    0.000000000000
-0.000000045889    1.300013184547    -0.006025030278    0.000458014227    131892.796875000000    129710.960937500000    -129479.921875000000    131892.828125000000    7738.272460937500    -0.288344293833    0.324134707451    -0.000137992829    -0.000412509340    0.122581094503    -0.027373373508    0.000000000000    0.000000000000    0.000000000000    0.000000000000    0.000000000000    0.000000000000
-0.000000047003    1.300153613091    -0.006171915680    0.000426971848    131851.593750000000    129706.101562500000    -120679.390625000000    131851.625000000000    47541.078125000000    -0.368179798126    0.215627461672    -0.000005932066    -0.000434632268    0.123405806720    0.009104007855    0.000000000000    0.000000000000    0.000000000000    0.000000000000    0.000000000000    0.000000000000
-0.000000048116    1.300277709961    -0.006318722386    0.000353849871    131752.437500000000    129763.453125000000    -100015.460937500000    131752.468750000000    82676.835937500000    -0.410488516092    0.090587355196    0.000125934355    -0.000415832619    0.113932110369    0.043800406158    0.000000000000    0.000000000000    0.000000000000    0.000000000000    0.000000000000    0.000000000000
-0.000000049230    1.300372838974    -0.006465389393    0.000245817762    131602.625000000000    129880.882812500000    -69514.796875000000    131602.656250000000    109712.062500000000    -0.413714379072    -0.038142576814    0.000244894240    -0.000358781137    0.095337867737    0.074069723487    0.000000000000    0.000000000000    0.000000000000    0.000000000000    0.000000000000    0.000000000000
-0.000000050344    1.300429821014    -0.006611866876    0.000113454917    131414.953125000000    130047.789062500000    -32163.785156250000    131414.968750000000    126007.617187500000    -0.380503237247    -0.158990800381    0.000340212195    -0.000270047865    0.069325238466    0.097797691822    0.000000000000    0.000000000000    0.000000000000    0.000000000000    0.000000000000    0.000000000000
-0.000000051458    1.300443291664    -0.006758121774    -0.000030285673    131206.625000000000    130245.359375000000    8383.623046875000    131206.640625000000    129975.273437500000    -0.316408514977    -0.262832641602    0.000404236751    -0.000158927243    0.037937268615    0.113406054676    0.000000000000    0.000000000000    0.000000000000    0.000000000000    0.000000000000    0.000000000000
-0.000000052572    1.300411701202    -0.006904142909    -0.000171344174    130997.781250000000    130448.515625000000    48162.714843750000    130997.781250000000    121231.890625000000    -0.228475928307    -0.343320250511    0.000432863017    -0.000036053731    0.003451637924    0.119829937816    0.000000000000    0.000000000000    0.000000000000    0.000000000000    0.000000000000    0.000000000000
-0.000000053685    1.300337910652    -0.007049940526    -0.000295927864    130809.414062500000    130629.281250000000    83284.734375000000    130809.406250000000    100636.320312500000    -0.124093711376    -0.396545320749    0.000425407605    0.000087897286    -0.031671844423    0.116512499750    0.000000000000    0.000000000000    0.000000000000    0.000000000000    0.000000000000    0.000000000000
-0.000000054799    1.300229191780    -0.007195549551    -0.000391858834    130661.367187500000    130761.304687500000    110316.335937500000    130661.359375000000    70205.648437500000    -0.010371699929    -0.420312523842    0.000384041807    0.000203198579    -0.064826264977    0.103448100388    -0.000000000000    0.000000000000    -0.000000000000    0.000000000000    -0.000000000000    0.000000000000
-0.000000055913    1.300096035004    -0.007341024000    -0.000449764513    130570.226562500000    130824.257812500000    126614.976562500000    130570.218750000000    32918.718750000000    0.105781428516    -0.413476824760    0.000313054014    0.000301564811    -0.093334905803    0.081290781498    -0.000000000000    0.000000000000    -0.000000000000    0.000000000000    -0.000000000000    0.000000000000
-0.000000057027    1.299951791763    -0.007486434188    -0.000463994511    130547.500000000000    130807.171875000000    130587.726562500000    130547.484375000000    -7574.362792968750    0.217233449221    -0.375723630190    0.000218218018    0.000376290351    -0.114621594548    0.051465332508    -0.000000000000    0.000000000000    -0.000000000000    0.000000000000    -0.000000000000    0.000000000000
-0.000000058141    1.299810051918    -0.007631859742    -0.000433174398    130598.187500000000    130709.765625000000    121847.984375000000    130598.179687500000    -47308.765625000000    0.316208511591    -0.307964682579    0.000106435626    0.000422190060    -0.126486226916    0.016218505800    -0.000000000000    0.000000000000    -0.000000000000    0.000000000000    -0.000000000000    0.000000000000
-0.000000059254    1.299684762955    -0.007777381688    -0.000360341306    130720.109375000000    130541.398437500000    101254.375000000000    130720.101562500000    -82393.046875000000    0.394339621067    -0.213057637215    -0.000014432317    0.000435622147    -0.127421647310    -0.021466379985    -0.000000000000    0.000000000000    -0.000000000000    0.000000000000    -0.000000000000    0.000000000000
-0.000000060368    1.299588084221    -0.007923075929    -0.000252647209    130903.710937500000    130318.398437500000    70827.546875000000    130903.710937500000    -109390.812500000000    0.442283749580    -0.097083903849    -0.000135131631    0.000413845817    -0.116917327046    -0.058085165918    0.000000000000    0.000000000000    0.000000000000    0.000000000000    0.000000000000    0.000000000000
-0.000000061482    1.299529433250    -0.008069002070    -0.000120658486    131132.859375000000    130060.679687500000    33552.343750000000    131132.875000000000    -125658.359375000000    0.454634547234    0.031096443534    -0.000246297073    0.000358433550    -0.095689229667    -0.090070806444    0.000000000000    0.000000000000    0.000000000000    0.000000000000    0.000000000000    0.000000000000
-0.000000062596    1.299514532089    -0.008215198293    0.000022680590    131386.250000000000    129788.929687500000    -6915.131347656250    131386.265625000000    -129604.585937500000    0.427642613649    0.160400554538    -0.000338728714    0.000272516365    -0.065637961030    -0.114199973643    0.000000000000    0.000000000000    0.000000000000    0.000000000000    0.000000000000    0.000000000000
-0.000000063710    1.299544692039    -0.008361679502    0.000163317658    131639.281250000000    129523.343750000000    -46606.730468750000    131639.296875000000    -120847.468750000000    0.361265629530    0.277939826250    -0.000403666607    0.000161787364    -0.029682315886    -0.128050833941    0.000000000000    0.000000000000    0.000000000000    0.000000000000    0.000000000000    0.000000000000
-0.000000064823    1.299616694450    -0.008508430794    0.000287471194    131866.515625000000    129283.078125000000    -81632.273437500000    131866.546875000000    -100251.117187500000    0.260264188051    0.370830833912    -0.000433915760    0.000034828918    0.008615750819    -0.130337104201    0.000000000000    0.000000000000    0.000000000000    0.000000000000    0.000000000000    0.000000000000
-0.000000065937    1.299723505974    -0.008655409329    0.000382981845    132044.296875000000    129086.203125000000    -108561.554687500000    132044.328125000000    -69840.062500000000    0.134147807956    0.428121656179    -0.000424904545    -0.000097255564    0.045519761741    -0.121047325432    0.000000000000    0.000000000000    0.000000000000    0.000000000000    0.000000000000    0.000000000000
-0.000000067051    1.299854516983    -0.008802548982    0.000440503412    132153.109375000000    128949.257812500000    -124760.539062500000    132153.140625000000    -32599.316406250000    -0.003101110458    0.441931992769    -0.000375137053    -0.000221076916    0.077574737370    -0.101385354996    0.000000000000    0.000000000000    0.000000000000    0.000000000000    0.000000000000    0.000000000000
-0.000000068165    1.299996972084    -0.008949764073    0.000454416469    132179.750000000000    128886.109375000000    -128648.656250000000    132179.781250000000    7819.708984375000    -0.136780455709    0.412564754486    -0.000289845775    -0.000324393332    0.102078855038    -0.073540918529    0.000000000000    0.000000000000    0.000000000000    0.000000000000    0.000000000000    0.000000000000
-0.000000069279    1.300136566162    -0.009096961468    0.000423375110    132118.843750000000    128906.000000000000    -119852.007812500000    132118.875000000000    47457.875000000000    -0.253214687109    0.344461709261    -0.000177308189    -0.000396899530    0.117235317826    -0.040281698108    0.000000000000    0.000000000000    0.000000000000    0.000000000000    0.000000000000    0.000000000000
-0.000000070392    1.300259590149    -0.009244043380    0.000350434770    131973.609375000000    129011.359375000000    -99238.093750000000    131973.640625000000    82436.218750000000    -0.341728091240    0.246294304729    -0.000048788344    -0.000431757420    0.122209109366    -0.004593443125    0.000000000000    0.000000000000    0.000000000000    0.000000000000    0.000000000000    0.000000000000
-0.000000071506    1.300353884697    -0.009390920401    0.000242749258    131755.937500000000    129195.976562500000    -68829.281250000000    131755.968750000000    109334.937500000000    -0.395806699991    0.129224300385    0.000082997591    -0.000426403218    0.117035835981    0.030623611063    0.000000000000    0.000000000000    0.000000000000    0.000000000000    0.000000000000    0.000000000000
-0.000000072620    1.300410270691    -0.009537523612    0.000110867761    131485.250000000000    129444.093750000000    -31603.933593750000    131485.265625000000    125526.750000000000    -0.413270175457    0.004897780716    0.000205616874    -0.000382619881    0.102441795170    0.062746047974    0.000000000000    0.000000000000    0.000000000000    0.000000000000    0.000000000000    0.000000000000
-0.000000073734    1.300423145294    -0.009683808312    -0.000032298514    131186.921875000000    129730.843750000000    8795.052734375000    131186.937500000000    129432.382812500000    -0.395593583584    -0.116078212857    0.000308361254    -0.000305913185    0.079689055681    0.089512877166    0.000000000000    0.000000000000    0.000000000000    0.000000000000    0.000000000000    0.000000000000
-0.000000074848    1.300391077995    -0.009829757735    -0.000172739470    130889.882812500000    130024.273437500000    48415.976562500000    130889.882812500000    120673.976562500000    -0.346717953682    -0.225074827671    0.000383261300    -0.000204420008    0.050455018878    0.109042093158    0.000000000000    0.000000000000    0.000000000000    0.000000000000    0.000000000000    0.000000000000
-0.000000075961    1.300317049026    -0.009975390509    -0.000296715793    130623.781250000000    130288.835937500000    83383.843750000000    130623.773437500000    100111.539062500000    -0.271837800741    -0.315562993288    0.000425473874    -0.000087647917    0.016785737127    0.119843609631    0.000000000000    0.000000000000    0.000000000000    0.000000000000    0.000000000000    0.000000000000
-0.000000077075    1.300208210945    -0.010120757855    -0.000392101938    130416.054687500000    130490.218750000000    110278.578125000000    130416.046875000000    69759.164062500000    -0.176625117660    -0.382666379213    0.000433130394    0.000034610148    -0.018914747983    0.120885401964    0.000000000000    0.000000000000    0.000000000000    0.000000000000    0.000000000000    0.000000000000
-0.000000078189    1.300075292587    -0.010265937075    -0.000449572108    130289.140625000000    130600.531250000000    126469.265625000000    130289.132812500000    32588.837890625000    -0.066973499954    -0.422558546066    0.000406879844    0.000153057656    -0.053919535130    0.111713558435    -0.000000000000    0.000000000000    -0.000000000000    0.000000000000    -0.000000000000    0.000000000000
-0.000000079303    1.299931049347    -0.010411027819    -0.000463513250    130258.046875000000    130602.656250000000    130371.984375000000    130258.031250000000    -7759.386230468750    0.050648823380    -0.432103574276    0.000349363690    0.000259239256    -0.085292994976    0.092629164457    -0.000000000000    0.000000000000    -0.000000000000    0.000000000000    -0.000000000000    0.000000000000
-0.000000080417    1.299789547920    -0.010556139983    -0.000432575704    130328.578125000000    130492.937500000000    121605.898437500000    130328.570312500000    -47333.082031250000    0.168711096048    -0.409038841724    0.000264860253    0.000345659908    -0.110121369362    0.064835026860    -0.000000000000    0.000000000000    -0.000000000000    0.000000000000    -0.000000000000    0.000000000000
-0.000000081530    1.299664497375    -0.010701385327    -0.000359806698    130496.585937500000    130281.203125000000    101031.687500000000    130496.578125000000    -82254.460937500000    0.278351366520    -0.352683395147    0.000159151066    0.000405851402    -0.125841856003    0.030487775803    -0.000000000000    0.000000000000    -0.000000000000    0.000000000000    -0.000000000000    0.000000000000
-0.000000082644    1.299568176270    -0.010846865363    -0.000252352940    130748.000000000000    129988.539062500000    70668.312500000000    130748.000000000000    -109100.945312500000    0.368277430534    -0.264935135841    0.000039678533    0.000433399138    -0.130600392818    -0.007382161915    -0.000000000000    0.000000000000    -0.000000000000    0.000000000000    -0.000000000000    0.000000000000
-0.000000083758    1.299509763718    -0.010992661119    -0.000120760495    131060.039062500000    129643.382812500000    33495.300781250000    131060.039062500000    -125241.671875000000    0.430544137955    -0.151894912124    -0.000084317770    0.000426516315    -0.123658895493    -0.045213945210    0.000000000000    0.000000000000    0.000000000000    0.000000000000    0.000000000000    0.000000000000
-0.000000084872    1.299494862556    -0.011138826609    0.000022059790    131403.187500000000    129277.437500000000    -6839.763671875000    131403.203125000000    -129096.375000000000    0.457054376602    -0.022231757641    -0.000203170086    0.000384207349    -0.105497963727    -0.079290315509    0.000000000000    0.000000000000    0.000000000000    0.000000000000    0.000000000000    0.000000000000
-0.000000085986    1.299524664879    -0.011285375804    0.000162099619    131744.062500000000    128922.421875000000    -46379.828125000000    131744.078125000000    -120290.906250000000    0.442680686712    0.112217724323    -0.000306582486    0.000308246876    -0.077848181129    -0.106233671308    0.000000000000    0.000000000000    0.000000000000    0.000000000000    0.000000000000    0.000000000000
-0.000000087099    1.299596428871    -0.011432288215    0.000285628281    132048.578125000000    128607.882812500000    -81247.523437500000    132048.609375000000    -99693.664062500000    0.386668622494    0.237749904394    -0.000384576997    0.000203658070    -0.043476350605    -0.123448975384    0.000000000000    0.000000000000    0.000000000000    0.000000000000    0.000000000000    0.000000000000
-0.000000088213    1.299702882767    -0.011579503305    0.000380539772    132285.500000000000    128359.742187500000    -108026.164062500000    132285.531250000000    -69329.421875000000    0.293472290039    0.340669155121    -0.000428690575    0.000078843630    -0.005818266422    -0.129459157586    0.000000000000    0.000000000000    0.000000000000    0.000000000000    0.000000000000    0.000000000000
-0.000000089327    1.299833297729    -0.011726933531    0.000437539304    132429.500000000000    128199.132812500000    -124094.742187500000    132429.531250000000    -32179.312500000000    0.172720119357    0.407992303371    -0.000432073692    -0.000054557764    0.031470328569    -0.124004073441    0.000000000000    0.000000000000    0.000000000000    0.000000000000    0.000000000000    0.000000000000
-0.000000090441    1.299974679947    -0.011874463409    0.000451052241    132463.937500000000    128141.187500000000    -127884.085937500000    132463.968750000000    8112.926757812500    0.038113698363    0.434105932713    -0.000394640723    -0.000183169250    0.065038576722    -0.108032546937    0.000000000000    0.000000000000    0.000000000000    0.000000000000    0.000000000000    0.000000000000
-0.000000091555    1.300113320351    -0.012021967210    0.000419767195    132382.671875000000    128193.562500000000    -119029.062500000000    132382.703125000000    47599.046875000000    -0.096037104726    0.417771100998    -0.000320012710    -0.000294275407    0.092138238251    -0.083378650248    0.000000000000    0.000000000000    0.000000000000    0.000000000000    0.000000000000    0.000000000000
-0.000000092668    1.300235509872    -0.012169318274    0.000346760557    132191.000000000000    128354.898437500000    -98402.429687500000    132191.031250000000    82413.226562500000    -0.216488376260    0.362710654736    -0.000215823617    -0.000377149787    0.110818825662    -0.052460715175    0.000000000000    0.000000000000    0.000000000000    0.000000000000    0.000000000000    0.000000000000
-0.000000093782    1.300328969955    -0.012316402048    0.000239191781    131905.312500000000    128613.671875000000    -68027.773437500000    131905.343750000000    109149.890625000000    -0.312827676535    0.276562154293    -0.000092716800    -0.000424416037    0.119961351156    -0.017963357270    0.000000000000    0.000000000000    0.000000000000    0.000000000000    0.000000000000    0.000000000000
-0.000000094896    1.300384521484    -0.012463125400    0.000107599757    131551.734375000000    128948.046875000000    -30880.488281250000    131551.750000000000    125195.828125000000    -0.378414720297    0.169180721045    0.000037176724    -0.000432787143    0.119201667607    0.017407611012    0.000000000000    0.000000000000    0.000000000000    0.000000000000    0.000000000000    0.000000000000
-0.000000096010    1.300396442413    -0.012609433383    -0.000035129557    131163.750000000000    129326.742187500000    9403.451171875000    131163.765625000000    128984.429687500000    -0.410383909941    0.050866149366    0.000161866745    -0.000403084559    0.108804002404    0.051069267094    0.000000000000    0.000000000000    0.000000000000    0.000000000000    0.000000000000    0.000000000000
-0.000000097124    1.300363779068    -0.012755308300    -0.000175024092    130779.109375000000    129711.234375000000    48882.484375000000    130779.109375000000    120147.875000000000    -0.408885657787    -0.068917065859    0.000270841265    -0.000339607475    0.089565798640    0.080619007349    0.000000000000    0.000000000000    0.000000000000    0.000000000000    0.000000000000    0.000000000000
-0.000000098237    1.300289511681    -0.012900774367    -0.000298391853    130436.039062500000    130059.421875000000    83694.054687500000    130436.031250000000    99552.828125000000    -0.376065284014    -0.182077974081    0.000355883589    -0.000249151723    0.062788262963    0.103871107101    0.000000000000    0.000000000000    0.000000000000    0.000000000000    0.000000000000    0.000000000000
-0.000000099351    1.300180554390    -0.013045896776    -0.000393159891    130169.539062500000    130330.328125000000    110431.625000000000    130169.531250000000    69216.031250000000    -0.315169692039    -0.281850755215    0.000411394984    -0.000139950047    0.030282765627    0.118922986090    0.000000000000    0.000000000000    0.000000000000    0.000000000000    0.000000000000    0.000000000000
-0.000000100465    1.300047516823    -0.013190778904    -0.000450055668    130007.796875000000    130489.609375000000    126477.757812500000    130007.789062500000    32107.998046875000    -0.230104476213    -0.362331837416    0.000434273126    -0.000020796433    -0.005611835048    0.124282054603    0.000000000000    0.000000000000    0.000000000000    0.000000000000    0.000000000000    0.000000000000
-0.000000101579    1.299903273582    -0.013335549273    -0.000463515491    129969.242187500000    130514.656250000000    130260.804687500000    129969.226562500000    -8136.686035156250    -0.125568628311    -0.418033450842    0.000423583784    0.000099508281    -0.042068835348    0.119066886604    -0.000000000000    0.000000000000    -0.000000000000    0.000000000000    -0.000000000000    0.000000000000
-0.000000102693    1.299761891365    -0.013480347581    -0.000432230881    130060.421875000000    130398.195312500000    121409.898437500000    130060.414062500000    -47574.500000000000    -0.007610663772    -0.443849951029    0.000380271784    0.000212384621    -0.075926050544    0.103238299489    -0.000000000000    0.000000000000    -0.000000000000    0.000000000000    -0.000000000000    0.000000000000
-0.000000103806    1.299637198448    -0.013625318184    -0.000359278871    130275.164062500000    130149.648437500000    100792.796875000000    130275.156250000000    -82339.242187500000    0.115577474236    -0.435370564461    0.000306894479    0.000309332769    -0.103962086141    0.077776193619    -0.000000000000    0.000000000000    -0.000000000000    0.000000000000    -0.000000000000    0.000000000000
-0.000000104920    1.299541115761    -0.013770588674    -0.000251822028    130594.812500000000    129793.578125000000    70431.945312500000    130594.812500000000    -109021.648437500000    0.233318835497    -0.390437155962    0.000208180849    0.000381983409    -0.123288929462    0.044744841754    -0.000000000000    0.000000000000    -0.000000000000    0.000000000000    -0.000000000000    0.000000000000
-0.000000106034    1.299482822418    -0.013916259632    -0.000120406941    130989.851562500000    129365.843750000000    33306.687500000000    130989.851562500000    -125004.757812500000    0.335653752089    -0.311213552952    0.000091666698    0.000424821861    -0.131819590926    0.007135130465    -0.000000000000    0.000000000000    -0.000000000000    0.000000000000    -0.000000000000    0.000000000000
-0.000000107148    1.299467921257    -0.014062395319    0.000022070328    131422.609375000000    128908.609375000000    -6939.291992187500    131422.625000000000    -128721.710937500000    0.411687731743    -0.202462151647    -0.000034169097    0.000433104724    -0.128530129790    -0.031440179795    -0.000000000000    0.000000000000    -0.000000000000    0.000000000000    -0.000000000000    0.000000000000
-0.000000108262    1.299497961998    -0.014209015295    0.000161630363    131850.890625000000    128465.484375000000    -46356.316406250000    131850.906250000000    -119810.148437500000    0.451990664005    -0.073019444942    -0.000159185976    0.000404377584    -0.113678470254    -0.067185148597    0.000000000000    0.000000000000    0.000000000000    0.000000000000    0.000000000000    0.000000000000
-0.000000109376    1.299569606781    -0.014356090687    0.000284583104    132232.046875000000    128077.296875000000    -81077.328125000000    132232.078125000000    -99147.664062500000    0.450440526009    0.064756140113    -0.000272201840    0.000339301856    -0.088796541095    -0.096620708704    0.000000000000    0.000000000000    0.000000000000    0.000000000000    0.000000000000    0.000000000000
-0.000000110489    1.299675583839    -0.014503545128    0.000378871599    132527.265625000000    127779.007812500000    -107698.093750000000    132527.296875000000    -68764.765625000000    0.405706465244    0.196512430906    -0.000362127146    0.000242248017    -0.056463204324    -0.117031112313    0.000000000000    0.000000000000    0.000000000000    0.000000000000    0.000000000000    0.000000000000
-0.000000111603    1.299805402756    -0.014651265927    0.000435254333    132705.500000000000    127597.375000000000    -123611.171875000000    132705.531250000000    -31644.359375000000    0.321584194899    0.306867122650    -0.000418391137    0.000121230856    -0.019936129451    -0.126740127802    0.000000000000    0.000000000000    0.000000000000    0.000000000000    0.000000000000    0.000000000000
-0.000000112717    1.299946188927    -0.014799110591    0.000448209554    132746.734375000000    127549.234375000000    -127260.835937500000    132746.765625000000    8572.220703125000    0.208132535219    0.384517520666    -0.000434998976    -0.000011680764    0.017316952348    -0.125279396772    0.000000000000    0.000000000000    0.000000000000    0.000000000000    0.000000000000    0.000000000000
-0.000000113831    1.300083994865    -0.014946920797    0.000416473806    132644.171875000000    127640.375000000000    -118294.203125000000    132644.203125000000    47943.128906250000    0.078211262822    0.422963023186    -0.000410534412    -0.000143248501    0.052042320371    -0.113261476159    0.000000000000    0.000000000000    0.000000000000    0.000000000000    0.000000000000    0.000000000000
-0.000000114945    1.300205230713    -0.015094539151    0.000343162421    132405.203125000000    127864.742187500000    -97593.921875000000    132405.234375000000    82612.453125000000    -0.054554574192    0.420354455709    -0.000347758963    -0.000260620378    0.081485688686    -0.092138759792    0.000000000000    0.000000000000    0.000000000000    0.000000000000    0.000000000000    0.000000000000
-0.000000116058    1.300297737122    -0.015241824090    0.000235460961    132050.828125000000    128204.335937500000    -67190.101562500000    132050.859375000000    109187.187500000000    -0.177556499839    0.379572629929    -0.000253525504    -0.000352810835    0.103554800153    -0.063943132758    0.000000000000    0.000000000000    0.000000000000    0.000000000000    0.000000000000    0.000000000000
-0.000000117172    1.300352334976    -0.015388664789    0.000103919665    131613.921875000000    128630.054687500000    -30060.695312500000    131613.937500000000    125068.171875000000    -0.280792504549    0.306981801987    -0.000137642928    -0.000412017456    0.116835966706    -0.031020870432    0.000000000000    0.000000000000    0.000000000000    0.000000000000    0.000000000000    0.000000000000
-0.000000118286    1.300363659859    -0.015534993261    -0.000038580190    131136.156250000000    129103.468750000000    10159.953125000000    131136.171875000000    128703.085937500000    -0.357505440712    0.210889935493    -0.000011432676    -0.000434237154    0.120549403131    0.004138624296    0.000000000000    0.000000000000    0.000000000000    0.000000000000    0.000000000000    0.000000000000
-0.000000119400    1.300330162048    -0.015680788085    -0.000178086600    130664.070312500000    129579.500000000000    49535.945312500000    130664.070312500000    119737.390625000000    -0.404043197632    0.100056938827    0.000113754111    -0.000419245422    0.114481866360    0.039002202451    0.000000000000    0.000000000000    0.000000000000    0.000000000000    0.000000000000    0.000000000000
-0.000000120514    1.300255179405    -0.015826081857    -0.000300941349    130244.468750000000    130010.125000000000    84213.843750000000    130244.460937500000    99048.820312500000    -0.419120192528    -0.017252393067    0.000227704848    -0.000370012305    0.098965577781    0.071036905050    0.000000000000    0.000000000000    0.000000000000    0.000000000000    0.000000000000    0.000000000000
-0.000000121627    1.300145745277    -0.015970956534    -0.000395115960    129919.867187500000    130348.937500000000    110798.804687500000    129919.859375000000    68662.062500000000    -0.402977824211    -0.133514702320    0.000322021369    -0.000291854289    0.074920147657    0.097766503692    0.000000000000    0.000000000000    0.000000000000    0.000000000000    0.000000000000    0.000000000000
-0.000000122741    1.300012350082    -0.016115540639    -0.000451388943    129724.171875000000    130556.476562500000    126686.570312500000    129724.164062500000    31551.765625000000    -0.356828540564    -0.241707742214    0.000390360423    -0.000191597239    0.043917261064    0.116889260709    0.000000000000    0.000000000000    0.000000000000    0.000000000000    0.000000000000    0.000000000000
-0.000000123855    1.299868106842    -0.016259988770    -0.000464250246    129679.164062500000    130605.546875000000    130318.992187500000    129679.148437500000    -8647.416992187500    -0.282783240080    -0.334869474173    0.000428362197    -0.000076930090    0.008219141513    0.126473590732    0.000000000000    0.000000000000    0.000000000000    0.000000000000    0.000000000000    0.000000000000
-0.000000124969    1.299726843834    -0.016404472291    -0.000432442728    129792.046875000000    130485.640625000000    121337.960937500000    129792.039062500000    -47995.937500000000    -0.184387028217    -0.405843675137    0.000433469802    0.000043897635    -0.029269330204    0.125237196684    0.000000000000    0.000000000000    0.000000000000    0.000000000000    0.000000000000    0.000000000000
-0.000000126083    1.299602150917    -0.016549170017    -0.000359088299    130054.531250000000    130205.156250000000    100622.093750000000    130054.523437500000    -82635.250000000000    -0.067651897669    -0.446845859289    0.000404301274    0.000161845368    -0.065178632736    0.112811401486    -0.000000000000    0.000000000000    -0.000000000000    0.000000000000    -0.000000000000    0.000000000000
-0.000000127196    1.299506068230    -0.016694230959    -0.000251384045    130443.273437500000    129791.000000000000    70202.101562500000    130443.273437500000    -109166.726562500000    0.058704197407    -0.452568948269    0.000342632848    0.000267681055    -0.096050716937    0.089972913265    -0.000000000000    0.000000000000    -0.000000000000    0.000000000000    -0.000000000000    0.000000000000
-0.000000128310    1.299448013306    -0.016839778051    -0.000119897952    130922.000000000000    129285.210937500000    33062.320312500000    130922.000000000000    -124986.203125000000    0.184581845999    -0.420542776585    0.000252783619    0.000353254232    -0.118771471083    0.058648288250    -0.000000000000    0.000000000000    -0.000000000000    0.000000000000    -0.000000000000    0.000000000000
-0.000000129424    1.299433588982    -0.016985889524    0.000022467433    131444.796875000000    128739.531250000000    -7152.209960937500    131444.812500000000    -128540.710937500000    0.298033058643    -0.350790619850    0.000140634744    0.000410837325    -0.130966886878    0.021766323596    -0.000000000000    0.000000000000    -0.000000000000    0.000000000000    -0.000000000000    0.000000000000
-0.000000130538    1.299463748932    -0.017132584006    0.000161741744    131960.625000000000    128209.226562500000    -46494.269531250000    131960.640625000000    -119481.757812500000    0.386824637651    -0.247741043568    0.000014542147    0.000434126589    -0.131384432316    -0.017068445683    -0.000000000000    0.000000000000    -0.000000000000    0.000000000000    -0.000000000000    0.000000000000
-0.000000131652    1.299535512924    -0.017279824242    0.000284258917    132418.203125000000    127747.007812500000    -81102.960937500000    132418.234375000000    -98699.578125000000    0.440408915281    -0.120334140956    -0.000114967464    0.000419294811    -0.120062015951    -0.054045669734    0.000000000000    0.000000000000    0.000000000000    0.000000000000    0.000000000000    0.000000000000
-0.000000132765    1.299641489983    -0.017427520826    0.000377998978    132771.218750000000    127397.953125000000    -107583.492187500000    132771.250000000000    -68235.093750000000    0.451854288578    0.018748208880    -0.000235978456    0.000365956192    -0.098304212093    -0.085644394159    0.000000000000    0.000000000000    0.000000000000    0.000000000000    0.000000000000    0.000000000000
-0.000000133879    1.299771070480    -0.017575534061    0.000433767098    132982.921875000000    127195.578125000000    -123340.367187500000    132982.953125000000    -31078.371093750000    0.418816804886    0.154217988253    -0.000335952209    0.000277474435    -0.068448916078    -0.109042733908    0.000000000000    0.000000000000    0.000000000000    0.000000000000    0.000000000000    0.000000000000
-0.000000134993    1.299911499023    -0.017723692581    0.000446094171    133029.984375000000    127159.210937500000    -126831.296875000000    133030.015625000000    9125.960937500000    0.345388382673    0.271004557610    -0.000403961021    0.000162061682    -0.033508557826    -0.122419729829    0.000000000000    0.000000000000    0.000000000000    0.000000000000    0.000000000000    0.000000000000
-0.000000136107    1.300048708916    -0.017871808261    0.000413770846    132905.031250000000    127292.906250000000    -117717.203125000000    132905.062500000000    48436.972656250000    0.241177976131    0.358298480511    -0.000433737703    0.000031596901    0.003276158124    -0.125062942505    0.000000000000    0.000000000000    0.000000000000    0.000000000000    0.000000000000    0.000000000000
-0.000000137221    1.300169229507    -0.018019691110    0.000339962833    132617.593750000000    127585.335937500000    -96893.656250000000    132617.625000000000    83003.835937500000    0.117957152426    0.408980876207    -0.000422729616    -0.000101038830    0.038793131709    -0.117218881845    0.000000000000    0.000000000000    0.000000000000    0.000000000000    0.000000000000    0.000000000000
-0.000000138334    1.300260901451    -0.018167177215    0.000231898666    132193.453125000000    128010.992187500000    -66401.640625000000    132193.484375000000    109442.390625000000    -0.011553213000    0.420664340258    -0.000372870127    -0.000223055220    0.070306845009    -0.099930189550    0.000000000000    0.000000000000    0.000000000000    0.000000000000    0.000000000000    0.000000000000
-0.000000139448    1.300314545631    -0.018314132467    0.000100159727    131672.343750000000    128532.312500000000    -29226.833984375000    131672.359375000000    125165.281250000000    -0.135613441467    0.395216494799    -0.000290074473    -0.000323398650    0.095586456358    -0.074803471565    0.000000000000    0.000000000000    0.000000000000    0.000000000000    0.000000000000    0.000000000000
-0.000000140562    1.300324678421    -0.018460476771    -0.000042355779    131104.125000000000    129102.734375000000    10992.503906250000    131104.140625000000    128633.914062500000    -0.244726747274    0.337537765503    -0.000183127762    -0.000393929193    0.112922340631    -0.043821953237    0.000000000000    0.000000000000    0.000000000000    0.000000000000    0.000000000000    0.000000000000
-0.000000141676    1.300290226936    -0.018606185913    -0.000181694777    130544.210937500000    129670.273437500000    50320.750000000000    130544.210937500000    119508.179687500000    -0.332027703524    0.254181802273    -0.000062335632    -0.000429941050    0.121110640466    -0.009239692241    0.000000000000    0.000000000000    0.000000000000    0.000000000000    0.000000000000    0.000000000000
-0.000000142790    1.300214171410    -0.018751300871    -0.000304213812    130048.031250000000    130181.257812500000    84908.820312500000    130048.023437500000    98679.570312500000    -0.393004029989    0.152226507664    0.000061758343    -0.000430099521    0.119456790388    0.026471514255    0.000000000000    0.000000000000    0.000000000000    0.000000000000    0.000000000000    0.000000000000
-0.000000143903    1.300104022026    -0.018895924091    -0.000397913507    129665.609375000000    130584.812500000000    111369.843750000000    129665.601562500000    68184.742187500000    -0.424825787544    0.038648650050    0.000179367868    -0.000395935087    0.107824966311    0.060658689588    0.000000000000    0.000000000000    0.000000000000    0.000000000000    0.000000000000    0.000000000000
-0.000000145017    1.299970030785    -0.019040204585    -0.000453613466    129436.554687500000    130837.687500000000    127110.351562500000    129436.546875000000    31007.523437500000    -0.425747781992    -0.079590722919    0.000281964662    -0.000331167917    0.086757875979    0.090570867062    0.000000000000    0.000000000000    0.000000000000    0.000000000000    0.000000000000    0.000000000000
-0.000000146131    1.299825310707    -0.019184324890    -0.000465852878    129385.953125000000    130909.351562500000    130584.867187500000    129385.937500000000    -9211.827148437500    -0.394905239344    -0.195199251175    0.000362483406    -0.000241105125    0.057584293187    0.113531574607    0.000000000000    0.000000000000    0.000000000000    0.000000000000    0.000000000000    0.000000000000
-0.000000147245    1.299683928490    -0.019328491762    -0.000433428038    129521.578125000000    130786.632812500000    121448.687500000000    129521.570312500000    -48532.140625000000    -0.332639157772    -0.300139814615    0.000415295654    -0.000132260393    0.022479396313    0.127200901508    0.000000000000    0.000000000000    0.000000000000    0.000000000000    0.000000000000    0.000000000000
-0.000000148359    1.299559235573    -0.019472911954    -0.000359513622    129832.968750000000    130476.835937500000    100593.484375000000    129832.960937500000    -83097.312500000000    -0.241461485624    -0.384198248386    0.000435016234    -0.000012488665    -0.015576533973    0.129909068346    0.000000000000    0.000000000000    0.000000000000    0.000000000000    0.000000000000    0.000000000000
-0.000000149472    1.299463391304    -0.019617764279    -0.000251354766    130292.000000000000    130008.328125000000    70061.640625000000    130292.000000000000    -109515.015625000000    -0.127387478948    -0.440170258284    0.000420615019    0.000109073582    -0.053102057427    0.121022395790    -0.000000000000    0.000000000000    -0.000000000000    0.000000000000    -0.000000000000    0.000000000000
-0.000000150586    1.299405694008    -0.019763188437    -0.000119558594    130855.515625000000    129428.054687500000    32846.968750000000    130855.515625000000    -125190.664062500000    0.001400560141    -0.461142271757    0.000372298062    0.000223298164    -0.086451403797    0.101079821587    -0.000000000000    0.000000000000    -0.000000000000    0.000000000000    -0.000000000000    0.000000000000
-0.000000151700    1.299391388893    -0.019909277558    0.000022945513    131469.296875000000    128796.203125000000    -7399.050781250000    131469.312500000000    -128583.500000000000    0.133820995688    -0.442384749651    0.000292388606    0.000320717198    -0.112283617258    0.071854710579    -0.000000000000    0.000000000000    -0.000000000000    0.000000000000    -0.000000000000    0.000000000000
-0.000000152814    1.299421668053    -0.020056048408    0.000162174896    132073.359375000000    128179.031250000000    -46726.343750000000    132073.375000000000    -119358.757812500000    0.256852984428    -0.383085072041    0.000186040474    0.000392234273    -0.128017798066    0.036173887551    -0.000000000000    0.000000000000    -0.000000000000    0.000000000000    -0.000000000000    0.000000000000
-0.000000153928    1.299493551254    -0.020203458145    0.000284466805    132607.718750000000    127641.289062500000    -81275.015625000000    132607.750000000000    -98420.875000000000    0.357208132744    -0.287269771099    0.000061390499    0.000430146407    -0.132183611393    -0.002432405949    -0.000000000000    0.000000000000    -0.000000000000    0.000000000000    -0.000000000000    0.000000000000
-0.000000155041    1.299599647522    -0.020351400599    0.000377820077    133018.546875000000    127238.976562500000    -107655.156250000000    133018.578125000000    -67824.195312500000    0.423440933228    -0.163851335645    -0.000070779541    0.000429359381    -0.124593012035    -0.040200378746    0.000000000000    0.000000000000    0.000000000000    0.000000000000    0.000000000000    0.000000000000
-0.000000156155    1.299729228020    -0.020499711856    0.000433072710    133263.375000000000    127013.523437500000    -123279.726562500000    133263.406250000000    -30570.271484375000    0.447789847851    -0.025689452887    -0.000197912363    0.000388362590    -0.106290444732    -0.073615089059    0.000000000000    0.000000000000    0.000000000000    0.000000000000    0.000000000000    0.000000000000
-0.000000157269    1.299869537354    -0.020648188889    0.000444799662    133315.609375000000    126987.804687500000    -126617.718750000000    133315.640625000000    9687.734375000000    0.426932036877    0.111281946301    -0.000306233822    0.000309488474    -0.079325720668    -0.099782302976    0.000000000000    0.000000000000    0.000000000000    0.000000000000    0.000000000000    0.000000000000
-0.000000158383    1.300006628036    -0.020796613768    0.000411843037    133167.312500000000    127164.648437500000    -117343.273437500000    133167.343750000000    49004.085937500000    0.365924775600    0.233429431915    -0.000385453750    0.000201594943    -0.046409986913    -0.116770088673    0.000000000000    0.000000000000    0.000000000000    0.000000000000    0.000000000000    0.000000000000
-0.000000159497    1.300126671791    -0.020944764838    0.000337423233    132830.281250000000    127527.335937500000    -96365.953125000000    132830.312500000000    83527.382812500000    0.272795140743    0.329488873482    -0.000428103231    0.000075518707    -0.010515619069    -0.123579986393    0.000000000000    0.000000000000    0.000000000000    0.000000000000    0.000000000000    0.000000000000
-0.000000160610    1.300217747688    -0.021092448384    0.000228821445    132335.156250000000    128042.062500000000    -65740.226562500000    132335.187500000000    109877.171875000000    0.158251881599    0.392201513052    -0.000430894608    -0.000056253310    0.025423433632    -0.120085984468    0.000000000000    0.000000000000    0.000000000000    0.000000000000    0.000000000000    0.000000000000
-0.000000161724    1.300270676613    -0.021239515394    0.000096665528    131728.578125000000    128661.750000000000    -28463.507812500000    131728.593750000000    125473.804687500000    0.033822365105    0.418584465981    -0.000394868577    -0.000181236333    0.058710686862    -0.106886185706    0.000000000000    0.000000000000    0.000000000000    0.000000000000    0.000000000000    0.000000000000
-0.000000162838    1.300280094147    -0.021385870874    -0.000046110414    131068.757812500000    129330.671875000000    11817.084960937500    131068.765625000000    128789.679687500000    -0.089829683304    0.409313023090    -0.000324840861    -0.000288494630    0.086979523301    -0.085130862892    0.000000000000    0.000000000000    0.000000000000    0.000000000000    0.000000000000    0.000000000000
-0.000000163952    1.300244569778    -0.021531490609    -0.000185531011    130420.070312500000    129989.093750000000    51160.726562500000    130420.070312500000    119497.906250000000    -0.203738778830    0.367672115564    -0.000228405828    -0.000369603338    0.108228981495    -0.056430026889    0.000000000000    0.000000000000    0.000000000000    0.000000000000    0.000000000000    0.000000000000
-0.000000165066    1.300167798996    -0.021676424891    -0.000307945942    129846.640625000000    130577.718750000000    85717.195312500000    129846.632812500000    98504.359375000000    -0.300939232111    0.298287481070    -0.000114666364    -0.000419173855    0.120829932392    -0.022786855698    0.000000000000    0.000000000000    0.000000000000    0.000000000000    0.000000000000    0.000000000000
-0.000000166180    1.300056695938    -0.021820789203    -0.000401365076    129406.093750000000    131041.781250000000    112102.593750000000    129406.085937500000    67859.882812500000    -0.375988036394    0.206444293261    0.000006793445    -0.000434706046    0.123609907925    0.013397455215    0.000000000000    0.000000000000    0.000000000000    0.000000000000    0.000000000000    0.000000000000
-0.000000167293    1.299922108650    -0.021964758635    -0.000456632348    129143.742187500000    131335.359375000000    127730.195312500000    129143.734375000000    30561.078125000000    -0.424440026283    0.097800858319    0.000126711064    -0.000416205265    0.115975700319    0.049365177751    0.000000000000    0.000000000000    0.000000000000    0.000000000000    0.000000000000    0.000000000000
-0.000000168407    1.299776911736    -0.022108547390    -0.000468324171    129087.976562500000    131425.812500000000    131064.320312500000    129087.960937500000    -9741.484375000000    -0.442524552345    -0.021234750748    0.000236481050    -0.000365705142    0.098101258278    0.082114160061    0.000000000000    0.000000000000    0.000000000000    0.000000000000    0.000000000000    0.000000000000
-0.000000169521    1.299635052681    -0.022252393886    -0.000435283844    129247.140625000000    131298.359375000000    121772.296875000000    129247.132812500000    -49099.628906250000    -0.427112013102    -0.142810434103    0.000328086462    -0.000286783121    0.071076005697    0.108618050814    0.000000000000    0.000000000000    0.000000000000    0.000000000000    0.000000000000    0.000000000000
-0.000000170635    1.299510121346    -0.022396532819    -0.000360738806    129608.484375000000    130959.335937500000    100758.890625000000    129608.476562500000    -83654.062500000000    -0.376775860786    -0.256678104401    0.000393656548    -0.000184783392    0.036993004382    0.126160353422    0.000000000000    0.000000000000    0.000000000000    0.000000000000    0.000000000000    0.000000000000
-0.000000171749    1.299414157867    -0.022541174665    -0.000251988065    130139.046875000000    130438.203125000000    70079.867187500000    130139.046875000000    -110013.375000000000    -0.294221341610    -0.354131311178    0.000428922242    -0.000067666799    -0.001184608787    0.132788747549    0.000000000000    0.000000000000    0.000000000000    0.000000000000    0.000000000000    0.000000000000
-0.000000172862    1.299356460571    -0.022686475888    -0.000119689510    130788.671875000000    129785.648437500000    32741.419921875000    130788.671875000000    -125587.882812500000    -0.184024840593    -0.425236523151    0.000430182670    0.000056262561    -0.039874915034    0.127554088831    -0.000000000000    0.000000000000    -0.000000000000    0.000000000000    -0.000000000000    0.000000000000
-0.000000173976    1.299342274666    -0.022832538933    0.000023184324    131494.734375000000    129068.960937500000    -7594.451660156250    131494.750000000000    -128845.343750000000    -0.054525241256    -0.461183547974    0.000395782437    0.000177389797    -0.075292520225    0.110775448382    -0.000000000000    0.000000000000    -0.000000000000    0.000000000000    -0.000000000000    0.000000000000
-0.000000175090    1.299373030663    -0.022979388013    0.000162618788    132188.203125000000    128364.507812500000    -46969.890625000000    132188.218750000000    -119462.445312500000    0.082620844245    -0.455982148647    0.000326804264    0.000285333546    -0.103932961822    0.084038734436    -0.000000000000    0.000000000000    -0.000000000000    0.000000000000    -0.000000000000    0.000000000000
-0.000000176204    1.299445152283    -0.023126970977    0.000284933107    132800.328125000000    127748.726562500000    -81520.656250000000    132800.359375000000    -98357.101562500000    0.213506877422    -0.408046692610    0.000227648285    0.000369750138    -0.123047828674    0.050028622150    -0.000000000000    0.000000000000    -0.000000000000    0.000000000000    -0.000000000000    0.000000000000
-0.000000177318    1.299551486969    -0.023275164887    0.000378123746    133269.593750000000    127289.000000000000    -107856.359375000000    133269.625000000000    -67598.023437500000    0.324028223753    -0.321018218994    0.000106182648    0.000421671197    -0.130976349115    0.012143991888    -0.000000000000    0.000000000000    -0.000000000000    0.000000000000    -0.000000000000    0.000000000000
-0.000000178431    1.299681425095    -0.023423776031    0.000433042238    133547.812500000000    127035.679687500000    -123393.562500000000    133547.843750000000    -30200.824218750000    0.402097344398    -0.203605502844    -0.000026714657    0.000434878340    -0.127293363214    -0.025961346924    -0.000000000000    0.000000000000    -0.000000000000    0.000000000000    -0.000000000000    0.000000000000
-0.000000179545    1.299821853638    -0.023572573438    0.000444292062    133605.062500000000    127016.398437500000    -126608.671875000000    133605.093750000000    10168.879882812500    0.438298761845    -0.068955861032    -0.000157638395    0.000406018487    -0.112742565572    -0.060808200389    0.000000000000    0.000000000000    0.000000000000    0.000000000000    0.000000000000    0.000000000000
-0.000000180659    1.299958944321    -0.023721307516    0.000410756154    133432.906250000000    127233.585937500000    -117186.296875000000    133432.937500000000    49555.578125000000    0.431138545275    0.068070888519    -0.000273302983    0.000338570942    -0.089058838785    -0.089525625110    0.000000000000    0.000000000000    0.000000000000    0.000000000000    0.000000000000    0.000000000000
-0.000000181773    1.300078630447    -0.023869728670    0.000335704797    133045.437500000000    127665.468750000000    -96048.851562500000    133045.468750000000    84101.656250000000    0.383950680494    0.193965002894    -0.000362645253    0.000239891961    -0.058594942093    -0.110023364425    0.000000000000    0.000000000000    0.000000000000    0.000000000000    0.000000000000    0.000000000000
-0.000000182887    1.300169229507    -0.024017613381    0.000226473756    132478.171875000000    128269.601562500000    -65264.800781250000    132478.203125000000    110424.617187500000    0.303675442934    0.297773718834    -0.000417692529    0.000120133715    -0.024008572102    -0.121022447944    0.000000000000    0.000000000000    0.000000000000    0.000000000000    0.000000000000    0.000000000000
-0.000000184000    1.300221443176    -0.024164790288    0.000093745228    131784.765625000000    128988.546875000000    -27845.433593750000    131784.781250000000    125947.125000000000    0.199694246054    0.372141569853    -0.000434444315    -0.000008848030    0.011974226683    -0.122003972530    0.000000000000    0.000000000000    0.000000000000    0.000000000000    0.000000000000    0.000000000000
-0.000000185114    1.300230145454    -0.024311156943    -0.000049497248    131031.953125000000    129756.335937500000    12549.689453125000    131031.960937500000    129148.031250000000    0.082077100873    0.413404345512    -0.000412971975    -0.000135108276    0.046710137278    -0.113092765212    0.000000000000    0.000000000000    0.000000000000    0.000000000000    0.000000000000    0.000000000000
-0.000000186228    1.300193905830    -0.024456687272    -0.000189238111    130293.140625000000    130504.640625000000    51969.855468750000    130293.140625000000    119710.484375000000    -0.039652526379    0.420950621367    -0.000356880366    -0.000247927906    0.077709451318    -0.094978742301    0.000000000000    0.000000000000    0.000000000000    0.000000000000    0.000000000000    0.000000000000
-0.000000187342    1.300116062164    -0.024601431563    -0.000311799551    129641.289062500000    131168.000000000000    86558.398437500000    129641.281250000000    98552.992187500000    -0.157205969095    0.396218776703    -0.000272369041    -0.000338737125    0.102673709393    -0.068872101605    0.000000000000    0.000000000000    0.000000000000    0.000000000000    0.000000000000    0.000000000000
-0.000000188456    1.300004124641    -0.024745531380    -0.000405179017    129141.664062500000    131687.921875000000    112928.890625000000    129141.656250000000    67740.546875000000    -0.263450860977    0.341828435659    -0.000167202699    -0.000401443220    0.119563832879    -0.036525588483    0.000000000000    0.000000000000    0.000000000000    0.000000000000    0.000000000000    0.000000000000
-0.000000189569    1.299868583679    -0.024889184162    -0.000460224022    128845.445312500000    132016.593750000000    128496.140625000000    128845.437500000000    30284.142578125000    -0.351975083351    0.261205464602    -0.000049877708    -0.000432348519    0.126743242145    -0.000257186592    0.000000000000    0.000000000000    0.000000000000    0.000000000000    0.000000000000    0.000000000000
-0.000000190683    1.299722433090    -0.025032635778    -0.000471530104    128784.335937500000    132120.468750000000    131729.875000000000    128784.320312500000    -10152.215820312500    -0.416690558195    0.158692419529    0.000070940638    -0.000429881067    0.123179048300    0.037089060992    0.000000000000    0.000000000000    0.000000000000    0.000000000000    0.000000000000    0.000000000000
-0.000000191797    1.299579977989    -0.025176154450    -0.000437973678    128967.250000000000    131984.125000000000    122306.015625000000    128967.242187500000    -49609.000000000000    -0.450861781836    0.040657639503    0.000186096469    -0.000393591472    0.108680158854    0.072267234325    0.000000000000    0.000000000000    0.000000000000    0.000000000000    0.000000000000    0.000000000000
-0.000000192911    1.299454569817    -0.025320008397    -0.000362826278    129379.179687500000    131613.703125000000    101140.562500000000    129379.171875000000    -84218.546875000000    -0.450455367565    -0.084552109241    0.000286852068    -0.000326372421    0.084117978811    0.101967215538    0.000000000000    0.000000000000    0.000000000000    0.000000000000    0.000000000000    0.000000000000
-0.000000194025    1.299358367920    -0.025464430451    -0.000253438426    129982.250000000000    131039.546875000000    70302.093750000000    129982.250000000000    -110584.742187500000    -0.413707166910    -0.207643806934    0.000365911255    -0.000233197527    0.051453173161    0.123198069632    0.000000000000    0.000000000000    0.000000000000    0.000000000000    0.000000000000    0.000000000000
-0.000000195138    1.299300551414    -0.025609606877    -0.000120522411    130719.265625000000    130315.281250000000    32810.210937500000    130719.265625000000    -126117.273437500000    -0.340854346752    -0.317582249641    0.000416546914    -0.000120195502    0.013622872531    0.133669197559    0.000000000000    0.000000000000    0.000000000000    0.000000000000    0.000000000000    0.000000000000
-0.000000196252    1.299286365509    -0.025755647570    0.000022896338    131519.046875000000    129514.078125000000    -7660.096679687500    131519.062500000000    -129287.359375000000    -0.236033290625    -0.402885019779    0.000433396606    0.000004497957    -0.025750106201    0.132176056504    0.000000000000    0.000000000000    0.000000000000    0.000000000000    0.000000000000    0.000000000000
-0.000000197366    1.299317240715    -0.025902576745    0.000162756347    132303.390625000000    128721.187500000000    -47139.484375000000    132303.406250000000    -119779.023437500000    -0.107600718737    -0.453335225582    0.000413292233    0.000130928849    -0.062800601125    0.118799187243    -0.000000000000    0.000000000000    -0.000000000000    0.000000000000    -0.000000000000    0.000000000000
-0.000000198480    1.299389719963    -0.026050334796    0.000285340124    132994.671875000000    128024.109375000000    -81754.664062500000    132994.703125000000    -98520.789062500000    0.032252520323    -0.461885660887    0.000356131757    0.000247849617    -0.093926683068    0.094931513071    -0.000000000000    0.000000000000    -0.000000000000    0.000000000000    -0.000000000000    0.000000000000
-0.000000199594    1.299496293068    -0.026198778301    0.000378620636    133523.593750000000    127501.664062500000    -108109.500000000000    133523.625000000000    -67594.437500000000    0.169058427215    -0.426239669323    0.000265552633    0.000343886379    -0.116250008345    0.063056603074    -0.000000000000    0.000000000000    -0.000000000000    0.000000000000    -0.000000000000    0.000000000000
-0.000000200707    1.299626469612    -0.026347694919    0.000433441339    133836.078125000000    127213.835937500000    -123618.601562500000    133836.109375000000    -30029.937500000000    0.288197726011    -0.349564045668    0.000149045954    0.000409000291    -0.127930000424    0.026380028576    -0.000000000000    0.000000000000    -0.000000000000    0.000000000000    -0.000000000000    0.000000000000
-0.000000201821    1.299767136574    -0.026496820152    0.000444413687    133898.890625000000    127194.164062500000    -126760.632812500000    133898.921875000000    10492.592773437500    0.376469999552    -0.240202933550    0.000017501836    0.000435391587    -0.128288283944    -0.011600067839    -0.000000000000    0.000000000000    -0.000000000000    0.000000000000    -0.000000000000    0.000000000000
-0.000000202935    1.299904227257    -0.026645872742    0.000410444452    133702.984375000000    127445.875000000000    -117226.328125000000    133703.015625000000    50004.359375000000    0.425038337708    -0.111033365130    -0.000115514806    0.000419665652    -0.117766894400    -0.047524623573    0.000000000000    0.000000000000    0.000000000000    0.000000000000    0.000000000000    0.000000000000
-0.000000204049    1.300023913383    -0.026794567704    0.000334841170    133264.718750000000    127942.804687500000    -95947.750000000000    133264.750000000000    84636.804687500000    0.432264178991    0.023993372917    -0.000236838474    0.000364795502    -0.097720682621    -0.078537650406    0.000000000000    0.000000000000    0.000000000000    0.000000000000    0.000000000000    0.000000000000
-0.000000205163    1.300114274025    -0.026942659169    0.000224987205    132624.546875000000    128634.007812500000    -65005.632812500000    132624.578125000000    110999.890625000000    0.400142371655    0.152005285025    -0.000335106859    0.000276926323    -0.070100516081    -0.102404579520    0.000000000000    0.000000000000    0.000000000000    0.000000000000    0.000000000000    0.000000000000
-0.000000206276    1.300166130066    -0.027089949697    0.000091618655    131843.234375000000    129451.187500000000    -27425.093750000000    131843.250000000000    126512.750000000000    0.334330290556    0.262479841709    -0.000401940517    0.000165334990    -0.037218675017    -0.117563053966    0.000000000000    0.000000000000    0.000000000000    0.000000000000    0.000000000000    0.000000000000
-0.000000207390    1.300174236298    -0.027236329392    -0.000052225587    130996.031250000000    130317.242187500000    13120.211914062500    130996.039062500000    129655.101562500000    0.242598474026    0.347992688417    -0.000432651577    0.000040997147    -0.001569073647    -0.123079247773    0.000000000000    0.000000000000    0.000000000000    0.000000000000    0.000000000000    0.000000000000
-0.000000208504    1.300137400627    -0.027381766587    -0.000192477950    130165.562500000000    131154.203125000000    52666.523437500000    130165.562500000000    120115.226562500000    0.133442685008    0.404131233692    -0.000426275597    -0.000084832514    0.034271437675    -0.118603512645    0.000000000000    0.000000000000    0.000000000000    0.000000000000    0.000000000000    0.000000000000
-0.000000209618    1.300058960915    -0.027526324615    -0.000315416575    129433.726562500000    131889.671875000000    87346.351562500000    129433.718750000000    98820.578125000000    0.015051156282    0.428845405579    -0.000385073130    -0.000201842253    0.067695438862    -0.104343071580    0.000000000000    0.000000000000    0.000000000000    0.000000000000    0.000000000000    0.000000000000
-0.000000210732    1.299946069717    -0.027670158073    -0.000409006403    128873.617187500000    132461.156250000000    113765.593750000000    128873.609375000000    67848.023437500000    -0.104927934706    0.421654254198    -0.000313730765    -0.000301344844    0.096124649048    -0.081115841866    0.000000000000    0.000000000000    0.000000000000    0.000000000000    0.000000000000    0.000000000000
-0.000000211845    1.299809575081    -0.027813490480    -0.000464077020    128542.296875000000    132819.281250000000    129335.140625000000    128542.289062500000    30222.351562500000    -0.219210997224    0.383071422577    -0.000218535686    -0.000376580865    0.117123037577    -0.050414428115    0.000000000000    0.000000000000    0.000000000000    0.000000000000    0.000000000000    0.000000000000
-0.000000212959    1.299662590027    -0.027956599370    -0.000475221837    128474.976562500000    132930.453125000000    132524.765625000000    128474.960937500000    -10377.970703125000    -0.320392429829    0.314637839794    -0.000106792970    -0.000422639336    0.128612488508    -0.014462355524    0.000000000000    0.000000000000    0.000000000000    0.000000000000    0.000000000000    0.000000000000
-0.000000214073    1.299518942833    -0.028099786490    -0.000441331009    128681.203125000000    132779.671875000000    123014.242187500000    128681.195312500000    -49979.445312500000    -0.398848146200    0.219605058432    0.000013127534    -0.000434759335    0.129121959209    0.023800160736    0.000000000000    0.000000000000    0.000000000000    0.000000000000    0.000000000000    0.000000000000
-0.000000215187    1.299392700195    -0.028243348002    -0.000365704589    129143.726562500000    132373.843750000000    101727.046875000000    129143.718750000000    -84702.117187500000    -0.449149101973    0.104096293449    0.000132201705    -0.000413522619    0.118168860674    0.060993097723    0.000000000000    0.000000000000    0.000000000000    0.000000000000    0.000000000000    0.000000000000
-0.000000216301    1.299295902252    -0.028387548402    -0.000255733874    129819.796875000000    131744.390625000000    70742.015625000000    129819.796875000000    -111140.250000000000    -0.465078890324    -0.024194821715    0.000241827729    -0.000359853671    0.096366517246    0.093561440706    0.000000000000    0.000000000000    0.000000000000    0.000000000000    0.000000000000    0.000000000000
-0.000000217414    1.299237608910    -0.028532590717    -0.000122180878    130645.085937500000    130947.453125000000    33091.058593750000    130645.085937500000    -126697.359375000000    -0.442401826382    -0.154953986406    0.000333374075    -0.000276659674    0.065527640283    0.118227176368    0.000000000000    0.000000000000    0.000000000000    0.000000000000    0.000000000000    0.000000000000
-0.000000218528    1.299223303795    -0.028678599745    0.000021874623    131539.828125000000    130061.023437500000    -7537.461425781250    131539.843750000000    -129842.437500000000    -0.380262434483    -0.275927811861    0.000398680888    -0.000169216000    0.028522249311    0.132435053587    0.000000000000    0.000000000000    0.000000000000    0.000000000000    0.000000000000    0.000000000000
-0.000000219642    1.299254179001    -0.028825605288    0.000162316646    132416.562500000000    129178.039062500000    -47160.761718750000    132416.578125000000    -120261.500000000000    -0.282305896282    -0.374286025763    0.000430827233    -0.000045399909    -0.011039866135    0.134737610817    0.000000000000    0.000000000000    0.000000000000    0.000000000000    0.000000000000    0.000000000000
-0.000000220756    1.299326658249    -0.028973536566    0.000285377697    133188.640625000000    128396.101562500000    -81893.203125000000    133188.671875000000    -98889.132812500000    -0.156924501061    -0.438633978367    0.000425223203    0.000084529114    -0.049279481173    0.124993324280    -0.000000000000    0.000000000000    -0.000000000000    0.000000000000    -0.000000000000    0.000000000000
-0.000000221870    1.299433588982    -0.029122231528    0.000378989585    133778.859375000000    127805.148437500000    -108328.398437500000    133778.890625000000    -67816.757812500000    -0.016515195370    -0.461023986340    0.000380647311    0.000208699494    -0.082549951971    0.104354992509    -0.000000000000    0.000000000000    -0.000000000000    0.000000000000    -0.000000000000    0.000000000000
