wc / wrf: 0.935595
 t  x  y  z vpar vper vx vy vz re(e1)  im(e1)  re(e2)  im(e2)  re(e3)  im(e3)  re(b1)  im(b1)  re(b2)  im(b2)  re(b3)  im(b3)
-0.000000000223    1.299535393715    -0.000029250365    0.000029231411    131308.484375000000    131310.734375000000    -8239.076171875000    131308.500000000000    -131052.000000000000    -0.421587884426    0.173364877701    0.000062283645    -0.000430393527    0.125691875815    0.038497168571    0.000000000000    0.000000000000    0.000000000000    0.000000000000    0.000000000000    0.000000000000
-0.000000001337    1.299566984177    -0.000175503606    0.000171385269    131311.625000000000    131312.593750000000    -48308.812500000000    131311.640625000000    -122103.476562500000    -0.452894598246    0.042238280177    0.000185365672    -0.000393557333    0.108909748495    0.073092639446    0.000000000000    0.000000000000    0.000000000000    0.000000000000    0.000000000000    0.000000000000
-0.000000002450    1.299641013145    -0.000321762491    0.000296777405    131318.343750000000    131302.265625000000    -83657.117187500000    131318.375000000000    -101201.640625000000    -0.442056000233    -0.094406411052    0.000294118741    -0.000321146683    0.082539267838    0.100840166211    0.000000000000    0.000000000000    0.000000000000    0.000000000000    0.000000000000    0.000000000000
-0.000000003564    1.299750208855    -0.000468029932    0.000393131981    131326.531250000000    131288.125000000000    -110822.328125000000    131326.562500000000    -70391.632812500000    -0.388430535793    -0.221716180444    0.000377303455    -0.000218074390    0.049310334027    0.119182050228    0.000000000000    0.000000000000    0.000000000000    0.000000000000    0.000000000000    0.000000000000
-0.000000004678    1.299883961678    -0.000614305958    0.000451014697    131333.250000000000    131279.765625000000    -127144.921875000000    131333.281250000000    -32688.558593750000    -0.297308534384    -0.324953883886    0.000425200182    -0.000093417329    0.012564200908    0.126659959555    0.000000000000    0.000000000000    0.000000000000    0.000000000000    0.000000000000    0.000000000000
-0.000000005792    1.300028800964    -0.000760587049    0.000464755751    131335.218750000000    131285.062500000000    -131027.546875000000    131335.250000000000    8218.701171875000    -0.179503634572    -0.394095599651    0.000433058507    0.000040417686    -0.024234278128    0.123036652803    0.000000000000    0.000000000000    0.000000000000    0.000000000000    0.000000000000    0.000000000000
-0.000000006906    1.300170898438    -0.000906866335    0.000433003384    131329.406250000000    131308.312500000000    -122090.703125000000    131329.437500000000    48329.378906250000    -0.048073031008    -0.423112452030    0.000399923185    0.000170223619    -0.057893015444    0.109112396836    -0.000000000000    0.000000000000    -0.000000000000    0.000000000000    -0.000000000000    0.000000000000
-0.000000008019    1.300296306610    -0.001053133747    0.000358854159    131313.578125000000    131349.281250000000    -101208.617187500000    131313.609375000000    83722.445312500000    0.083237975836    -0.411133587360    0.000329400122    0.000283291622    -0.085777245462    0.086502552032    -0.000000000000    0.000000000000    -0.000000000000    0.000000000000    -0.000000000000    0.000000000000
-0.000000009133    1.300392627716    -0.001199377351    0.000249548146    131286.859375000000    131403.687500000000    -70422.531250000000    131286.890625000000    110939.593750000000    0.202058553696    -0.361960798502    0.000229084835    0.000369062618    -0.105948463082    0.057348638773    -0.000000000000    0.000000000000    -0.000000000000    0.000000000000    -0.000000000000    0.000000000000
-0.000000010247    1.300450682640    -0.001345585450    0.000115760064    131249.953125000000    131464.421875000000    -32740.275390625000    131249.968750000000    127322.304687500000    0.298893243074    -0.282713592052    0.000109339402    0.000420369382    -0.117162838578    0.024054856971    -0.000000000000    0.000000000000    -0.000000000000    0.000000000000    -0.000000000000    0.000000000000
-0.000000011361    1.300464510918    -0.001491747797    -0.000029444138    131205.296875000000    131523.593750000000    8157.796875000000    131205.312500000000    131270.375000000000    0.367670118809    -0.182209610939    -0.000018209015    0.000433971116    -0.118808537722    -0.010880500078    -0.000000000000    0.000000000000    -0.000000000000    0.000000000000    -0.000000000000    0.000000000000
-0.000000012475    1.300432920456    -0.001637857873    -0.000171883032    131157.031250000000    131574.546875000000    48277.871093750000    131157.046875000000    122397.351562500000    0.405492335558    -0.069471955299    -0.000142156758    0.000410435023    -0.110831134021    -0.044956691563    0.000000000000    0.000000000000    0.000000000000    0.000000000000    0.000000000000    0.000000000000
-0.000000013588    1.300358891487    -0.001783914631    -0.000297643768    131110.437500000000    131613.312500000000    83701.843750000000    131110.437500000000    101568.078125000000    0.411814361811    0.047209613025    -0.000252479367    0.000353469892    -0.093703597784    -0.075707972050    0.000000000000    0.000000000000    0.000000000000    0.000000000000    0.000000000000    0.000000000000
-0.000000014702    1.300249576569    -0.001929923194    -0.000394440140    131071.539062500000    131639.125000000000    110969.140625000000    131071.531250000000    70814.679687500000    0.387532681227    0.160479217768    -0.000341163890    0.000269007898    -0.068464264274    -0.100753016770    0.000000000000    0.000000000000    0.000000000000    0.000000000000    0.000000000000    0.000000000000
-0.000000015816    1.300115823746    -0.002075895667    -0.000452812645    131046.257812500000    131653.312500000000    127414.265625000000    131046.250000000000    33139.222656250000    0.334398448467    0.263605237007    -0.000402382080    0.000164324185    -0.036780476570    -0.117908380926    0.000000000000    0.000000000000    0.000000000000    0.000000000000    0.000000000000    0.000000000000
-0.000000016930    1.299970388412    -0.002221849980    -0.000467053644    131039.710937500000    131657.500000000000    131427.562500000000    131039.695312500000    -7778.312500000000    0.255028367043    0.349983096123    -0.000432346686    0.000047427064    -0.000985123217    -0.125395193696    0.000000000000    0.000000000000    0.000000000000    0.000000000000    0.000000000000    0.000000000000
-0.000000018044    1.299827814102    -0.002367808949    -0.000435767637    131055.367187500000    131651.671875000000    122613.445312500000    131055.359375000000    -47938.648437500000    0.153318345547    0.412913143635    -0.000429124571    -0.000073314637    0.035988513380    -0.122092679143    0.000000000000    0.000000000000    0.000000000000    0.000000000000    0.000000000000    0.000000000000
-0.000000019157    1.299701809883    -0.002513798419    -0.000362010353    131094.484375000000    131633.328125000000    101830.593750000000    131094.484375000000    -83413.843750000000    0.035246521235    0.445913940668    -0.000392562972    -0.000189240105    0.070807352662    -0.107821188867    0.000000000000    0.000000000000    0.000000000000    0.000000000000    0.000000000000    0.000000000000
-0.000000020271    1.299604654312    -0.002659844467    -0.000252992817    131155.734375000000    131598.234375000000    71109.367187500000    131155.734375000000    -110731.929687500000    -0.090063765645    0.443044126034    -0.000324000197    -0.000290952332    0.100064456463    -0.083516336977    0.000000000000    0.000000000000    0.000000000000    0.000000000000    0.000000000000    0.000000000000
-0.000000021385    1.299545884132    -0.002805968747    -0.000119378099    131235.015625000000    131542.781250000000    33454.191406250000    131235.031250000000    -127217.625000000000    -0.212066754699    0.402539312840    -0.000228358695    -0.000370247988    0.120770484209    -0.051264271140    0.000000000000    0.000000000000    0.000000000000    0.000000000000    0.000000000000    0.000000000000
-0.000000022499    1.299531221390    -0.002952188486    0.000025761303    131325.734375000000    131466.687500000000    -7450.057617187500    131325.750000000000    -131255.453125000000    -0.319219380617    0.325648039579    -0.000112377544    -0.000420079508    0.130747467279    -0.014103122056    0.000000000000    0.000000000000    0.000000000000    0.000000000000    0.000000000000    0.000000000000
-0.000000023613    1.299562215805    -0.003098512068    0.000168223050    131419.265625000000    131375.156250000000    -47599.148437500000    131419.281250000000    -122448.984375000000    -0.399718701839    0.217498451471    0.000015217724    -0.000434729038    0.128949627280    0.024322314188    0.000000000000    0.000000000000    0.000000000000    0.000000000000    0.000000000000    0.000000000000
-0.000000024726    1.299635648727    -0.003244936699    0.000294066092    131505.843750000000    131278.843750000000    -83062.453125000000    131505.875000000000    -101660.039062500000    -0.443674862385    0.087641119957    0.000143670361    -0.000411057001    0.115634225309    0.060231253505    0.000000000000    0.000000000000    0.000000000000    0.000000000000    0.000000000000    0.000000000000
-0.000000025840    1.299744248390    -0.003391449107    0.000390976376    131575.562500000000    131192.437500000000    -110368.687500000000    131575.593750000000    -70923.945312500000    -0.444697231054    -0.050574928522    0.000260766392    -0.000349191367    0.092303961515    0.090197384357    0.000000000000    0.000000000000    0.000000000000    0.000000000000    0.000000000000    0.000000000000
-0.000000026954    1.299877405167    -0.003538025310    0.000449472194    131619.453125000000    131131.687500000000    -126846.359375000000    131619.484375000000    -33249.320312500000    -0.401696860790    -0.181444332004    0.000353920273    -0.000253535283    0.061455048621    0.111558638513    0.000000000000    0.000000000000    0.000000000000    0.000000000000    0.000000000000    0.000000000000
-0.000000028068    1.300022244453    -0.003684632946    0.000463831355    131630.609375000000    131109.781250000000    -130884.773437500000    131630.640625000000    7677.573242187500    -0.320678800344    -0.291524916887    0.000413916103    -0.000133643684    0.026178888977    0.122725315392    0.000000000000    0.000000000000    0.000000000000    0.000000000000    0.000000000000    0.000000000000
-0.000000029182    1.300164341927    -0.003831232898    0.000432649016    131605.093750000000    131134.390625000000    -122090.875000000000    131605.125000000000    47854.394531250000    -0.211285665631    -0.370095372200    0.000434652553    -0.000001286273    -0.010268559679    0.123178206384    0.000000000000    0.000000000000    0.000000000000    0.000000000000    0.000000000000    0.000000000000
-0.000000030295    1.300289750099    -0.003977783490    0.000358972669    131542.656250000000    131205.968750000000    -101326.367187500000    131542.687500000000    83354.484375000000    -0.085817843676    -0.410927206278    0.000414430047    0.000130431756    -0.044826745987    0.113366201520    -0.000000000000    0.000000000000    -0.000000000000    0.000000000000    -0.000000000000    0.000000000000
-0.000000031409    1.300386309624    -0.004124246072    0.000250001671    131446.890625000000    131317.375000000000    -70622.109375000000    131446.921875000000    110710.296875000000    0.042865775526    -0.412619054317    0.000356059260    0.000248821045    -0.074866354465    0.094492815435    -0.000000000000    0.000000000000    -0.000000000000    0.000000000000    -0.000000000000    0.000000000000
-0.000000032523    1.300444483757    -0.004270586651    0.000116382063    131325.281250000000    131455.234375000000    -32978.785156250000    131325.296875000000    127251.242187500000    0.163198560476    -0.377980530262    0.000266243413    0.000343192631    -0.098297677934    0.068284235895    -0.000000000000    0.000000000000    -0.000000000000    0.000000000000    -0.000000000000    0.000000000000
-0.000000033637    1.300458550453    -0.004416781943    -0.000028834478    131188.531250000000    131602.296875000000    7926.583984375000    131188.546875000000    131363.390625000000    0.266125649214    -0.312716066837    0.000154387584    0.000405989587    -0.113573223352    0.036796234548    -0.000000000000    0.000000000000    -0.000000000000    0.000000000000    -0.000000000000    0.000000000000
-0.000000034751    1.300426959991    -0.004562822636    -0.000171465115    131049.734375000000    131740.687500000000    48099.378906250000    131049.734375000000    122646.093750000000    0.345418602228    -0.223977833986    0.000031196549    0.000433235924    -0.119657739997    0.002308428288    -0.000000000000    0.000000000000    -0.000000000000    0.000000000000    -0.000000000000    0.000000000000
-0.000000035864    1.300352931023    -0.004708713852    -0.000297580089    130923.046875000000    131854.875000000000    83616.710937500000    130923.039062500000    101950.781250000000    0.397303819656    -0.119180820882    -0.000092650247    0.000424388476    -0.116016916931    -0.032725084573    -0.000000000000    0.000000000000    -0.000000000000    0.000000000000    -0.000000000000    0.000000000000
-0.000000036978    1.300243735313    -0.004854477011    -0.000394862378    130822.265625000000    131934.000000000000    111009.726562500000    130822.257812500000    71298.164062500000    0.419694036245    -0.005426123738    -0.000207460253    0.000381737773    -0.102665215731    -0.065703906119    0.000000000000    0.000000000000    0.000000000000    0.000000000000    0.000000000000    0.000000000000
-0.000000038092    1.300109863281    -0.005000148434    -0.000453810440    130759.367187500000    131972.453125000000    127602.000000000000    130759.359375000000    33681.800781250000    0.411555349827    0.110381238163    -0.000304995163    0.000309678289    -0.080280348659    -0.093965545297    0.000000000000    0.000000000000    0.000000000000    0.000000000000    0.000000000000    0.000000000000
-0.000000039206    1.299964308739    -0.005145774689    -0.000468667189    130743.117187500000    131969.031250000000    131771.234375000000    130743.101562500000    -7223.220703125000    0.372667521238    0.221153855324    -0.000378630648    0.000214066560    -0.050303861499    -0.114952206612    0.000000000000    0.000000000000    0.000000000000    0.000000000000    0.000000000000    0.000000000000
-0.000000040320    1.299821138382    -0.005291411653    -0.000437984272    130777.937500000000    131925.171875000000    123108.648437500000    130777.929687500000    -47418.562500000000    0.304021090269    0.319179356098    -0.000423279387    0.000101860671    -0.014994513243    -0.126486390829    0.000000000000    0.000000000000    0.000000000000    0.000000000000    0.000000000000    0.000000000000
-0.000000041433    1.299694538116    -0.005437115673    -0.000364765874    130863.242187500000    131843.250000000000    102460.195312500000    130863.234375000000    -82973.242187500000    0.208507865667    0.396163433790    -0.000435405236    -0.000019066963    0.022657681257    -0.127082139254    0.000000000000    0.000000000000    0.000000000000    0.000000000000    0.000000000000    0.000000000000
-0.000000042547    1.299596667290    -0.005582939833    -0.000256176922    130993.156250000000    131726.000000000000    71845.007812500000    130993.156250000000    -110408.507812500000    0.092205137014    0.442941278219    -0.000412453548    -0.000139514508    0.059148162603    -0.116255708039    0.000000000000    0.000000000000    0.000000000000    0.000000000000    0.000000000000    0.000000000000
-0.000000043661    1.299537181854    -0.005728928838    -0.000122843718    131156.875000000000    131577.375000000000    34258.613281250000    131156.890625000000    -127039.195312500000    -0.035928890109    0.453935772181    -0.000355880853    -0.000250061363    0.090911090374    -0.094750873744    0.000000000000    0.000000000000    0.000000000000    0.000000000000    0.000000000000    0.000000000000
-0.000000044775    1.299521684647    -0.005875112955    0.000022185515    131339.546875000000    131404.390625000000    -6620.002929687500    131339.562500000000    -131237.546875000000    -0.164805650711    0.425629913807    -0.000269015523    -0.000341574312    0.114741832018    -0.064498268068    0.000000000000    0.000000000000    0.000000000000    0.000000000000    0.000000000000    0.000000000000
-0.000000045889    1.299551606178    -0.006021502428    0.000164718251    131523.578125000000    131218.828125000000    -46788.992187500000    131523.593750000000    -122593.523437500000    -0.281552791595    0.358075201511    -0.000157616902    -0.000405361876    0.128241822124    -0.028437435627    0.000000000000    0.000000000000    0.000000000000    0.000000000000    0.000000000000    0.000000000000
-0.000000047003    1.299624204636    -0.006168089341    0.000290807860    131690.328125000000    131037.414062500000    -82316.296875000000    131690.359375000000    -101955.046875000000    -0.373317569494    0.256125539541    -0.000030316762    -0.000434305519    0.130153879523    0.009854106233    0.000000000000    0.000000000000    0.000000000000    0.000000000000    0.000000000000    0.000000000000
-0.000000048116    1.299732208252    -0.006314843893    0.000388119515    131822.062500000000    130880.523437500000    -109725.429687500000    131822.093750000000    -71344.507812500000    -0.429098397493    0.129440456629    0.000101695201    -0.000423829944    0.120504125953    0.046632926911    0.000000000000    0.000000000000    0.000000000000    0.000000000000    0.000000000000    0.000000000000
-0.000000049230    1.299864768982    -0.006461718585    0.000447137514    131903.812500000000    130769.140625000000    -126336.273437500000    131903.843750000000    -33759.617187500000    -0.441355824471    -0.007907480001    0.000225036289    -0.000372737617    0.100539006293    0.078458279371    0.000000000000    0.000000000000    0.000000000000    0.000000000000    0.000000000000    0.000000000000
-0.000000050344    1.300009012222    -0.006608651485    0.000462094991    131924.921875000000    130720.929687500000    -130526.796875000000    131924.953125000000    7121.254882812500    -0.410444527864    -0.141195237637    0.000327490241    -0.000286296621    0.072476759553    0.102650105953    0.000000000000    0.000000000000    0.000000000000    0.000000000000    0.000000000000    0.000000000000
-0.000000051458    1.300150752068    -0.006755571347    0.000431535795    131880.515625000000    130746.500000000000    -121890.789062500000    131880.546875000000    47299.878906250000    -0.340963125229    -0.256763100624    0.000398812903    -0.000172897460    0.039106845856    0.117441765964    0.000000000000    0.000000000000    0.000000000000    0.000000000000    0.000000000000    0.000000000000
-0.000000052572    1.300276041031    -0.006902405526    0.000358453748    131772.187500000000    130846.898437500000    -101276.164062500000    131772.218750000000    82849.546875000000    -0.241753384471    -0.344005972147    0.000432261761    -0.000043907959    0.003425475210    0.122038356960    0.000000000000    0.000000000000    0.000000000000    0.000000000000    0.000000000000    0.000000000000
-0.000000053685    1.300372600555    -0.007049086969    0.000249997072    131608.062500000000    131012.710937500000    -70700.664062500000    131608.093750000000    110298.445312500000    -0.124067194760    -0.396535784006    0.000425404025    0.000087913591    -0.031670432538    0.116508036852    0.000000000000    0.000000000000    0.000000000000    0.000000000000    0.000000000000    0.000000000000
-0.000000054799    1.300430893898    -0.007195561193    0.000116767413    131402.343750000000    131225.062500000000    -33153.652343750000    131402.359375000000    126967.921875000000    0.000341892242    -0.412344932556    0.000380170008    0.000210096943    -0.063574463129    0.101617164910    -0.000000000000    0.000000000000    -0.000000000000    0.000000000000    -0.000000000000    0.000000000000
-0.000000055913    1.300445079803    -0.007341791410    -0.000028216986    131173.875000000000    131458.296875000000    7696.209960937500    131173.890625000000    131232.828125000000    0.120879031718    -0.393089562654    0.000302215485    0.000311978714    -0.090050533414    0.078650169075    -0.000000000000    0.000000000000    -0.000000000000    0.000000000000    -0.000000000000    0.000000000000
-0.000000057027    1.300413966179    -0.007487764582    -0.000170793006    130944.726562500000    131684.031250000000    47858.996093750000    130944.726562500000    122679.273437500000    0.228988975286    -0.342857062817    0.000199793401    0.000385684165    -0.109243735671    0.049297079444    -0.000000000000    0.000000000000    -0.000000000000    0.000000000000    -0.000000000000    0.000000000000
-0.000000058141    1.300340175629    -0.007633492816    -0.000297035323    130737.867187500000    131875.468750000000    83412.468750000000    130737.859375000000    102144.546875000000    0.318241655827    -0.266983360052    0.000082507097    0.000426484330    -0.119697242975    0.015610489994    -0.000000000000    0.000000000000    -0.000000000000    0.000000000000    -0.000000000000    0.000000000000
-0.000000059254    1.300230979919    -0.007779013366    -0.000394615578    130574.890625000000    132011.359375000000    110884.414062500000    130574.882812500000    71635.562500000000    0.383903503418    -0.171202674508    -0.000039817289    0.000432655070    -0.120405323803    -0.020010432228    -0.000000000000    0.000000000000    -0.000000000000    0.000000000000    -0.000000000000    0.000000000000
-0.000000060368    1.300097107887    -0.007924385369    -0.000454006338    130473.875000000000    132078.250000000000    127591.398437500000    130473.867187500000    34133.648437500000    0.422289311886    -0.061432108283    -0.000157890812    0.000404984894    -0.110938571393    -0.054848626256    0.000000000000    0.000000000000    0.000000000000    0.000000000000    0.000000000000    0.000000000000
-0.000000061482    1.299951434135    -0.008069684729    -0.000469412393    130447.265625000000    132070.984375000000    131901.171875000000    130447.250000000000    -6695.774414062500    0.430390000343    0.055884480476    -0.000263310678    0.000346238376    -0.091617591679    -0.085982598364    0.000000000000    0.000000000000    0.000000000000    0.000000000000    0.000000000000    0.000000000000
-0.000000062596    1.299808144569    -0.008214998990    -0.000439338241    130500.484375000000    131991.437500000000    123392.953125000000    130500.476562500000    -46860.691406250000    0.406056106091    0.173262432218    -0.000348659640    0.000260794593    -0.063662104309    -0.110517479479    0.000000000000    0.000000000000    0.000000000000    0.000000000000    0.000000000000    0.000000000000
-0.000000063710    1.299681067467    -0.008360416628    -0.000366736029    130631.156250000000    131846.375000000000    102899.648437500000    130631.148437500000    -82432.617187500000    0.348682999611    0.281915754080    -0.000407574145    0.000154497859    -0.029239509255    -0.125910371542    0.000000000000    0.000000000000    0.000000000000    0.000000000000    0.000000000000    0.000000000000
-0.000000064823    1.299582600594    -0.008506017737    -0.000258718006    130828.929687500000    131645.812500000000    72427.406250000000    130828.929687500000    -109931.328125000000    0.260236352682    0.370831668377    -0.000433919602    0.000034811768    0.008615341038    -0.130332514644    0.000000000000    0.000000000000    0.000000000000    0.000000000000    0.000000000000    0.000000000000
-0.000000065937    1.299522280693    -0.008651869372    -0.000125861683    131076.375000000000    131402.156250000000    34959.761718750000    131076.390625000000    -126666.281250000000    0.146796479821    0.431716948748    -0.000425642851    -0.000089030131    0.046334229410    -0.123066343367    0.000000000000    0.000000000000    0.000000000000    0.000000000000    0.000000000000    0.000000000000
-0.000000067051    1.299505829811    -0.008798013441    0.000018825660    131350.453125000000    131130.843750000000    -5834.396484375000    131350.468750000000    -131000.984375000000    0.017113149166    0.456783860922    -0.000382046128    -0.000207354664    0.080206647515    -0.104621216655    0.000000000000    0.000000000000    0.000000000000    0.000000000000    0.000000000000    0.000000000000
-0.000000068165    1.299535036087    -0.008944466710    0.000161180957    131624.578125000000    130851.085937500000    -45960.539062500000    131624.593750000000    -122513.820312500000    -0.116989240050    0.440970718861    -0.000304980436    -0.000309927127    0.106862686574    -0.076751083136    0.000000000000    0.000000000000    0.000000000000    0.000000000000    0.000000000000    0.000000000000
-0.000000069279    1.299606680870    -0.009091212414    0.000287273142    131871.343750000000    130586.132812500000    -81490.492187500000    131871.375000000000    -102039.382812500000    -0.241770416498    0.383646667004    -0.000199554779    -0.000386800617    0.123733676970    -0.042252492160    0.000000000000    0.000000000000    0.000000000000    0.000000000000    0.000000000000    0.000000000000
-0.000000070392    1.299713492393    -0.009238203987    0.000384767540    132065.171875000000    130361.750000000000    -108947.828125000000    132065.203125000000    -71585.992187500000    -0.343539863825    0.289383262396    -0.000074246171    -0.000429563166    0.129373326898    -0.004577174783    0.000000000000    0.000000000000    0.000000000000    0.000000000000    0.000000000000    0.000000000000
-0.000000071506    1.299845337868    -0.009385372512    0.000444133097    132185.015625000000    130203.484375000000    -125648.531250000000    132185.046875000000    -34137.812500000000    -0.409324139357    0.167935699224    0.000059226877    -0.000431418768    0.123550705612    0.032611779869    0.000000000000    0.000000000000    0.000000000000    0.000000000000    0.000000000000    0.000000000000
-0.000000072620    1.299988985062    -0.009532628581    0.000459573406    132216.578125000000    130132.546875000000    -129963.085937500000    132216.609375000000    6638.657226562500    -0.433808922768    0.033074751496    0.000187505560    -0.000392558170    0.107254430652    0.065969228745    0.000000000000    0.000000000000    0.000000000000    0.000000000000    0.000000000000    0.000000000000
-0.000000073734    1.300130248070    -0.009679865092    0.000429590931    132153.984375000000    130161.679687500000    -121474.648437500000    132154.015625000000    46754.347656250000    -0.415805310011    -0.100808687508    0.000297859631    -0.000316635560    0.082357041538    0.092766985297    0.000000000000    0.000000000000    0.000000000000    0.000000000000    0.000000000000    0.000000000000
-0.000000074848    1.300255060196    -0.009826981463    0.000357129844    132000.625000000000    130292.117187500000    -101018.328125000000    132000.656250000000    82288.093750000000    -0.359210610390    -0.220471143723    0.000379611156    -0.000211413018    0.051301650703    0.111085332930    0.000000000000    0.000000000000    0.000000000000    0.000000000000    0.000000000000    0.000000000000
-0.000000075961    1.300351381302    -0.009973881766    0.000249284843    131769.046875000000    130512.187500000000    -70597.992187500000    131769.078125000000    109769.546875000000    -0.271837800741    -0.315562993288    0.000425473874    -0.000087647917    0.016785737127    0.119843609631    0.000000000000    0.000000000000    0.000000000000    0.000000000000    0.000000000000    0.000000000000
-0.000000077075    1.300409555435    -0.010120489635    0.000116604708    131480.000000000000    130798.085937500000    -33189.429687500000    131480.015625000000    126517.203125000000    -0.163667291403    -0.379566997290    0.000432289118    0.000042459105    -0.018485823646    0.118714094162    0.000000000000    0.000000000000    0.000000000000    0.000000000000    0.000000000000    0.000000000000
-0.000000078189    1.300423979759    -0.010266756639    -0.000027939655    131160.578125000000    131116.703125000000    7550.798828125000    131160.593750000000    130899.109375000000    -0.045092862099    -0.409776300192    0.000401023339    0.000166882353    -0.051942273974    0.107997246087    -0.000000000000    0.000000000000    -0.000000000000    0.000000000000    -0.000000000000    0.000000000000
-0.000000079303    1.300392985344    -0.010412664153    -0.000170222978    130841.687500000000    131430.062500000000    47642.226562500000    130841.687500000000    122491.164062500000    0.074382118881    -0.406533628702    0.000336132740    0.000275119819    -0.081205368042    0.088520921767    -0.000000000000    0.000000000000    -0.000000000000    0.000000000000    -0.000000000000    0.000000000000
-0.000000080417    1.300319552422    -0.010558230802    -0.000296344893    130555.039062500000    131700.796875000000    83168.640625000000    130555.031250000000    102118.000000000000    0.186706572771    -0.372184753418    0.000244564377    0.000359022175    -0.104122832417    0.061604689807    -0.000000000000    0.000000000000    -0.000000000000    0.000000000000    -0.000000000000    0.000000000000
-0.000000081530    1.300210833549    -0.010703511536    -0.000393987168    130330.046875000000    131897.375000000000    110659.906250000000    130330.039062500000    71772.625000000000    0.285237044096    -0.310100078583    0.000134648202    0.000413118396    -0.118818990886    0.029063707218    -0.000000000000    0.000000000000    -0.000000000000    0.000000000000    -0.000000000000    0.000000000000
-0.000000082644    1.300077199936    -0.010848587379    -0.000453616813    130190.812500000000    131997.984375000000    127430.679687500000    130190.804687500000    34422.347656250000    0.364204674959    -0.224286645651    0.000015239311    0.000434444519    -0.123832568526    -0.006765063852    -0.000000000000    0.000000000000    -0.000000000000    0.000000000000    -0.000000000000    0.000000000000
-0.000000083758    1.299931645393    -0.010993563570    -0.000469417922    130153.515625000000    131992.500000000000    131843.031250000000    130153.500000000000    -6280.314453125000    0.418277680874    -0.119499720633    -0.000104841311    0.000422215729    -0.118310391903    -0.043064694852    0.000000000000    0.000000000000    0.000000000000    0.000000000000    0.000000000000    0.000000000000
-0.000000084872    1.299788355827    -0.011138558388    -0.000439861033    130224.593750000000    131882.031250000000    123467.320312500000    130224.585937500000    -46354.058593750000    0.442506134510    -0.001773267984    -0.000217054243    0.000377520308    -0.102233894169    -0.076689749956    0.000000000000    0.000000000000    0.000000000000    0.000000000000    0.000000000000    0.000000000000
-0.000000085986    1.299661278725    -0.011283691041    -0.000367854052    130399.898437500000    131676.968750000000    103125.218750000000    130399.890625000000    -81878.078125000000    0.432815968990    0.121014147997    -0.000313217577    0.000303186040    -0.076595947146    -0.104442752898    0.000000000000    0.000000000000    0.000000000000    0.000000000000    0.000000000000    0.000000000000
-0.000000087099    1.299562573433    -0.011429070495    -0.000260458473    130664.695312500000    131394.312500000000    72810.164062500000    130664.695312500000    -109376.179687500000    0.386634916067    0.237765550613    -0.000384590734    0.000203639036    -0.043474443257    -0.123443141580    0.000000000000    0.000000000000    0.000000000000    0.000000000000    0.000000000000    0.000000000000
-0.000000088213    1.299501776695    -0.011574784294    -0.000128198677    130994.992187500000    131055.468750000000    35492.488281250000    130994.992187500000    -126157.929687500000    0.306485742331    0.338830560446    -0.000425991195    0.000086690226    -0.005866814405    -0.131631612778    0.000000000000    0.000000000000    0.000000000000    0.000000000000    0.000000000000    0.000000000000
-0.000000089327    1.299484729767    -0.011720888317    0.000015968997    131359.531250000000    130685.281250000000    -5171.590820312500    131359.546875000000    -130582.921875000000    0.197189301252    0.413402825594    -0.000432789268    -0.000039158258    0.032610058784    -0.128010168672    0.000000000000    0.000000000000    0.000000000000    0.000000000000    0.000000000000    0.000000000000
-0.000000090441    1.299513101578    -0.011867401190    0.000157926057    131722.984375000000    130311.679687500000    -45198.667968750000    131723.000000000000    -122221.992187500000    0.067599833012    0.452146619558    -0.000402641454    -0.000163787889    0.068163529038    -0.112861424685    0.000000000000    0.000000000000    0.000000000000    0.000000000000    0.000000000000    0.000000000000
-0.000000091555    1.299583911896    -0.012014301494    0.000283775735    132049.125000000000    129965.140625000000    -80669.203125000000    132049.156250000000    -101899.046875000000    -0.069894850254    0.449040859938    -0.000336308876    -0.000276042818    0.097325727344    -0.087746039033    0.000000000000    0.000000000000    0.000000000000    0.000000000000    0.000000000000    0.000000000000
-0.000000092668    1.299690127373    -0.012161527760    0.000381204591    132304.640625000000    129677.109375000000    -108112.125000000000    132304.671875000000    -71609.492187500000    -0.200961321592    0.402839720249    -0.000238239212    -0.000364901294    0.117396496236    -0.055264733732    0.000000000000    0.000000000000    0.000000000000    0.000000000000    0.000000000000    0.000000000000
-0.000000093782    1.299820899963    -0.012308988720    0.000440687436    132462.437500000000    129477.234375000000    -124844.921875000000    132462.468750000000    -34323.414062500000    -0.310014724731    0.317431420088    -0.000116520467    -0.000419671967    0.126726597548    -0.018700081855    0.000000000000    0.000000000000    0.000000000000    0.000000000000    0.000000000000    0.000000000000
-0.000000094896    1.299963593483    -0.012456560507    0.000456418085    132504.562500000000    129389.398437500000    -129235.593750000000    132504.593750000000    6306.716796875000    -0.386194765568    0.203140810132    0.000016631988    -0.000434790476    0.124890007079    0.018474806100    0.000000000000    0.000000000000    0.000000000000    0.000000000000    0.000000000000    0.000000000000
-0.000000096010    1.300104022026    -0.012604110874    0.000426874118    132424.156250000000    129427.484375000000    -120860.906250000000    132424.187500000000    46304.558593750000    -0.422928154469    0.072819218040    0.000148017498    -0.000408795662    0.112530767918    0.053006537259    0.000000000000    0.000000000000    0.000000000000    0.000000000000    0.000000000000    0.000000000000
-0.000000097124    1.300228357315    -0.012751506642    0.000354962045    132226.328125000000    129592.078125000000    -100546.156250000000    132226.359375000000    81759.250000000000    -0.418529510498    -0.059792481363    0.000264749920    -0.000344584463    0.091144040227    0.082159534097    0.000000000000    0.000000000000    0.000000000000    0.000000000000    0.000000000000    0.000000000000
-0.000000098237    1.300324440002    -0.012898623943    0.000247729040    131928.046875000000    129868.898437500000    -70282.882812500000    131928.078125000000    109207.351562500000    -0.376023292542    -0.182099014521    0.000355899101    -0.000249128614    0.062784492970    0.103864267468    0.000000000000    0.000000000000    0.000000000000    0.000000000000    0.000000000000    0.000000000000
-0.000000099351    1.300382614136    -0.013045364060    0.000115671115    131556.609375000000    130229.398437500000    -33033.117187500000    131556.625000000000    125970.273437500000    -0.301982581615    -0.284112900496    0.000413721660    -0.000132371875    0.029820222408    0.116749018431    0.000000000000    0.000000000000    0.000000000000    0.000000000000    0.000000000000    0.000000000000
-0.000000100465    1.300396919250    -0.013191666454    -0.000028294691    131147.156250000000    130633.664062500000    7560.499511718750    131147.171875000000    130414.703125000000    -0.204902559519    -0.359189718962    0.000434332731    -0.000005749134    -0.005256658420    0.120078086853    0.000000000000    0.000000000000    0.000000000000    0.000000000000    0.000000000000    0.000000000000
-0.000000101579    1.300365924835    -0.013337509707    -0.000170093044    130739.421875000000    131035.203125000000    47530.257812500000    130739.421875000000    122111.031250000000    -0.093633398414    -0.403849989176    0.000417664356    0.000119347424    -0.039925374091    0.113672383130    -0.000000000000    0.000000000000    -0.000000000000    0.000000000000    -0.000000000000    0.000000000000
-0.000000102693    1.300292730331    -0.013482918963    -0.000295865320    130373.812500000000    131387.046875000000    82970.390625000000    130373.804687500000    101874.804687500000    0.023491211236    -0.417014628649    0.000366854569    0.000232690960    -0.071677029133    0.097898602486    -0.000000000000    0.000000000000    -0.000000000000    0.000000000000    -0.000000000000    0.000000000000
-0.000000103806    1.300184130669    -0.013627961278    -0.000393323251    130087.453125000000    131647.937500000000    110418.031250000000    130087.445312500000    71687.132812500000    0.138981819153    -0.399133563042    0.000287382834    0.000325942645    -0.098067194223    0.073695771396    -0.000000000000    0.000000000000    -0.000000000000    0.000000000000    -0.000000000000    0.000000000000
-0.000000104920    1.300050616264    -0.013772744685    -0.000452949491    129910.414062500000    131787.703125000000    127191.328125000000    129910.406250000000    34501.765625000000    0.245923250914    -0.351582914591    0.000186199148    0.000392873510    -0.116825886071    0.042642362416    -0.000000000000    0.000000000000    -0.000000000000    0.000000000000    -0.000000000000    0.000000000000
-0.000000106034    1.299905180931    -0.013917399570    -0.000468928309    129862.562500000000    131790.484375000000    131651.906250000000    129862.546875000000    -6042.895996093750    0.337493926287    -0.276624500751    0.000071093091    0.000429261854    -0.126058012247    0.006999813020    -0.000000000000    0.000000000000    -0.000000000000    0.000000000000    -0.000000000000    0.000000000000
-0.000000107148    1.299762010574    -0.014062076807    -0.000439715019    129951.375000000000    131655.546875000000    123365.820312500000    129951.367187500000    -45978.968750000000    0.406715005636    -0.177823930979    -0.000049680086    0.000432717323    -0.124502383173    -0.030339213088    -0.000000000000    0.000000000000    -0.000000000000    0.000000000000    -0.000000000000    0.000000000000
-0.000000108262    1.299634933472    -0.014206927270    -0.000368188048    130170.914062500000    131395.703125000000    103147.062500000000    130170.906250000000    -81397.312500000000    0.446374148130    -0.061024375260    -0.000167294755    0.000402333506    -0.111818350852    -0.066029466689    0.000000000000    0.000000000000    0.000000000000    0.000000000000    0.000000000000    0.000000000000
-0.000000109376    1.299535870552    -0.014352087863    -0.000261368114    130502.093750000000    131034.351562500000    72978.679687500000    130502.093750000000    -108830.695312500000    0.450403273106    0.064797580242    -0.000272231991    0.000339283724    -0.088790461421    -0.096613794565    0.000000000000    0.000000000000    0.000000000000    0.000000000000    0.000000000000    0.000000000000
-0.000000110489    1.299474716187    -0.014497665688    -0.000129730513    130914.382812500000    130601.968750000000    35818.632812500000    130914.382812500000    -125594.203125000000    0.416937023401    0.189703494310    -0.000356560369    0.000248393742    -0.057362519205    -0.119007587433    0.000000000000    0.000000000000    0.000000000000    0.000000000000    0.000000000000    0.000000000000
-0.000000111603    1.299457192421    -0.014643730596    0.000013821482    131368.500000000000    130133.601562500000    -4690.107910156250    131368.515625000000    -130049.062500000000    0.346094012260    0.301847279072    -0.000412674592    0.000135617855    -0.020469740033    -0.130860343575    0.000000000000    0.000000000000    0.000000000000    0.000000000000    0.000000000000    0.000000000000
-0.000000112717    1.299484848976    -0.014790303074    0.000155221991    131820.265625000000    129667.000000000000    -44577.324218750000    131820.281250000000    -121763.679687500000    0.242345571518    0.389107465744    -0.000434402609    0.000009334199    0.018281370401    -0.130940586329    0.000000000000    0.000000000000    0.000000000000    0.000000000000    0.000000000000    0.000000000000
-0.000000113831    1.299554705620    -0.014937356114    0.000280621956    132224.812500000000    129241.015625000000    -79935.515625000000    132224.843750000000    -101555.656250000000    0.114674136043    0.441037565470    -0.000418035110    -0.000119928387    0.055082131177    -0.119312793016    0.000000000000    0.000000000000    0.000000000000    0.000000000000    0.000000000000    0.000000000000
-0.000000114945    1.299659848213    -0.015084815212    0.000377746619    132541.156250000000    128893.398437500000    -107303.429687500000    132541.187500000000    -71410.648437500000    -0.024235606194    0.450805157423    -0.000363293511    -0.000240293390    0.086419492960    -0.097305461764    0.000000000000    0.000000000000    0.000000000000    0.000000000000    0.000000000000    0.000000000000
-0.000000116058    1.299789905548    -0.015232560225    0.000437097158    132736.265625000000    128657.906250000000    -124005.226562500000    132736.296875000000    -34286.410156250000    -0.158888429403    0.416016757488    -0.000273529615    -0.000339084363    0.109480857849    -0.067282401025    0.000000000000    0.000000000000    0.000000000000    0.000000000000    0.000000000000    0.000000000000
-0.000000117172    1.299931764603    -0.015380445868    0.000452878943    132788.531250000000    128560.406250000000    -128411.843750000000    132788.562500000000    6178.516113281250    -0.274578571320    0.341234385967    -0.000157301140    -0.000405775267    0.122480466962    -0.032278440893    0.000000000000    0.000000000000    0.000000000000    0.000000000000    0.000000000000    0.000000000000
-0.000000118286    1.300071239471    -0.015528306365    0.000423565332    132690.109375000000    128614.882812500000    -120098.921875000000    132690.140625000000    46022.105468750000    -0.360393196344    0.236008763313    -0.000026411923    -0.000434034358    0.124737888575    0.004452141002    0.000000000000    0.000000000000    0.000000000000    0.000000000000    0.000000000000    0.000000000000
-0.000000119400    1.300194740295    -0.015675975010    0.000352043018    132447.984375000000    128820.195312500000    -99886.546875000000    132448.015625000000    81346.906250000000    -0.409311920404    0.112232841551    0.000106200576    -0.000421420671    0.116537705064    0.039796367288    0.000000000000    0.000000000000    0.000000000000    0.000000000000    0.000000000000    0.000000000000
-0.000000120514    1.300289988518    -0.015823302791    0.000245325500    132083.437500000000    129158.656250000000    -69757.367187500000    132083.468750000000    108700.820312500000    -0.419095933437    -0.017281070352    0.000227723547    -0.000370000198    0.098960645497    0.071033068001    0.000000000000    0.000000000000    0.000000000000    0.000000000000    0.000000000000    0.000000000000
-0.000000121627    1.300347566605    -0.015970170498    0.000113864109    131630.296875000000    129596.726562500000    -32661.660156250000    131630.312500000000    125413.429687500000    -0.391762197018    -0.140775859356    0.000327136600    -0.000285812741    0.073640845716    0.095952779055    0.000000000000    0.000000000000    0.000000000000    0.000000000000    0.000000000000    0.000000000000
-0.000000122741    1.300361633301    -0.016116507351    -0.000029475756    131131.703125000000    130088.070312500000    7771.424316406250    131131.718750000000    129855.742187500000    -0.332434028387    -0.248739108443    0.000396337331    -0.000177793845    0.042589094490    0.112886473536    0.000000000000    0.000000000000    0.000000000000    0.000000000000    0.000000000000    0.000000000000
-0.000000123855    1.300330638885    -0.016262281686    -0.000170672894    130636.156250000000    130578.593750000000    47588.210937500000    130636.156250000000    121598.257812500000    -0.247852504253    -0.334404945374    0.000430731103    -0.000056368248    0.008065644652    0.120672442019    0.000000000000    0.000000000000    0.000000000000    0.000000000000    0.000000000000    0.000000000000
-0.000000124969    1.300257444382    -0.016407530755    -0.000295920589    130192.632812500000    131012.828125000000    82896.179687500000    130192.625000000000    101452.406250000000    -0.145240694284    -0.393423765898    0.000429132051    0.000067840934    -0.027466202155    0.118657387793    0.000000000000    0.000000000000    0.000000000000    0.000000000000    0.000000000000    0.000000000000
-0.000000126083    1.300148844719    -0.016552334651    -0.000392975664    129845.898437500000    131340.812500000000    110243.757812500000    129845.890625000000    71391.398437500000    -0.031680494547    -0.423188924789    0.000393250462    0.000185004668    -0.061377733946    0.106744967401    -0.000000000000    0.000000000000    -0.000000000000    0.000000000000    -0.000000000000    0.000000000000
-0.000000127196    1.300015687943    -0.016696823761    -0.000452355365    129631.929687500000    131524.421875000000    126957.500000000000    129631.921875000000    34358.011718750000    0.085909217596    -0.422165513039    0.000326976558    0.000286654220    -0.090947538614    0.085495412350    -0.000000000000    0.000000000000    -0.000000000000    0.000000000000    -0.000000000000    0.000000000000
-0.000000128310    1.299870610237    -0.016841160133    -0.000468265032    129574.226562500000    131541.796875000000    131403.890625000000    129574.210937500000    -6022.376953125000    0.200309455395    -0.389686971903    0.000235766522    0.000365813496    -0.113533787429    0.056250430644    -0.000000000000    0.000000000000    -0.000000000000    0.000000000000    -0.000000000000    0.000000000000
-0.000000129424    1.299727678299    -0.016985524446    -0.000439165917    129681.164062500000    131389.406250000000    123149.984375000000    129681.156250000000    -45795.914062500000    0.303616702557    -0.326286494732    0.000126265251    0.000416984403    -0.126837551594    0.021186701953    -0.000000000000    0.000000000000    -0.000000000000    0.000000000000    -0.000000000000    0.000000000000
-0.000000130538    1.299600720406    -0.017130097374    -0.000367926783    129945.023437500000    131081.328125000000    103006.914062500000    129945.015625000000    -81067.250000000000    0.386384338140    -0.234503462911    0.000006283502    0.000435440132    -0.129219546914    -0.016738461331    -0.000000000000    0.000000000000    -0.000000000000    0.000000000000    -0.000000000000    0.000000000000
-0.000000131652    1.299501895905    -0.017275040969    -0.000261543872    130342.382812500000    130646.335937500000    72951.296875000000    130342.382812500000    -108381.632812500000    0.440387994051    -0.120272576809    -0.000115008137    0.000419289252    -0.120052307844    -0.054041039199    0.000000000000    0.000000000000    0.000000000000    0.000000000000    0.000000000000    0.000000000000
-0.000000132765    1.299440741539    -0.017420487478    -0.000130455388    130836.148437500000    130123.609375000000    35931.644531250000    130836.148437500000    -125064.281250000000    0.459491610527    0.008075162768    -0.000228446996    0.000369411398    -0.099907927215    -0.087106131017    0.000000000000    0.000000000000    0.000000000000    0.000000000000    0.000000000000    0.000000000000
-0.000000133879    1.299422979355    -0.017566513270    0.000012482056    131379.015625000000    129558.796875000000    -4420.875976562500    131379.031250000000    -129483.359375000000    0.439095258713    0.139580562711    -0.000324688706    0.000288254989    -0.070563726127    -0.112610481679    0.000000000000    0.000000000000    0.000000000000    0.000000000000    0.000000000000    0.000000000000
-0.000000134993    1.299450278282    -0.017713148147    0.000153254936    131918.093750000000    129000.484375000000    -44149.226562500000    131918.109375000000    -121210.445312500000    0.378479480743    0.261315435171    -0.000394752366    0.000181052936    -0.034855414182    -0.127993226051    0.000000000000    0.000000000000    0.000000000000    0.000000000000    0.000000000000    0.000000000000
-0.000000136107    1.299519658089    -0.017860356718    0.000278067804    132399.953125000000    128497.070312500000    -79359.445312500000    132399.984375000000    -101062.226562500000    0.281770646572    0.360082298517    -0.000431049179    0.000056005822    0.003680512309    -0.131812244654    0.000000000000    0.000000000000    0.000000000000    0.000000000000    0.000000000000    0.000000000000
-0.000000137221    1.299624085426    -0.018008043990    0.000374696188    132776.000000000000    128093.617187500000    -106603.070312500000    132776.031250000000    -71019.421875000000    0.157916545868    0.424559205770    -0.000428619591    -0.000076099641    0.041284024715    -0.123903214931    0.000000000000    0.000000000000    0.000000000000    0.000000000000    0.000000000000    0.000000000000
-0.000000138334    1.299753069878    -0.018156073987    0.000433684007    133007.343750000000    127828.351562500000    -123215.132812500000    133007.375000000000    -34031.101562500000    0.019955649972    0.446815133095    -0.000385854306    -0.000202561525    0.074439555407    -0.105332918465    0.000000000000    0.000000000000    0.000000000000    0.000000000000    0.000000000000    0.000000000000
-0.000000139448    1.299893856049    -0.018304266036    0.000449267944    133068.828125000000    127728.812500000000    -127574.523437500000    133068.859375000000    6275.819824218750    -0.116410478950    0.424263894558    -0.000305691530    -0.000309917319    0.100281216204    -0.078182697296    0.000000000000    0.000000000000    0.000000000000    0.000000000000    0.000000000000    0.000000000000
-0.000000140562    1.300032496452    -0.018452432007    0.000419938558    132951.750000000000    127808.125000000000    -119261.234375000000    132951.781250000000    45952.937500000000    -0.237497061491    0.361746788025    -0.000196807145    -0.000387849752    0.116893023252    -0.045181818306    0.000000000000    0.000000000000    0.000000000000    0.000000000000    0.000000000000    0.000000000000
-0.000000141676    1.300155282021    -0.018600368872    0.000348583882    132664.906250000000    128062.242187500000    -99095.554687500000    132664.937500000000    81117.250000000000    -0.332076966763    0.267420470715    -0.000070118935    -0.000428968720    0.123308435082    -0.009318910539    0.000000000000    0.000000000000    0.000000000000    0.000000000000    0.000000000000    0.000000000000
-0.000000142790    1.300249576569    -0.018747901544    0.000242202921    132234.015625000000    128468.929687500000    -69056.164062500000    132234.046875000000    108330.570312500000    -0.392979264259    0.152145668864    0.000061807732    -0.000430091051    0.119443207979    0.026467930526    0.000000000000    0.000000000000    0.000000000000    0.000000000000    0.000000000000    0.000000000000
-0.000000143903    1.300306439400    -0.018894894049    0.000111217771    131699.421875000000    128989.015625000000    -32085.484375000000    131699.437500000000    124934.742187500000    -0.417348623276    0.027519233525    0.000186473480    -0.000392382964    0.105928257108    0.059491042048    0.000000000000    0.000000000000    0.000000000000    0.000000000000    0.000000000000    0.000000000000
-0.000000145017    1.300319910049    -0.019041258842    -0.000031547483    131112.281250000000    129569.773437500000    8198.319335937500    131112.296875000000    129310.156250000000    -0.406055539846    -0.095688425004    0.000292913697    -0.000320813502    0.083955839276    0.087408468127    0.000000000000    0.000000000000    0.000000000000    0.000000000000    0.000000000000    0.000000000000
-0.000000146131    1.300288438797    -0.019186964259    -0.000172121465    130529.757812500000    130150.140625000000    47854.679687500000    130529.757812500000    121033.023437500000    -0.362569481134    -0.208543017507    0.000372770359    -0.000223112555    0.055155925453    0.108252309263    0.000000000000    0.000000000000    0.000000000000    0.000000000000    0.000000000000    0.000000000000
-0.000000147245    1.300215005875    -0.019332051277    -0.000296751357    130009.375000000000    130667.296875000000    83005.054687500000    130009.367187500000    100916.351562500000    -0.291736602783    -0.304138332605    0.000420738885    -0.000108526838    0.021545656025    0.120437964797    0.000000000000    0.000000000000    0.000000000000    0.000000000000    0.000000000000    0.000000000000
-0.000000148359    1.300106406212    -0.019476618618    -0.000393247319    129603.437500000000    131063.812500000000    110211.460937500000    129603.429687500000    70930.703125000000    -0.199019074440    -0.377188473940    0.000434463378    0.000013255471    -0.014479747042    0.122837670147    0.000000000000    0.000000000000    0.000000000000    0.000000000000    0.000000000000    0.000000000000
-0.000000149472    1.299973368645    -0.019620817155    -0.000452174660    129353.718750000000    131294.437500000000    126812.468750000000    129353.710937500000    34012.261718750000    -0.090184181929    -0.423463135958    0.000414128008    0.000132918984    -0.050182603300    0.114896282554    -0.000000000000    0.000000000000    -0.000000000000    0.000000000000    -0.000000000000    0.000000000000
-0.000000150586    1.299828529358    -0.019764836878    -0.000467777601    129287.226562500000    131331.531250000000    131184.015625000000    129287.210937500000    -6223.525878906250    0.028351545334    -0.439427196980    0.000361952756    0.000241882110    -0.082591876388    0.096813395619    -0.000000000000    0.000000000000    -0.000000000000    0.000000000000    -0.000000000000    0.000000000000
-0.000000151700    1.299685835838    -0.019908890128    -0.000438543619    129413.226562500000    131168.234375000000    122899.343750000000    129413.218750000000    -45835.175781250000    0.149067103863    -0.422385632992    0.000281833898    0.000332454074    -0.108725175261    0.069692038000    -0.000000000000    0.000000000000    -0.000000000000    0.000000000000    -0.000000000000    0.000000000000
-0.000000152814    1.299559116364    -0.020053187385    -0.000367353205    129722.093750000000    130818.773437500000    102772.046875000000    129722.085937500000    -80941.125000000000    0.261673510075    -0.370708703995    0.000178946168    0.000396705786    -0.125891894102    0.035623334348    -0.000000000000    0.000000000000    -0.000000000000    0.000000000000    -0.000000000000    0.000000000000
-0.000000153928    1.299460649490    -0.020197918639    -0.000261198584    130185.968750000000    130316.101562500000    72777.335937500000    130185.968750000000    -108100.656250000000    0.357216775417    -0.287158668041    0.000061322658    0.000430165062    -0.132165208459    -0.002431657165    -0.000000000000    0.000000000000    -0.000000000000    0.000000000000    -0.000000000000    0.000000000000
-0.000000155041    1.299399614334    -0.020343234763    -0.000130498855    130761.226562500000    129707.335937500000    35858.613281250000    130761.226562500000    -124652.140625000000    0.426247328520    -0.176614835858    -0.000062531180    0.000429569365    -0.126634016633    -0.040909629315    0.000000000000    0.000000000000    0.000000000000    0.000000000000    0.000000000000    0.000000000000
-0.000000156155    1.299381852150    -0.020489228889    0.000011922255    131392.531250000000    129048.671875000000    -4361.355468750000    131392.546875000000    -128974.953125000000    0.460151016712    -0.047366812825    -0.000183053824    0.000393443159    -0.109629414976    -0.076044812799    0.000000000000    0.000000000000    0.000000000000    0.000000000000    0.000000000000    0.000000000000
-0.000000157269    1.299409031868    -0.020635927096    0.000152095017    132018.296875000000    128400.171875000000    -43936.644531250000    132018.312500000000    -120648.976562500000    0.453109264374    0.088968113065    -0.000289927149    0.000323017128    -0.082753866911    -0.104356035590    0.000000000000    0.000000000000    0.000000000000    0.000000000000    0.000000000000    0.000000000000
-0.000000158383    1.299478054047    -0.020783290267    0.000276275096    132576.515625000000    127820.960937500000    -78986.257812500000    132576.546875000000    -100495.609375000000    0.403667688370    0.218588605523    -0.000372924667    0.000222803312    -0.048698663712    -0.123118057847    0.000000000000    0.000000000000    0.000000000000    0.000000000000    0.000000000000    0.000000000000
-0.000000159497    1.299582004547    -0.020931212232    0.000372292154    133011.093750000000    127364.507812500000    -106075.484375000000    133011.125000000000    -70496.148437500000    0.315533041954    0.327515184879    -0.000423217483    0.000100723337    -0.010865017772    -0.130689620972    0.000000000000    0.000000000000    0.000000000000    0.000000000000    0.000000000000    0.000000000000
-0.000000160610    1.299710392952    -0.021079525352    0.000430742482    133277.421875000000    127074.296875000000    -122552.734375000000    133277.453125000000    -33596.132812500000    0.197483375669    0.403767824173    -0.000434711110    -0.000032312390    0.027092708275    -0.126672744751    0.000000000000    0.000000000000    0.000000000000    0.000000000000    0.000000000000    0.000000000000
-0.000000161724    1.299850463867    -0.021228028461    0.000445908983    133346.875000000000    126979.554687500000    -126808.679687500000    133346.906250000000    6585.006835937500    0.062871508300    0.437699496746    -0.000403904269    -0.000162720171    0.061691790819    -0.111834183335    0.000000000000    0.000000000000    0.000000000000    0.000000000000    0.000000000000    0.000000000000
-0.000000162838    1.299988150597    -0.021376494318    0.000416318246    133209.968750000000    127091.898437500000    -118432.460937500000    133210.000000000000    46109.648437500000    -0.073658511043    0.428713053465    -0.000335018092    -0.000277524523    0.090092949569    -0.087943166494    0.000000000000    0.000000000000    0.000000000000    0.000000000000    0.000000000000    0.000000000000
-0.000000163952    1.300109744072    -0.021524693817    0.000344880886    132877.468750000000    127403.210937500000    -98250.054687500000    132877.500000000000    81107.968750000000    -0.198575481772    0.379852294922    -0.000235172862    -0.000365647953    0.110216654837    -0.057367488742    0.000000000000    0.000000000000    0.000000000000    0.000000000000    0.000000000000    0.000000000000
-0.000000165066    1.300203323364    -0.021672427654    0.000238603010    132379.593750000000    127885.476562500000    -68241.718750000000    132379.625000000000    108156.195312500000    -0.300949305296    0.298194080591    -0.000114612223    -0.000419186836    0.120814494789    -0.022784575820    0.000000000000    0.000000000000    0.000000000000    0.000000000000    0.000000000000    0.000000000000
-0.000000166180    1.300259232521    -0.021819537506    0.000107897606    131763.250000000000    128492.882812500000    -31347.156250000000    131763.265625000000    124610.500000000000    -0.373494863510    0.193260639906    0.000014729230    -0.000434238085    0.121405117214    0.013070657849    0.000000000000    0.000000000000    0.000000000000    0.000000000000    0.000000000000    0.000000000000
-0.000000167293    1.300271749496    -0.021965920925    -0.000034435609    131087.609375000000    129165.890625000000    8822.185546875000    131087.625000000000    128864.265625000000    -0.412684857845    0.075266875327    0.000140841992    -0.000411001791    0.112157724798    0.047562725842    0.000000000000    0.000000000000    0.000000000000    0.000000000000    0.000000000000    0.000000000000
-0.000000168407    1.300239682198    -0.022111551836    -0.000174462781    130418.539062500000    129836.843750000000    48335.828125000000    130418.539062500000    120504.179687500000    -0.418073803186    -0.046211645007    0.000253007747    -0.000353225943    0.093793980777    0.078220516443    0.000000000000    0.000000000000    0.000000000000    0.000000000000    0.000000000000    0.000000000000
-0.000000169521    1.300165891647    -0.022256471217    -0.000298478466    129822.070312500000    130436.554687500000    83327.742187500000    129822.062500000000    100350.335937500000    -0.391302436590    -0.162854760885    0.000342680432    -0.000267260766    0.067554414272    0.102777354419    0.000000000000    0.000000000000    0.000000000000    0.000000000000    0.000000000000    0.000000000000
-0.000000170635    1.300057053566    -0.022400794551    -0.000394345901    129357.968750000000    130901.406250000000    110373.695312500000    129357.960937500000    70376.367187500000    -0.335255086422    -0.267563581467    0.000403831655    -0.000161045042    0.035211198032    0.119243755937    0.000000000000    0.000000000000    0.000000000000    0.000000000000    0.000000000000    0.000000000000
-0.000000171749    1.299923896790    -0.022544696927    -0.000452684646    129073.750000000000    131180.234375000000    126826.054687500000    129073.742187500000    33517.312500000000    -0.253508508205    -0.354088485241    0.000432914589    -0.000043172578    -0.000923037529    0.126021116972    0.000000000000    0.000000000000    0.000000000000    0.000000000000    0.000000000000    0.000000000000
-0.000000172862    1.299779057503    -0.022688398138    -0.000467789447    128999.796875000000    131240.218750000000    131073.359375000000    128999.781250000000    -6616.570800781250    -0.150568470359    -0.416543483734    0.000428526575    0.000077602774    -0.038020387292    0.122122310102    -0.000000000000    0.000000000000    -0.000000000000    0.000000000000    -0.000000000000    0.000000000000
-0.000000173976    1.299636602402    -0.022832138464    -0.000438190560    129146.140625000000    131071.109375000000    122699.296875000000    129146.132812500000    -46092.566406250000    -0.032461479306    -0.449107617140    0.000390940957    0.000192514242    -0.072880275548    0.107387915254    -0.000000000000    0.000000000000    -0.000000000000    0.000000000000    -0.000000000000    0.000000000000
-0.000000175090    1.299510240555    -0.022976158187    -0.000366799883    129501.187500000000    130686.414062500000    102524.882812500000    129501.179687500000    -81040.695312500000    0.091911777854    -0.446516513824    0.000322050095    0.000292227371    -0.102197960019    0.082697540522    -0.000000000000    0.000000000000    -0.000000000000    0.000000000000    -0.000000000000    0.000000000000
-0.000000176204    1.299411892891    -0.023120678961    -0.000260627014    130032.507812500000    130122.031250000000    72529.195312500000    130032.507812500000    -108033.632812500000    0.213545650244    -0.407972633839    0.000227607015    0.000369783054    -0.123034924269    0.050023704767    -0.000000000000    0.000000000000    -0.000000000000    0.000000000000    -0.000000000000    0.000000000000
-0.000000177318    1.299351215363    -0.023265864700    -0.000130092871    130689.875000000000    129431.968750000000    35655.781250000000    130689.875000000000    -124423.882812500000    0.321579337120    -0.333874046803    0.000113858390    0.000418612384    -0.133134812117    0.012295812368    -0.000000000000    0.000000000000    -0.000000000000    0.000000000000    -0.000000000000    0.000000000000
-0.000000178431    1.299333930016    -0.023411825299    0.000011992477    131409.890625000000    128682.437500000000    -4476.282714843750    131409.906250000000    -128604.562500000000    0.404730111361    -0.228423476219    -0.000011014625    0.000433535984    -0.131316930056    -0.026876751333    -0.000000000000    0.000000000000    -0.000000000000    0.000000000000    -0.000000000000    0.000000000000
-0.000000179545    1.299361228943    -0.023558592424    0.000151687578    132122.187500000000    127945.257812500000    -43928.351562500000    132122.203125000000    -120167.757812500000    0.452989727259    -0.100045710802    -0.000137032213    0.000411563960    -0.117691889405    -0.063650459051    0.000000000000    0.000000000000    0.000000000000    0.000000000000    0.000000000000    0.000000000000
-0.000000180659    1.299430131912    -0.023706115782    0.000275288563    132756.234375000000    127291.093750000000    -78829.765625000000    132756.265625000000    -99944.437500000000    0.459507167339    0.039138525724    -0.000253021804    0.000352767383    -0.093662947416    -0.094447188079    0.000000000000    0.000000000000    0.000000000000    0.000000000000    0.000000000000    0.000000000000
-0.000000181773    1.299533724785    -0.023854272440    0.000370674417    133248.500000000000    126783.054687500000    -105758.398437500000    133248.531250000000    -69922.109375000000    0.422128200531    0.174764618278    -0.000347721769    0.000260909816    -0.061720624566    -0.116410762072    0.000000000000    0.000000000000    0.000000000000    0.000000000000    0.000000000000    0.000000000000
-0.000000182887    1.299661755562    -0.024002870545    0.000428495463    133548.640625000000    126470.859375000000    -122076.515625000000    133548.671875000000    -33048.421875000000    0.344126403332    0.292324721813    -0.000411219196    0.000143567304    -0.025075372308    -0.127724334598    0.000000000000    0.000000000000    0.000000000000    0.000000000000    0.000000000000    0.000000000000
-0.000000184000    1.299801230431    -0.024151682854    0.000443088677    133624.718750000000    126385.898437500000    -126188.578125000000    133624.750000000000    7059.297363281250    0.233932286501    0.378277361393    -0.000435460475    0.000011735683    0.012766672298    -0.127727583051    0.000000000000    0.000000000000    0.000000000000    0.000000000000    0.000000000000    0.000000000000
-0.000000185114    1.299938201904    -0.024300448596    0.000413029979    133466.578125000000    126537.921875000000    -117696.281250000000    133466.609375000000    46469.648437500000    0.104580275714    0.424870699644    -0.000418008101    -0.000121017285    0.048464857042    -0.116903729737    0.000000000000    0.000000000000    0.000000000000    0.000000000000    0.000000000000    0.000000000000
-0.000000186228    1.300059199333    -0.024448912591    0.000341270264    133087.062500000000    126913.820312500000    -97435.875000000000    133087.093750000000    81322.609375000000    -0.030117511749    0.430107653141    -0.000361540267    -0.000241632166    0.079166471958    -0.096621893346    0.000000000000    0.000000000000    0.000000000000    0.000000000000    0.000000000000    0.000000000000
-0.000000187342    1.300151705742    -0.024596843868    0.000234843435    132520.968750000000    127478.562500000000    -67394.539062500000    132521.000000000000    108207.015625000000    -0.157256543636    0.396128654480    -0.000272319914    -0.000338773709    0.102659083903    -0.068863108754    0.000000000000    0.000000000000    0.000000000000    0.000000000000    0.000000000000    0.000000000000
-0.000000188456    1.300206661224    -0.024744065478    0.000104175298    131821.906250000000    128178.507812500000    -30514.914062500000    131821.921875000000    124493.257812500000    -0.266349613667    0.328728020191    -0.000159723611    -0.000404137478    0.117408446968    -0.035957939923    0.000000000000    0.000000000000    0.000000000000    0.000000000000    0.000000000000    0.000000000000
-0.000000189569    1.300218582153    -0.024890465662    -0.000037937862    131057.203125000000    128946.601562500000    9592.942382812500    131057.210937500000    128589.289062500000    -0.350039035082    0.235835194588    -0.000034822711    -0.000433129637    0.122519299388    -0.000411055982    0.000000000000    0.000000000000    0.000000000000    0.000000000000    0.000000000000    0.000000000000
-0.000000190683    1.300185918808    -0.025036012754    -0.000177581474    130301.390625000000    129708.578125000000    49004.042968750000    130301.390625000000    120095.476562500000    -0.404031217098    0.126062452793    0.000091072769    -0.000424909842    0.117679290473    0.035203177482    0.000000000000    0.000000000000    0.000000000000    0.000000000000    0.000000000000    0.000000000000
-0.000000191797    1.300111293793    -0.025180757046    -0.000301083463    129629.062500000000    130389.562500000000    83861.460937500000    129629.054687500000    99843.375000000000    -0.426462620497    0.007739610970    0.000207593112    -0.000381891412    0.103141620755    0.068296566606    0.000000000000    0.000000000000    0.000000000000    0.000000000000    0.000000000000    0.000000000000
-0.000000192911    1.300001978874    -0.025324832648    -0.000396351621    129107.421875000000    130920.960937500000    110752.750000000000    129107.414062500000    69814.984375000000    -0.417063802481    -0.111468866467    0.000306078873    -0.000308924500    0.079751774669    0.096321657300    0.000000000000    0.000000000000    0.000000000000    0.000000000000    0.000000000000    0.000000000000
-0.000000194025    1.299868464470    -0.025468433276    -0.000454057124    128789.679687500000    131247.000000000000    127043.640625000000    128789.671875000000    32949.863281250000    -0.376590788364    -0.224311575294    0.000379833800    -0.000212463012    0.049022093415    0.116885982454    0.000000000000    0.000000000000    0.000000000000    0.000000000000    0.000000000000    0.000000000000
-0.000000195138    1.299723625183    -0.025611814111    -0.000468549231    128709.539062500000    131330.781250000000    131136.500000000000    128709.523437500000    -7141.325195312500    -0.306774139404    -0.323510468006    0.000424074533    -0.000099940145    0.013178601861    0.127952292562    0.000000000000    0.000000000000    0.000000000000    0.000000000000    0.000000000000    0.000000000000
-0.000000196252    1.299581170082    -0.025755243376    -0.000438410876    128877.656250000000    131158.796875000000    122628.015625000000    128877.648437500000    -46529.605468750000    -0.210960105062    -0.400467783213    0.000434903137    0.000020330353    -0.024865120649    0.128106385469    0.000000000000    0.000000000000    0.000000000000    0.000000000000    0.000000000000    0.000000000000
-0.000000197366    1.299454808235    -0.025898993015    -0.000366600143    129280.351562500000    130743.429687500000    102350.484375000000    129280.343750000000    -81352.492187500000    -0.095307625830    -0.448281556368    0.000411632791    0.000139154916    -0.061731535941    0.116879187524    -0.000000000000    0.000000000000    -0.000000000000    0.000000000000    -0.000000000000    0.000000000000
-0.000000198480    1.299356818199    -0.026043301448    -0.000260162749    129880.539062500000    130122.492187500000    72291.632812500000    129880.539062500000    -108193.296875000000    0.032338917255    -0.461815237999    0.000356098462    0.000247911608    -0.093913421035    0.094918698072    -0.000000000000    0.000000000000    -0.000000000000    0.000000000000    -0.000000000000    0.000000000000
-0.000000199594    1.299296379089    -0.026188366115    -0.000129542634    130621.234375000000    129355.640625000000    35400.382812500000    130621.234375000000    -124417.429687500000    0.161761328578    -0.437069892883    0.000271391647    0.000338065001    -0.118170253932    0.064043879509    -0.000000000000    0.000000000000    -0.000000000000    0.000000000000    -0.000000000000    0.000000000000
-0.000000200707    1.299279093742    -0.026334300637    0.000012442400    131430.843750000000    128518.164062500000    -4702.568359375000    131430.859375000000    -128432.109375000000    0.280849397182    -0.373405218124    0.000162944256    0.000401587808    -0.131987512112    0.027122426778    -0.000000000000    0.000000000000    -0.000000000000    0.000000000000    -0.000000000000    0.000000000000
-0.000000201821    1.299306392670    -0.026481140405    0.000151858971    132230.187500000000    127693.414062500000    -44080.859375000000    132230.203125000000    -119843.593750000000    0.376992195845    -0.274586111307    0.000038719729    0.000431749242    -0.133948251605    -0.012252327055    -0.000000000000    0.000000000000    -0.000000000000    0.000000000000    -0.000000000000    0.000000000000
-0.000000202935    1.299375295639    -0.026628825814    0.000275026570    132940.187500000000    126964.148437500000    -78869.882812500000    132940.218750000000    -99495.906250000000    0.439020693302    -0.149032384157    -0.000091012014    0.000424157246    -0.123931996524    -0.050222154707    0.000000000000    0.000000000000    0.000000000000    0.000000000000    0.000000000000    0.000000000000
-0.000000204049    1.299478888512    -0.026777219027    0.000369860849    133489.781250000000    126404.101562500000    -105656.953125000000    133489.812500000000    -69387.343750000000    0.459192872047    -0.009115502238    -0.000214420463    0.000377769844    -0.103108078241    -0.083163887262    0.000000000000    0.000000000000    0.000000000000    0.000000000000    0.000000000000    0.000000000000
-0.000000205163    1.299606680870    -0.026926107705    0.000427059218    133822.968750000000    126070.375000000000    -121816.382812500000    133823.000000000000    -32473.152343750000    0.434722959995    0.130482316017    -0.000319384999    0.000295590144    -0.073723413050    -0.108130902052    0.000000000000    0.000000000000    0.000000000000    0.000000000000    0.000000000000    0.000000000000
-0.000000206276    1.299745559692    -0.027075231075    0.000441012002    133904.562500000000    125997.343750000000    -125766.351562500000    133904.593750000000    7625.685058593750    0.368237078190    0.254635870457    -0.000394766626    0.000184666715    -0.038744524121    -0.123139396310    0.000000000000    0.000000000000    0.000000000000    0.000000000000    0.000000000000    0.000000000000
-0.000000207390    1.299881935120    -0.027224296704    0.000410350127    133723.828125000000    126193.031250000000    -117122.625000000000    133723.859375000000    46978.390625000000    0.267817348242    0.349674344063    -0.000431732449    0.000055943958    -0.001456420869    -0.127276375890    0.000000000000    0.000000000000    0.000000000000    0.000000000000    0.000000000000    0.000000000000
-0.000000208504    1.300001978874    -0.027373023331    0.000338076585    133295.765625000000    126638.734375000000    -96734.703125000000    133295.796875000000    81729.828125000000    0.145856797695    0.408811181784    -0.000428086816    -0.000077183533    0.034966297448    -0.120695002377    0.000000000000    0.000000000000    0.000000000000    0.000000000000    0.000000000000    0.000000000000
-0.000000209618    1.300093889236    -0.027521152049    0.000231269558    132659.937500000000    127291.304687500000    -66600.992187500000    132659.968750000000    108477.570312500000    0.015013881028    0.428816854954    -0.000385059160    -0.000201866322    0.067690938711    -0.104336701334    0.000000000000    0.000000000000    0.000000000000    0.000000000000    0.000000000000    0.000000000000
-0.000000210732    1.300148010254    -0.027668485418    0.000100387610    131876.750000000000    128088.117187500000    -29672.253906250000    131876.765625000000    124603.867187500000    -0.112722992897    0.410791337490    -0.000307936833    -0.000306747126    0.094373002648    -0.079750239849    0.000000000000    0.000000000000    0.000000000000    0.000000000000    0.000000000000    0.000000000000
-0.000000211845    1.300158739090    -0.027814896777    -0.000041754654    131021.742187500000    128953.640625000000    10437.223632812500    131021.750000000000    128530.570312500000    -0.227398842573    0.359050273895    -0.000205039192    -0.000383209146    0.113189868629    -0.048896767199    0.000000000000    0.000000000000    0.000000000000    0.000000000000    0.000000000000    0.000000000000
-0.000000212959    1.300124883652    -0.027960354462    -0.000181240350    130178.328125000000    129806.570312500000    49802.468750000000    130178.328125000000    119872.695312500000    -0.321599632502    0.279743701220    -0.000086379063    -0.000425987877    0.122828446329    -0.014031615108    0.000000000000    0.000000000000    0.000000000000    0.000000000000    0.000000000000    0.000000000000
-0.000000214073    1.300049424171    -0.028104918078    -0.000304411282    129429.679687500000    130566.687500000000    84570.710937500000    129429.671875000000    99475.937500000000    -0.390218824148    0.179724454880    0.000037610076    -0.000433157315    0.122489668429    0.022347845137    0.000000000000    0.000000000000    0.000000000000    0.000000000000    0.000000000000    0.000000000000
-0.000000215187    1.299939393997    -0.028248736635    -0.000399203884    128850.523437500000    131161.406250000000    111337.421875000000    128850.515625000000    69334.687500000000    -0.429852575064    0.065928429365    0.000157071219    -0.000405685219    0.111946254969    0.057544037700    0.000000000000    0.000000000000    0.000000000000    0.000000000000    0.000000000000    0.000000000000
-0.000000216301    1.299805402756    -0.028392031789    -0.000456330512    128499.710937500000    131531.671875000000    127479.203125000000    128499.703125000000    32398.121093750000    -0.438207417727    -0.054639369249    0.000263293507    -0.000346786168    0.091652430594    0.088739886880    0.000000000000    0.000000000000    0.000000000000    0.000000000000    0.000000000000    0.000000000000
-0.000000217414    1.299659967422    -0.028535081074    -0.000470190134    128414.281250000000    131637.593750000000    131411.234375000000    128414.265625000000    -7717.101562500000    -0.413920223713    -0.174514114857    0.000348905276    -0.000261349865    0.062867127359    0.113171316683    0.000000000000    0.000000000000    0.000000000000    0.000000000000    0.000000000000    0.000000000000
-0.000000218528    1.299517273903    -0.028678189963    -0.000439419993    128605.429687500000    131463.234375000000    122743.867187500000    128605.421875000000    -47080.027343750000    -0.356333404779    -0.283554792404    0.000406276609    -0.000155296613    0.027735807002    0.128357693553    0.000000000000    0.000000000000    0.000000000000    0.000000000000    0.000000000000    0.000000000000
-0.000000219642    1.299390912056    -0.028821662068    -0.000367032480    129057.281250000000    131019.664062500000    102322.781250000000    129057.273437500000    -81830.351562500000    -0.269080996513    -0.374479502439    0.000432532077    -0.000037225069    -0.010814182460    0.132562458515    0.000000000000    0.000000000000    0.000000000000    0.000000000000    0.000000000000    0.000000000000
-0.000000220756    1.299293041229    -0.028965761885    -0.000260122761    129727.968750000000    130345.851562500000    72147.820312500000    129727.968750000000    -108557.539062500000    -0.156870931387    -0.438618600368    0.000425220089    0.000084564163    -0.049275919795    0.124984815717    -0.000000000000    0.000000000000    -0.000000000000    0.000000000000    -0.000000000000    0.000000000000
-0.000000221870    1.299232959747    -0.029110701755    -0.000129175372    130553.601562500000    129505.781250000000    35177.710937500000    130553.601562500000    -124636.593750000000    -0.027533710003    -0.468136727810    0.000383735925    0.000201016737    -0.083932280540    0.106025636196    -0.000000000000    0.000000000000    -0.000000000000    0.000000000000    -0.000000000000    0.000000000000
