1.30046546    0.00000000    0.00000000    0.00000000    131308.40625000    131308.40625000    131308.40625000
1.30037653    0.00000000    -0.00027363    77181.14843750    131308.40625000    106230.73437500    131308.40625000
1.30014384    0.00000000    -0.00044275    124881.71875000    131308.40625000    40576.52734375    131308.40625000
1.29985607    0.00000000    -0.00044275    124881.71875000    131308.40625000    -40576.52734375    131308.40625000
1.29962337    0.00000000    -0.00027363    77181.14843750    131308.40625000    -106230.73437500    131308.40625000
1.29953444    0.00000000    -0.00000000    0.00047137    131308.40625000    -131308.40625000    131308.40625000
1.29962337    0.00000000    0.00027363    -77181.14062500    131308.40625000    -106230.73437500    131308.40625000
1.29985607    0.00000000    0.00044275    -124881.71875000    131308.40625000    -40576.53125000    131308.40625000
1.30014384    0.00000000    0.00044275    -124881.71875000    131308.40625000    40576.52734375    131308.40625000
1.30037653    0.00000000    0.00027363    -77181.14843750    131308.40625000    106230.73437500    131308.40625000
