    5.000001e+17, 5.000001e+17, 5.000001e+17, 5.000001e+17, 5.000001e+17, 
    5.000001e+17, 5.000001e+17, 5.000001e+17, 5.000001e+17, 5.000001e+17, 
    5.000001e+17, 5.000001e+17, 5.000001e+17, 5.000001e+17, 5.000001e+17, 
    5.000001e+17, 5.000002e+17, 5.000003e+17, 5.000004e+17, 5.000005e+17, 
    5.000006e+17, 5.000009e+17, 5.000012e+17, 5.000017e+17, 5.000023e+17, 
    5.00003e+17, 5.000041e+17, 5.000056e+17, 5.000077e+17, 5.000102e+17, 
    5.000138e+17, 5.000184e+17, 5.000245e+17, 5.000324e+17, 5.000426e+17, 
    5.000556e+17, 5.000722e+17, 5.000932e+17, 5.001193e+17, 5.001519e+17, 
    5.001917e+17, 5.002405e+17, 5.002981e+17, 5.003657e+17, 5.004462e+17, 
    5.00537e+17, 5.006419e+17, 5.00754e+17, 5.008787e+17, 5.010077e+17, 
    5.011388e+17, 5.012738e+17, 5.013942e+17, 5.015161e+17, 5.016131e+17, 
    5.016976e+17, 5.017611e+17, 5.017914e+17, 5.018104e+17, 5.017868e+17, 
    5.017525e+17, 5.016881e+17, 5.016047e+17, 5.015109e+17, 5.013951e+17, 
    5.01281e+17, 5.011553e+17, 5.010331e+17, 5.009132e+17, 5.007967e+17, 
    5.006908e+17, 5.005904e+17, 5.005016e+17, 5.004213e+17, 5.003505e+17, 
    5.002895e+17, 5.002365e+17, 5.001952e+17, 5.001586e+17, 5.001276e+17, 
    5.001017e+17, 5.000798e+17, 5.000622e+17, 5.000478e+17, 5.000363e+17, 
    5.000274e+17, 5.000203e+17, 5.000149e+17, 5.000107e+17, 5.000077e+17, 
    5.000056e+17, 5.000039e+17, 5.000027e+17, 5.000019e+17, 5.000013e+17, 
    5.000009e+17, 5.000006e+17, 5.000004e+17, 5.000003e+17, 5.000002e+17, 
    5.000001e+17, 5.000001e+17, 5.000001e+17, 5e+17, 5e+17, 5e+17, 5e+17, 
    5e+17, 5e+17, 5e+17, 5e+17, 5e+17, 5e+17, 5e+17, 5e+17, 5e+17, 5e+17, 
    5e+17, 5e+17, 5e+17, 5e+17, 5e+17, 5e+17, 5e+17, 5e+17, 5e+17, 5e+17, 
    5e+17, 5e+17, 5e+17, 5e+17, 5e+17, 5e+17, 5e+17, 5e+17, 5e+17, 5e+17, 
    5e+17, 5e+17, 5e+17, 5e+17, 5e+17, 5e+17, 5e+17, 5e+17, 5e+17, 5e+17, 
    5e+17, 5e+17, 5e+17, 5.000001e+17, 5e+17, 5e+17, 5.000001e+17, 5e+17, 
    5.000001e+17, 5e+17, 5e+17, 5e+17, 5e+17, 5e+17, 5e+17, 5e+17, 5e+17, 
    5e+17, 5e+17, 5.000001e+17, 5e+17, 5e+17, 5e+17, 5.000001e+17, 5e+17, 
    5e+17, 5.000001e+17, 5e+17, 5e+17, 5e+17, 5e+17, 5e+17, 5e+17, 5e+17, 
    5e+17, 5e+17, 5e+17, 5e+17, 5e+17, 5e+17, 5e+17, 5.000001e+17, 5e+17, 
    5.000001e+17, 5e+17, 5e+17, 5e+17, 5e+17, 5e+17, 5e+17, 5e+17, 5e+17, 
    5e+17, 5e+17, 5e+17, 5e+17, 5e+17, 5e+17, 5.000001e+17, 5e+17, 5e+17, 
    5.000001e+17, 5.000001e+17, 5e+17, 5e+17, 5e+17, 5e+17, 5e+17, 5e+17, 
    5e+17, 5e+17, 5e+17, 5.000001e+17, 5e+17, 5e+17, 5e+17, 5.000001e+17, 
    5e+17, 5e+17, 5e+17, 5e+17, 5e+17, 5e+17, 5e+17, 5e+17, 5.000001e+17, 
    5e+17, 5.000001e+17, 5e+17, 5e+17, 5.000001e+17, 5.000001e+17, 5e+17, 
    5e+17, 5e+17, 5e+17, 5.000001e+17, 5e+17, 5e+17, 5e+17, 5e+17, 5e+17, 
    5.000001e+17, 5e+17, 5e+17, 5e+17, 5e+17, 5e+17, 5e+17,
  5.000001e+17, 5.000001e+17, 5.000001e+17, 5.000001e+17, 5.000001e+17, 
    5.000001e+17, 5.000001e+17, 5.000001e+17, 5.000001e+17, 5.000001e+17, 
    5.000001e+17, 5.000001e+17, 5.000001e+17, 5.000001e+17, 5.000001e+17, 
    5.000001e+17, 5.000002e+17, 5.000003e+17, 5.000004e+17, 5.000005e+17, 
    5.000006e+17, 5.000009e+17, 5.000012e+17, 5.000016e+17, 5.000023e+17, 
    5.000029e+17, 5.000041e+17, 5.000055e+17, 5.000074e+17, 5.0001e+17, 
    5.000133e+17, 5.000179e+17, 5.000237e+17, 5.000313e+17, 5.000412e+17, 
    5.000538e+17, 5.000699e+17, 5.000899e+17, 5.001153e+17, 5.001468e+17, 
    5.001853e+17, 5.002325e+17, 5.002882e+17, 5.003536e+17, 5.004314e+17, 
    5.005192e+17, 5.006207e+17, 5.00729e+17, 5.008496e+17, 5.009743e+17, 
    5.011011e+17, 5.012317e+17, 5.013481e+17, 5.01466e+17, 5.015597e+17, 
    5.016415e+17, 5.017029e+17, 5.017322e+17, 5.017507e+17, 5.017276e+17, 
    5.016946e+17, 5.016323e+17, 5.015517e+17, 5.01461e+17, 5.013489e+17, 
    5.012388e+17, 5.011171e+17, 5.00999e+17, 5.00883e+17, 5.007703e+17, 
    5.00668e+17, 5.005709e+17, 5.00485e+17, 5.004074e+17, 5.003388e+17, 
    5.002799e+17, 5.002287e+17, 5.001887e+17, 5.001533e+17, 5.001235e+17, 
    5.000982e+17, 5.000772e+17, 5.000602e+17, 5.000462e+17, 5.000352e+17, 
    5.000264e+17, 5.000196e+17, 5.000144e+17, 5.000104e+17, 5.000074e+17, 
    5.000053e+17, 5.000037e+17, 5.000026e+17, 5.000018e+17, 5.000012e+17, 
    5.000008e+17, 5.000006e+17, 5.000003e+17, 5.000003e+17, 5.000002e+17, 
    5.000001e+17, 5.000001e+17, 5.000001e+17, 5e+17, 5e+17, 5e+17, 5e+17, 
    5e+17, 5e+17, 5e+17, 5e+17, 5e+17, 5e+17, 5e+17, 5e+17, 5e+17, 5e+17, 
    5e+17, 5e+17, 5e+17, 5e+17, 5e+17, 5e+17, 5e+17, 5e+17, 5e+17, 5e+17, 
    5e+17, 5e+17, 5e+17, 5e+17, 5e+17, 5e+17, 5e+17, 5e+17, 5e+17, 5e+17, 
    5e+17, 5e+17, 5e+17, 5e+17, 5e+17, 5e+17, 5e+17, 5e+17, 5e+17, 5e+17, 
    5e+17, 5e+17, 5e+17, 5.000001e+17, 5e+17, 5e+17, 5.000001e+17, 5e+17, 
    5.000001e+17, 5e+17, 5e+17, 5e+17, 5e+17, 5e+17, 5e+17, 5e+17, 5e+17, 
    5e+17, 5e+17, 5.000001e+17, 5e+17, 5e+17, 5e+17, 5.000001e+17, 5e+17, 
    5e+17, 5.000001e+17, 5e+17, 5e+17, 5e+17, 5e+17, 5e+17, 5e+17, 5e+17, 
    5e+17, 5e+17, 5e+17, 5e+17, 5e+17, 5e+17, 5e+17, 5.000001e+17, 5e+17, 
    5.000001e+17, 5e+17, 5e+17, 5e+17, 5e+17, 5e+17, 5e+17, 5e+17, 5e+17, 
    5e+17, 5e+17, 5e+17, 5e+17, 5e+17, 5e+17, 5.000001e+17, 5e+17, 5e+17, 
    5.000001e+17, 5.000001e+17, 5e+17, 5e+17, 5e+17, 5e+17, 5e+17, 5e+17, 
    5e+17, 5e+17, 5e+17, 5.000001e+17, 5e+17, 5e+17, 5e+17, 5.000001e+17, 
    5e+17, 5e+17, 5e+17, 5e+17, 5e+17, 5e+17, 5e+17, 5e+17, 5.000001e+17, 
    5e+17, 5.000001e+17, 5e+17, 5e+17, 5.000001e+17, 5.000001e+17, 5e+17, 
    5e+17, 5e+17, 5e+17, 5.000001e+17, 5e+17, 5e+17, 5e+17, 5e+17, 5e+17, 
    5.000001e+17, 5e+17, 5e+17, 5e+17, 5e+17, 5e+17, 5e+17,
  1.25e+09, 1.25e+09, 1.25e+09, 1.25e+09, 1.25e+09, 1.25e+09, 1.25e+09, 
    1.25e+09, 1.25e+09, 1.25e+09, 1.25e+09, 1.25e+09, 1.25e+09, 1.25e+09, 
    1.25e+09, 1.25e+09, 1.25e+09, 1.250001e+09, 1.250001e+09, 1.250001e+09, 
    1.250001e+09, 1.250002e+09, 1.250002e+09, 1.250003e+09, 1.250004e+09, 
    1.250005e+09, 1.250007e+09, 1.250009e+09, 1.250012e+09, 1.250017e+09, 
    1.250023e+09, 1.25003e+09, 1.25004e+09, 1.250052e+09, 1.250069e+09, 
    1.25009e+09, 1.250117e+09, 1.250151e+09, 1.250194e+09, 1.250247e+09, 
    1.250312e+09, 1.250391e+09, 1.250486e+09, 1.250598e+09, 1.250729e+09, 
    1.250877e+09, 1.251049e+09, 1.251231e+09, 1.251435e+09, 1.251646e+09, 
    1.25186e+09, 1.252081e+09, 1.252278e+09, 1.252477e+09, 1.252635e+09, 
    1.252773e+09, 1.252877e+09, 1.252926e+09, 1.252957e+09, 1.252919e+09, 
    1.252863e+09, 1.252758e+09, 1.252621e+09, 1.252468e+09, 1.252279e+09, 
    1.252093e+09, 1.251887e+09, 1.251688e+09, 1.251492e+09, 1.251302e+09, 
    1.251129e+09, 1.250964e+09, 1.250819e+09, 1.250688e+09, 1.250573e+09, 
    1.250473e+09, 1.250386e+09, 1.250313e+09, 1.250251e+09, 1.2502e+09, 
    1.250158e+09, 1.250124e+09, 1.250096e+09, 1.250074e+09, 1.250056e+09, 
    1.250043e+09, 1.250032e+09, 1.250024e+09, 1.250017e+09, 1.250012e+09, 
    1.250009e+09, 1.250006e+09, 1.250004e+09, 1.250003e+09, 1.250002e+09, 
    1.250001e+09, 1.250001e+09, 1.250001e+09, 1.25e+09, 1.25e+09, 1.25e+09, 
    1.25e+09, 1.25e+09, 1.25e+09, 1.25e+09, 1.25e+09, 1.25e+09, 1.25e+09, 
    1.25e+09, 1.25e+09, 1.25e+09, 1.25e+09, 1.25e+09, 1.25e+09, 1.25e+09, 
    1.25e+09, 1.25e+09, 1.25e+09, 1.25e+09, 1.25e+09, 1.25e+09, 1.25e+09, 
    1.25e+09, 1.25e+09, 1.25e+09, 1.25e+09, 1.25e+09, 1.25e+09, 1.25e+09, 
    1.25e+09, 1.25e+09, 1.25e+09, 1.25e+09, 1.25e+09, 1.25e+09, 1.25e+09, 
    1.25e+09, 1.25e+09, 1.25e+09, 1.25e+09, 1.25e+09, 1.25e+09, 1.25e+09, 
    1.25e+09, 1.25e+09, 1.25e+09, 1.25e+09, 1.25e+09, 1.25e+09, 1.25e+09, 
    1.25e+09, 1.25e+09, 1.25e+09, 1.25e+09, 1.25e+09, 1.25e+09, 1.25e+09, 
    1.25e+09, 1.25e+09, 1.25e+09, 1.25e+09, 1.25e+09, 1.25e+09, 1.25e+09, 
    1.25e+09, 1.25e+09, 1.25e+09, 1.25e+09, 1.25e+09, 1.25e+09, 1.25e+09, 
    1.25e+09, 1.25e+09, 1.25e+09, 1.25e+09, 1.25e+09, 1.25e+09, 1.25e+09, 
    1.25e+09, 1.25e+09, 1.25e+09, 1.25e+09, 1.25e+09, 1.25e+09, 1.25e+09, 
    1.25e+09, 1.25e+09, 1.25e+09, 1.25e+09, 1.25e+09, 1.25e+09, 1.25e+09, 
    1.25e+09, 1.25e+09, 1.25e+09, 1.25e+09, 1.25e+09, 1.25e+09, 1.25e+09, 
    1.25e+09, 1.25e+09, 1.25e+09, 1.25e+09, 1.25e+09, 1.25e+09, 1.25e+09, 
    1.25e+09, 1.25e+09, 1.25e+09, 1.25e+09, 1.25e+09, 1.25e+09, 1.25e+09, 
    1.25e+09, 1.25e+09, 1.25e+09, 1.25e+09, 1.25e+09, 1.25e+09, 1.25e+09, 
    1.25e+09, 1.25e+09, 1.25e+09, 1.25e+09, 1.25e+09, 1.25e+09, 1.25e+09, 
    1.25e+09, 1.25e+09, 1.25e+09, 1.25e+09, 1.25e+09, 1.25e+09, 1.25e+09, 
    1.25e+09, 1.25e+09, 1.25e+09, 1.25e+09, 1.25e+09, 1.25e+09, 1.25e+09, 
    1.25e+09, 1.25e+09, 1.25e+09, 1.25e+09, 1.25e+09, 1.25e+09, 1.25e+09, 
    1.25e+09, 1.25e+09, 1.25e+09, 1.25e+09, 1.25e+09, 1.25e+09, 1.25e+09, 
    1.25e+09,
  2.500001e+15, 2.500001e+15, 2.500001e+15, 2.500001e+15, 2.500001e+15, 
    2.500001e+15, 2.500001e+15, 2.500001e+15, 2.500001e+15, 2.500001e+15, 
    2.500001e+15, 2.500001e+15, 2.500001e+15, 2.500001e+15, 2.500001e+15, 
    2.500001e+15, 2.500001e+15, 2.500001e+15, 2.500002e+15, 2.500002e+15, 
    2.500003e+15, 2.500004e+15, 2.500007e+15, 2.500008e+15, 2.500011e+15, 
    2.500015e+15, 2.500021e+15, 2.500028e+15, 2.500038e+15, 2.500051e+15, 
    2.500069e+15, 2.500092e+15, 2.500122e+15, 2.500162e+15, 2.500213e+15, 
    2.500278e+15, 2.500362e+15, 2.500466e+15, 2.500596e+15, 2.500759e+15, 
    2.500958e+15, 2.501203e+15, 2.50149e+15, 2.501829e+15, 2.502231e+15, 
    2.502685e+15, 2.50321e+15, 2.50377e+15, 2.504394e+15, 2.505039e+15, 
    2.505694e+15, 2.506369e+15, 2.506971e+15, 2.50758e+15, 2.508066e+15, 
    2.508489e+15, 2.508806e+15, 2.508957e+15, 2.509053e+15, 2.508934e+15, 
    2.508763e+15, 2.508441e+15, 2.508024e+15, 2.507555e+15, 2.506976e+15, 
    2.506406e+15, 2.505777e+15, 2.505165e+15, 2.504566e+15, 2.503984e+15, 
    2.503454e+15, 2.502952e+15, 2.502508e+15, 2.502107e+15, 2.501752e+15, 
    2.501447e+15, 2.501182e+15, 2.500976e+15, 2.500793e+15, 2.500639e+15, 
    2.500508e+15, 2.500399e+15, 2.500311e+15, 2.50024e+15, 2.500182e+15, 
    2.500138e+15, 2.500102e+15, 2.500074e+15, 2.500054e+15, 2.500038e+15, 
    2.500028e+15, 2.500019e+15, 2.500014e+15, 2.50001e+15, 2.500007e+15, 
    2.500005e+15, 2.500003e+15, 2.500002e+15, 2.500001e+15, 2.500001e+15, 
    2.5e+15, 2.5e+15, 2.5e+15, 2.5e+15, 2.5e+15, 2.5e+15, 2.5e+15, 2.5e+15, 
    2.5e+15, 2.5e+15, 2.5e+15, 2.5e+15, 2.5e+15, 2.5e+15, 2.5e+15, 2.5e+15, 
    2.5e+15, 2.5e+15, 2.5e+15, 2.5e+15, 2.5e+15, 2.5e+15, 2.5e+15, 2.5e+15, 
    2.5e+15, 2.5e+15, 2.5e+15, 2.5e+15, 2.5e+15, 2.5e+15, 2.5e+15, 2.5e+15, 
    2.5e+15, 2.5e+15, 2.5e+15, 2.5e+15, 2.5e+15, 2.5e+15, 2.5e+15, 2.5e+15, 
    2.5e+15, 2.5e+15, 2.5e+15, 2.5e+15, 2.5e+15, 2.5e+15, 2.5e+15, 2.5e+15, 
    2.5e+15, 2.5e+15, 2.5e+15, 2.5e+15, 2.5e+15, 2.5e+15, 2.5e+15, 2.5e+15, 
    2.5e+15, 2.5e+15, 2.5e+15, 2.5e+15, 2.5e+15, 2.5e+15, 2.5e+15, 2.5e+15, 
    2.5e+15, 2.5e+15, 2.5e+15, 2.5e+15, 2.5e+15, 2.5e+15, 2.5e+15, 2.5e+15, 
    2.5e+15, 2.5e+15, 2.5e+15, 2.5e+15, 2.5e+15, 2.5e+15, 2.5e+15, 2.5e+15, 
    2.5e+15, 2.5e+15, 2.5e+15, 2.5e+15, 2.5e+15, 2.5e+15, 2.5e+15, 2.5e+15, 
    2.5e+15, 2.5e+15, 2.5e+15, 2.5e+15, 2.5e+15, 2.5e+15, 2.5e+15, 2.5e+15, 
    2.5e+15, 2.5e+15, 2.5e+15, 2.5e+15, 2.5e+15, 2.5e+15, 2.5e+15, 2.5e+15, 
    2.5e+15, 2.5e+15, 2.5e+15, 2.5e+15, 2.5e+15, 2.5e+15, 2.5e+15, 2.5e+15, 
    2.5e+15, 2.5e+15, 2.5e+15, 2.5e+15, 2.5e+15, 2.5e+15, 2.5e+15, 2.5e+15, 
    2.5e+15, 2.5e+15, 2.5e+15, 2.5e+15, 2.5e+15, 2.5e+15, 2.5e+15, 2.5e+15, 
    2.5e+15, 2.5e+15, 2.5e+15, 2.5e+15, 2.5e+15, 2.5e+15, 2.5e+15, 2.5e+15, 
    2.5e+15, 2.5e+15, 2.5e+15, 2.5e+15, 2.5e+15, 2.5e+15, 2.5e+15, 2.5e+15, 
    2.5e+15, 2.5e+15, 2.5e+15, 2.5e+15, 2.5e+15, 2.5e+15, 2.5e+15, 2.5e+15, 
    2.5e+15, 2.5e+15, 2.5e+15, 2.5e+15,
  1.25e+09, 1.25e+09, 1.25e+09, 1.25e+09, 1.25e+09, 1.25e+09, 1.25e+09, 
    1.25e+09, 1.25e+09, 1.25e+09, 1.25e+09, 1.25e+09, 1.25e+09, 1.25e+09, 
    1.25e+09, 1.25e+09, 1.25e+09, 1.250001e+09, 1.250001e+09, 1.250001e+09, 
    1.250001e+09, 1.250002e+09, 1.250002e+09, 1.250003e+09, 1.250004e+09, 
    1.250005e+09, 1.250007e+09, 1.250009e+09, 1.250012e+09, 1.250017e+09, 
    1.250023e+09, 1.25003e+09, 1.25004e+09, 1.250052e+09, 1.250069e+09, 
    1.25009e+09, 1.250117e+09, 1.250151e+09, 1.250194e+09, 1.250247e+09, 
    1.250312e+09, 1.250391e+09, 1.250486e+09, 1.250598e+09, 1.250729e+09, 
    1.250877e+09, 1.251049e+09, 1.251231e+09, 1.251435e+09, 1.251646e+09, 
    1.25186e+09, 1.252081e+09, 1.252278e+09, 1.252477e+09, 1.252635e+09, 
    1.252773e+09, 1.252877e+09, 1.252926e+09, 1.252957e+09, 1.252919e+09, 
    1.252863e+09, 1.252758e+09, 1.252621e+09, 1.252468e+09, 1.252279e+09, 
    1.252093e+09, 1.251887e+09, 1.251688e+09, 1.251492e+09, 1.251302e+09, 
    1.251129e+09, 1.250964e+09, 1.250819e+09, 1.250688e+09, 1.250573e+09, 
    1.250473e+09, 1.250386e+09, 1.250313e+09, 1.250251e+09, 1.2502e+09, 
    1.250158e+09, 1.250124e+09, 1.250096e+09, 1.250074e+09, 1.250056e+09, 
    1.250043e+09, 1.250032e+09, 1.250024e+09, 1.250017e+09, 1.250012e+09, 
    1.250009e+09, 1.250006e+09, 1.250004e+09, 1.250003e+09, 1.250002e+09, 
    1.250001e+09, 1.250001e+09, 1.250001e+09, 1.25e+09, 1.25e+09, 1.25e+09, 
    1.25e+09, 1.25e+09, 1.25e+09, 1.25e+09, 1.25e+09, 1.25e+09, 1.25e+09, 
    1.25e+09, 1.25e+09, 1.25e+09, 1.25e+09, 1.25e+09, 1.25e+09, 1.25e+09, 
    1.25e+09, 1.25e+09, 1.25e+09, 1.25e+09, 1.25e+09, 1.25e+09, 1.25e+09, 
    1.25e+09, 1.25e+09, 1.25e+09, 1.25e+09, 1.25e+09, 1.25e+09, 1.25e+09, 
    1.25e+09, 1.25e+09, 1.25e+09, 1.25e+09, 1.25e+09, 1.25e+09, 1.25e+09, 
    1.25e+09, 1.25e+09, 1.25e+09, 1.25e+09, 1.25e+09, 1.25e+09, 1.25e+09, 
    1.25e+09, 1.25e+09, 1.25e+09, 1.25e+09, 1.25e+09, 1.25e+09, 1.25e+09, 
    1.25e+09, 1.25e+09, 1.25e+09, 1.25e+09, 1.25e+09, 1.25e+09, 1.25e+09, 
    1.25e+09, 1.25e+09, 1.25e+09, 1.25e+09, 1.25e+09, 1.25e+09, 1.25e+09, 
    1.25e+09, 1.25e+09, 1.25e+09, 1.25e+09, 1.25e+09, 1.25e+09, 1.25e+09, 
    1.25e+09, 1.25e+09, 1.25e+09, 1.25e+09, 1.25e+09, 1.25e+09, 1.25e+09, 
    1.25e+09, 1.25e+09, 1.25e+09, 1.25e+09, 1.25e+09, 1.25e+09, 1.25e+09, 
    1.25e+09, 1.25e+09, 1.25e+09, 1.25e+09, 1.25e+09, 1.25e+09, 1.25e+09, 
    1.25e+09, 1.25e+09, 1.25e+09, 1.25e+09, 1.25e+09, 1.25e+09, 1.25e+09, 
    1.25e+09, 1.25e+09, 1.25e+09, 1.25e+09, 1.25e+09, 1.25e+09, 1.25e+09, 
    1.25e+09, 1.25e+09, 1.25e+09, 1.25e+09, 1.25e+09, 1.25e+09, 1.25e+09, 
    1.25e+09, 1.25e+09, 1.25e+09, 1.25e+09, 1.25e+09, 1.25e+09, 1.25e+09, 
    1.25e+09, 1.25e+09, 1.25e+09, 1.25e+09, 1.25e+09, 1.25e+09, 1.25e+09, 
    1.25e+09, 1.25e+09, 1.25e+09, 1.25e+09, 1.25e+09, 1.25e+09, 1.25e+09, 
    1.25e+09, 1.25e+09, 1.25e+09, 1.25e+09, 1.25e+09, 1.25e+09, 1.25e+09, 
    1.25e+09, 1.25e+09, 1.25e+09, 1.25e+09, 1.25e+09, 1.25e+09, 1.25e+09, 
    1.25e+09, 1.25e+09, 1.25e+09, 1.25e+09, 1.25e+09, 1.25e+09, 1.25e+09, 
    1.25e+09,
  1.5e+14, 1.5e+14, 1.5e+14, 1.5e+14, 1.5e+14, 1.5e+14, 1.5e+14, 1.5e+14, 
    1.5e+14, 1.5e+14, 1.5e+14, 1.5e+14, 1.5e+14, 1.5e+14, 1.5e+14, 1.5e+14, 
    1.500001e+14, 1.500001e+14, 1.500001e+14, 1.500001e+14, 1.500002e+14, 
    1.500002e+14, 1.500003e+14, 1.500004e+14, 1.500005e+14, 1.500007e+14, 
    1.50001e+14, 1.500013e+14, 1.500017e+14, 1.500023e+14, 1.500031e+14, 
    1.500041e+14, 1.500055e+14, 1.500073e+14, 1.500096e+14, 1.500125e+14, 
    1.500162e+14, 1.500209e+14, 1.500267e+14, 1.500341e+14, 1.50043e+14, 
    1.50054e+14, 1.500669e+14, 1.500823e+14, 1.501004e+14, 1.501208e+14, 
    1.501444e+14, 1.501696e+14, 1.501977e+14, 1.502267e+14, 1.502562e+14, 
    1.502865e+14, 1.503137e+14, 1.503411e+14, 1.503629e+14, 1.503819e+14, 
    1.503962e+14, 1.50403e+14, 1.504073e+14, 1.50402e+14, 1.503943e+14, 
    1.503798e+14, 1.50361e+14, 1.503399e+14, 1.503139e+14, 1.502882e+14, 
    1.502599e+14, 1.502324e+14, 1.502054e+14, 1.501793e+14, 1.501554e+14, 
    1.501328e+14, 1.501128e+14, 1.500948e+14, 1.500789e+14, 1.500651e+14, 
    1.500532e+14, 1.500434e+14, 1.50035e+14, 1.50028e+14, 1.500221e+14, 
    1.500173e+14, 1.500135e+14, 1.500104e+14, 1.500079e+14, 1.50006e+14, 
    1.500045e+14, 1.500033e+14, 1.500024e+14, 1.500017e+14, 1.500012e+14, 
    1.500009e+14, 1.500006e+14, 1.500004e+14, 1.500003e+14, 1.500002e+14, 
    1.500002e+14, 1.500001e+14, 1.500001e+14, 1.5e+14, 1.5e+14, 1.5e+14, 
    1.5e+14, 1.5e+14, 1.5e+14, 1.5e+14, 1.5e+14, 1.5e+14, 1.5e+14, 1.5e+14, 
    1.5e+14, 1.5e+14, 1.5e+14, 1.5e+14, 1.5e+14, 1.5e+14, 1.5e+14, 1.5e+14, 
    1.5e+14, 1.5e+14, 1.5e+14, 1.5e+14, 1.5e+14, 1.5e+14, 1.5e+14, 1.5e+14, 
    1.5e+14, 1.5e+14, 1.5e+14, 1.5e+14, 1.5e+14, 1.5e+14, 1.5e+14, 1.5e+14, 
    1.5e+14, 1.5e+14, 1.5e+14, 1.5e+14, 1.5e+14, 1.5e+14, 1.5e+14, 1.5e+14, 
    1.5e+14, 1.5e+14, 1.5e+14, 1.5e+14, 1.5e+14, 1.5e+14, 1.5e+14, 1.5e+14, 
    1.5e+14, 1.5e+14, 1.5e+14, 1.5e+14, 1.5e+14, 1.5e+14, 1.5e+14, 1.5e+14, 
    1.5e+14, 1.5e+14, 1.5e+14, 1.5e+14, 1.5e+14, 1.5e+14, 1.5e+14, 1.5e+14, 
    1.5e+14, 1.5e+14, 1.5e+14, 1.5e+14, 1.5e+14, 1.5e+14, 1.5e+14, 1.5e+14, 
    1.5e+14, 1.5e+14, 1.5e+14, 1.5e+14, 1.5e+14, 1.5e+14, 1.5e+14, 1.5e+14, 
    1.5e+14, 1.5e+14, 1.5e+14, 1.5e+14, 1.5e+14, 1.5e+14, 1.5e+14, 1.5e+14, 
    1.5e+14, 1.5e+14, 1.5e+14, 1.5e+14, 1.5e+14, 1.5e+14, 1.5e+14, 1.5e+14, 
    1.5e+14, 1.5e+14, 1.5e+14, 1.5e+14, 1.5e+14, 1.5e+14, 1.5e+14, 1.5e+14, 
    1.5e+14, 1.5e+14, 1.5e+14, 1.5e+14, 1.5e+14, 1.5e+14, 1.5e+14, 1.5e+14, 
    1.5e+14, 1.5e+14, 1.5e+14, 1.5e+14, 1.5e+14, 1.5e+14, 1.5e+14, 1.5e+14, 
    1.5e+14, 1.5e+14, 1.5e+14, 1.5e+14, 1.5e+14, 1.5e+14, 1.5e+14, 1.5e+14, 
    1.5e+14, 1.5e+14, 1.5e+14, 1.5e+14, 1.5e+14, 1.5e+14, 1.5e+14, 1.5e+14, 
    1.5e+14, 1.5e+14, 1.5e+14, 1.5e+14, 1.5e+14, 1.5e+14, 1.5e+14, 1.5e+14, 
    1.5e+14, 1.5e+14, 1.5e+14, 1.5e+14, 1.5e+14, 1.5e+14, 1.5e+14, 1.5e+14, 
    1.5e+14, 1.5e+14,
